0 0.5576171875 0.1328125 0.03125 0.056640625
0 0.5498046875 0.244140625 0.0576171875 0.0888671875
0 0.5546875 0.439453125 0.0859375 0.1767578125
0 0.4169921875 0.1142578125 0.0380859375 0.0634765625
2 0.5634765625 0.181640625 0.01953125 0.048828125
2 0.6162109375 0.146484375 0.0107421875 0.0322265625
2 0.5380859375 0.1083984375 0.0146484375 0.0390625
0 0.4296875 0.44140625 0.095703125 0.20703125
2 0.708984375 0.58984375 0.029296875 0.0830078125
0 0.67578125 0.4306640625 0.1005859375 0.2001953125
2 0.5517578125 0.955078125 0.064453125 0.0888671875
0 0.33203125 0.080078125 0.0341796875 0.0556640625
2 0.84765625 0.7060546875 0.033203125 0.1015625
0 0.43359375 0.025390625 0.0263671875 0.03515625
2 0.61328125 0.390625 0.0439453125 0.1162109375
2 0.8857421875 0.9306640625 0.0556640625 0.1357421875
2 0.767578125 0.5283203125 0.0361328125 0.0849609375
0 0.16015625 0.212890625 0.0791015625 0.10546875
2 0.73046875 0.486328125 0.0322265625 0.08984375
0 0.5048828125 0.03515625 0.025390625 0.03515625
2 0.755859375 0.453125 0.0205078125 0.0634765625
0 0.5146484375 0.0869140625 0.0205078125 0.0625
2 0.59765625 0.255859375 0.03515625 0.072265625
0 0.2822265625 0.83984375 0.2158203125 0.3056640625
0 0.5966796875 0.693359375 0.1474609375 0.3916015625
0 0.779296875 0.7744140625 0.16796875 0.4208984375
0 0.4814453125 0.0126953125 0.02734375 0.025390625
3 0.4736328125 0.083984375 0.0849609375 0.134765625
3 0.3818359375 0.24609375 0.087890625 0.212890625