2 0.6123046875 0.3681640625 0.01953125 0.0751953125
2 0.7724609375 0.4287109375 0.046875 0.09765625
0 0.533203125 0.2451171875 0.056640625 0.1044921875
0 0.4150390625 0.0947265625 0.04296875 0.0751953125
2 0.6044921875 0.2666015625 0.0205078125 0.072265625
0 0.548828125 0.390625 0.07421875 0.1845703125
0 0.4423828125 0.03125 0.025390625 0.0537109375
0 0.390625 0.1884765625 0.0556640625 0.1025390625
0 0.4609375 0.25 0.0634765625 0.111328125
3 0.5244140625 0.076171875 0.0546875 0.142578125
0 0.6259765625 0.673828125 0.1181640625 0.3427734375
3 0.2626953125 0.04296875 0.0595703125 0.078125
3 0.7880859375 0.7509765625 0.2529296875 0.486328125
3 0.2333984375 0.525390625 0.2841796875 0.7265625