2 0.2705078125 0.1591796875 0.017578125 0.04296875
0 0.35546875 0.076171875 0.033203125 0.0498046875
2 0.58203125 0.357421875 0.02734375 0.0732421875
2 0.3330078125 0.04296875 0.0126953125 0.0302734375
0 0.314453125 0.1376953125 0.03125 0.05859375
2 0.271484375 0.1259765625 0.015625 0.037109375
0 0.1181640625 0.287109375 0.0712890625 0.1015625
2 0.2900390625 0.1962890625 0.0087890625 0.0390625
0 0.482421875 0.013671875 0.02734375 0.0263671875
2 0.228515625 0.2216796875 0.01953125 0.048828125
0 0.4296875 0.443359375 0.095703125 0.2109375
2 0.3046875 0.0537109375 0.01171875 0.0322265625
0 0.43359375 0.01953125 0.01953125 0.02734375
2 0.5244140625 0.1259765625 0.0185546875 0.0517578125
2 0.546875 0.224609375 0.02734375 0.072265625
2 0.3857421875 0.025390625 0.013671875 0.03515625
2 0.5771484375 0.275390625 0.0205078125 0.056640625
0 0.232421875 0.15234375 0.0224609375 0.052734375
3 0.3837890625 0.232421875 0.0908203125 0.2265625
0 0.4189453125 0.1162109375 0.04296875 0.076171875
0 0.57421875 0.1845703125 0.041015625 0.072265625
0 0.4345703125 0.0537109375 0.03125 0.0458984375
2 0.2880859375 0.0615234375 0.0185546875 0.0322265625
2 0.5361328125 0.310546875 0.02734375 0.08203125
2 0.40234375 0.0224609375 0.0107421875 0.029296875
2 0.337890625 0.22265625 0.0146484375 0.052734375
2 0.5185546875 0.8681640625 0.060546875 0.2001953125
2 0.6689453125 0.7177734375 0.048828125 0.1318359375
0 0.357421875 0.0166015625 0.017578125 0.025390625
2 0.5712890625 0.134765625 0.0234375 0.0390625
0 0.5205078125 0.080078125 0.021484375 0.046875
3 0.25 0.552734375 0.25 0.5361328125
2 0.291015625 0.162109375 0.0107421875 0.037109375
2 0.3759765625 0.4375 0.0419921875 0.169921875
3 0.4140625 0.0107421875 0.01953125 0.0205078125
0 0.8857421875 0.8154296875 0.05859375 0.349609375
0 0.5283203125 0.0322265625 0.0224609375 0.0361328125
3 0.47265625 0.0927734375 0.083984375 0.150390625