0 0.53515625 0.2080078125 0.0517578125 0.0947265625
0 0.5234375 0.1220703125 0.03125 0.0693359375
3 0.3115234375 0.1015625 0.03515625 0.0751953125
0 0.27734375 0.0849609375 0.03515625 0.072265625
2 0.2734375 0.1240234375 0.0146484375 0.0322265625
0 0.41796875 0.111328125 0.04296875 0.091796875
0 0.26953125 0.1884765625 0.0498046875 0.0849609375
0 0.3125 0.041015625 0.02734375 0.03515625
2 0.578125 0.1474609375 0.0185546875 0.0595703125
0 0.16796875 0.283203125 0.0849609375 0.1337890625
0 0.3515625 0.064453125 0.0263671875 0.0595703125
0 0.5390625 0.060546875 0.025390625 0.0537109375
0 0.603515625 0.3447265625 0.06640625 0.1474609375
2 0.2109375 0.1962890625 0.0185546875 0.0498046875
2 0.5927734375 0.23828125 0.0234375 0.0517578125
0 0.4345703125 0.041015625 0.03125 0.048828125
0 0.4365234375 0.6240234375 0.13671875 0.341796875
2 0.5458984375 0.322265625 0.0244140625 0.0947265625
2 0.1162109375 0.244140625 0.01953125 0.0615234375
0 0.4775390625 0.013671875 0.02734375 0.0263671875
2 0.517578125 0.04296875 0.01171875 0.0302734375
3 0.3828125 0.24609375 0.0888671875 0.2587890625
2 0.5810546875 0.193359375 0.013671875 0.046875
3 0.349609375 0.01953125 0.017578125 0.0361328125
0 0.51171875 0.015625 0.01953125 0.0302734375
0 0.603515625 0.5439453125 0.107421875 0.2294921875
0 0.2822265625 0.8427734375 0.208984375 0.3037109375
3 0.462890625 0.2275390625 0.1064453125 0.4287109375