0 0.51171875 0.1162109375 0.02734375 0.072265625
0 0.5888671875 0.22265625 0.052734375 0.1015625
0 0.5341796875 0.228515625 0.048828125 0.109375
2 0.5166015625 0.173828125 0.013671875 0.04296875
0 0.583984375 0.5107421875 0.12109375 0.259765625
0 0.44140625 0.03125 0.0224609375 0.0517578125
0 0.408203125 0.12109375 0.0419921875 0.080078125
2 0.564453125 0.1767578125 0.015625 0.056640625
2 0.5458984375 0.0830078125 0.009765625 0.0400390625
0 0.513671875 0.0693359375 0.033203125 0.0390625
0 0.46484375 0.2119140625 0.0625 0.107421875
0 0.38671875 0.197265625 0.0517578125 0.1220703125
0 0.400390625 0.0302734375 0.0224609375 0.04296875
0 0.3837890625 0.0390625 0.015625 0.033203125
0 0.26953125 0.150390625 0.0478515625 0.0361328125
0 0.3486328125 0.3046875 0.0478515625 0.16796875
3 0.7890625 0.75 0.2470703125 0.4833984375
3 0.5078125 0.0302734375 0.033203125 0.0595703125