2 0.66796875 0.41015625 0.02734375 0.0947265625
0 0.53515625 0.1748046875 0.05078125 0.080078125
2 0.611328125 0.3642578125 0.02734375 0.0947265625
2 0.76171875 0.466796875 0.0302734375 0.1083984375
0 0.556640625 0.4404296875 0.08203125 0.1474609375
0 0.50390625 0.0146484375 0.01953125 0.029296875
2 0.533203125 0.09765625 0.021484375 0.052734375
0 0.5361328125 0.0244140625 0.0244140625 0.0322265625
0 0.5810546875 0.1875 0.05078125 0.1083984375
0 0.43359375 0.0234375 0.0263671875 0.033203125
0 0.431640625 0.416015625 0.0888671875 0.1650390625
2 0.5556640625 0.1396484375 0.0166015625 0.0517578125
0 0.5546875 0.306640625 0.0771484375 0.1787109375
2 0.7314453125 0.5302734375 0.03515625 0.0927734375
0 0.478515625 0.0126953125 0.0263671875 0.025390625
0 0.416015625 0.1123046875 0.0458984375 0.072265625
2 0.5185546875 0.5615234375 0.0419921875 0.119140625
0 0.5947265625 0.693359375 0.1474609375 0.380859375
2 0.5703125 0.12109375 0.0146484375 0.0361328125
0 0.435546875 0.626953125 0.134765625 0.3427734375
2 0.6015625 0.4716796875 0.0234375 0.0654296875
2 0.60546875 0.3017578125 0.02734375 0.0595703125
2 0.68359375 0.66796875 0.0517578125 0.1611328125
0 0.7783203125 0.7802734375 0.16796875 0.4150390625
0 0.2841796875 0.837890625 0.21484375 0.306640625
3 0.3818359375 0.2392578125 0.08984375 0.2275390625
3 0.4736328125 0.0849609375 0.08203125 0.140625