2 0.6953125 0.4853515625 0.033203125 0.107421875
0 0.4111328125 0.09375 0.0439453125 0.0712890625
2 0.728515625 0.74609375 0.0478515625 0.1640625
2 0.5595703125 0.19140625 0.0185546875 0.0634765625
2 0.5517578125 0.806640625 0.05078125 0.18359375
0 0.5322265625 0.1181640625 0.033203125 0.06640625
2 0.6123046875 0.3984375 0.0263671875 0.091796875
0 0.4375 0.3349609375 0.078125 0.18359375
0 0.435546875 0.6240234375 0.1328125 0.345703125
0 0.443359375 0.041015625 0.0390625 0.068359375
0 0.5390625 0.337890625 0.072265625 0.1748046875
3 0.47265625 0.12890625 0.0517578125 0.1455078125
2 0.5625 0.134765625 0.01171875 0.0390625
3 0.5263671875 0.048828125 0.0380859375 0.0927734375
0 0.28125 0.8427734375 0.2197265625 0.30859375
3 0.2607421875 0.4873046875 0.2353515625 0.5751953125
0 0.6220703125 0.568359375 0.1083984375 0.240234375