0 0.5048828125 0.0751953125 0.0263671875 0.046875
0 0.521484375 0.1201171875 0.033203125 0.0537109375
0 0.408203125 0.4150390625 0.095703125 0.2138671875
0 0.3818359375 0.1875 0.0537109375 0.1162109375
0 0.44140625 0.0283203125 0.029296875 0.04296875
0 0.46484375 0.0400390625 0.02734375 0.033203125
0 0.5009765625 0.0205078125 0.033203125 0.0400390625
0 0.396484375 0.1240234375 0.01953125 0.0400390625
0 0.474609375 0.013671875 0.015625 0.0234375
3 0.4423828125 0.197265625 0.1005859375 0.302734375
0 0.4951171875 0.173828125 0.02734375 0.1123046875
3 0.3125 0.333984375 0.119140625 0.3095703125
3 0.5712890625 0.443359375 0.185546875 0.5693359375
3 0.2734375 0.0576171875 0.037109375 0.0400390625