2 0.62890625 0.3115234375 0.0234375 0.078125
0 0.5498046875 0.16796875 0.0439453125 0.0888671875
0 0.513671875 0.0576171875 0.0263671875 0.048828125
2 0.37109375 0.0751953125 0.0107421875 0.0361328125
0 0.416015625 0.0888671875 0.0439453125 0.0556640625
2 0.2783203125 0.1328125 0.0126953125 0.0400390625
2 0.5302734375 0.0400390625 0.009765625 0.02734375
0 0.5703125 0.2822265625 0.0625 0.12890625
2 0.33984375 0.044921875 0.015625 0.03515625
0 0.5185546875 0.12890625 0.0390625 0.0830078125
0 0.357421875 0.30078125 0.0732421875 0.1484375
2 0.7578125 0.5771484375 0.04296875 0.1376953125
3 0.5126953125 0.0205078125 0.021484375 0.0400390625
0 0.4501953125 0.3662109375 0.080078125 0.171875
0 0.45703125 0.0224609375 0.017578125 0.0390625
0 0.4375 0.0537109375 0.02734375 0.0458984375
0 0.4931640625 0.013671875 0.017578125 0.0263671875
0 0.4033203125 0.15234375 0.0419921875 0.08984375
0 0.4775390625 0.015625 0.017578125 0.029296875
0 0.46484375 0.0859375 0.0283203125 0.0361328125
2 0.306640625 0.06640625 0.0146484375 0.0322265625
0 0.2646484375 0.6044921875 0.13671875 0.3154296875
0 0.1328125 0.8115234375 0.1044921875 0.3720703125
0 0.646484375 0.7587890625 0.1416015625 0.3837890625