0 0.55078125 0.1015625 0.03125 0.0634765625
0 0.5556640625 0.443359375 0.0830078125 0.1875
0 0.55078125 0.234375 0.056640625 0.080078125
2 0.5166015625 0.5537109375 0.0478515625 0.14453125
2 0.75 0.513671875 0.0439453125 0.0986328125
2 0.435546875 0.9296875 0.0732421875 0.1318359375
0 0.427734375 0.4453125 0.095703125 0.21484375
2 0.5302734375 0.0771484375 0.0224609375 0.0625
2 0.515625 0.2587890625 0.0234375 0.0732421875
0 0.6787109375 0.4384765625 0.0947265625 0.220703125
2 0.6142578125 0.373046875 0.04296875 0.1259765625
0 0.5 0.0166015625 0.0302734375 0.033203125
2 0.3720703125 0.4501953125 0.033203125 0.1337890625
0 0.59765625 0.6943359375 0.15234375 0.3857421875
2 0.8876953125 0.9228515625 0.0498046875 0.1484375
2 0.6220703125 0.4794921875 0.029296875 0.0654296875
0 0.2822265625 0.8388671875 0.21875 0.30859375
0 0.4169921875 0.1142578125 0.048828125 0.0712890625
2 0.7216796875 0.44140625 0.0234375 0.0634765625
0 0.5390625 0.171875 0.0478515625 0.06640625
3 0.3828125 0.24609375 0.08984375 0.21484375
3 0.4736328125 0.0849609375 0.0830078125 0.140625
0 0.77734375 0.767578125 0.1689453125 0.4169921875
0 0.431640625 0.0556640625 0.037109375 0.0615234375
0 0.525390625 0.02734375 0.0341796875 0.0498046875
0 0.4453125 0.0166015625 0.02734375 0.033203125