2 0.61328125 0.3447265625 0.0244140625 0.078125
2 0.7900390625 0.462890625 0.033203125 0.1025390625
2 0.595703125 0.1787109375 0.015625 0.046875
2 0.5810546875 0.171875 0.0146484375 0.04296875
0 0.55078125 0.224609375 0.0556640625 0.109375
2 0.7529296875 0.4228515625 0.0283203125 0.0791015625
2 0.59765625 0.2265625 0.015625 0.0556640625
0 0.50390625 0.060546875 0.0224609375 0.0537109375
2 0.66015625 0.5009765625 0.03125 0.08203125
0 0.412109375 0.1142578125 0.041015625 0.0830078125
2 0.62109375 0.142578125 0.0146484375 0.037109375
0 0.4423828125 0.033203125 0.0234375 0.052734375
2 0.6103515625 0.8203125 0.1025390625 0.109375
0 0.5703125 0.51171875 0.083984375 0.2099609375
0 0.38671875 0.1962890625 0.0498046875 0.109375
0 0.5400390625 0.0634765625 0.056640625 0.0634765625
3 0.234375 0.5263671875 0.2900390625 0.7275390625