0 0.4609375 0.189453125 0.052734375 0.1044921875
0 0.373046875 0.203125 0.0712890625 0.1240234375
0 0.5400390625 0.201171875 0.05078125 0.107421875
0 0.416015625 0.1064453125 0.0419921875 0.0849609375
0 0.568359375 0.2939453125 0.0732421875 0.1484375
0 0.49609375 0.318359375 0.0615234375 0.158203125
3 0.4658203125 0.08984375 0.044921875 0.1015625
0 0.5234375 0.1328125 0.0419921875 0.0732421875
0 0.50390625 0.013671875 0.01953125 0.02734375
0 0.5205078125 0.05859375 0.02734375 0.0390625
0 0.5009765625 0.0517578125 0.01953125 0.0322265625
0 0.2939453125 0.4365234375 0.0986328125 0.197265625
0 0.474609375 0.025390625 0.01953125 0.0224609375
0 0.2216796875 0.6357421875 0.1455078125 0.294921875
0 0.3994140625 0.609375 0.12109375 0.287109375
0 0.4384765625 0.052734375 0.02734375 0.0634765625
0 0.3583984375 0.044921875 0.02734375 0.046875
0 0.4501953125 0.0146484375 0.0205078125 0.0263671875
2 0.564453125 0.6865234375 0.048828125 0.142578125