0 0.5888671875 0.2041015625 0.056640625 0.125
0 0.5029296875 0.0244140625 0.01953125 0.0205078125
2 0.6083984375 0.37890625 0.0283203125 0.0859375
0 0.5380859375 0.1748046875 0.0556640625 0.0888671875
0 0.5556640625 0.443359375 0.0810546875 0.1455078125
0 0.53515625 0.0244140625 0.025390625 0.0322265625
0 0.4296875 0.423828125 0.0888671875 0.173828125
2 0.521484375 0.5634765625 0.0478515625 0.1279296875
0 0.43359375 0.0263671875 0.0263671875 0.033203125
0 0.4794921875 0.0126953125 0.025390625 0.025390625
2 0.76171875 0.4658203125 0.033203125 0.109375
0 0.515625 0.0849609375 0.017578125 0.0634765625
0 0.4189453125 0.099609375 0.046875 0.0849609375
2 0.578125 0.1337890625 0.021484375 0.048828125
0 0.43359375 0.626953125 0.1328125 0.3427734375
0 0.5986328125 0.693359375 0.146484375 0.3876953125
2 0.5322265625 0.0908203125 0.0185546875 0.04296875
2 0.328125 0.216796875 0.029296875 0.072265625
2 0.34765625 0.6416015625 0.0400390625 0.1220703125
0 0.5546875 0.30078125 0.068359375 0.1259765625
0 0.283203125 0.8408203125 0.2138671875 0.306640625
0 0.78125 0.775390625 0.1689453125 0.4208984375
3 0.47265625 0.087890625 0.0830078125 0.140625
3 0.380859375 0.2470703125 0.087890625 0.216796875