2 0.7900390625 0.4638671875 0.029296875 0.1025390625
2 0.6611328125 0.5078125 0.0322265625 0.0791015625
0 0.5322265625 0.2470703125 0.056640625 0.10546875
0 0.4111328125 0.1142578125 0.0380859375 0.076171875
0 0.572265625 0.5107421875 0.087890625 0.2138671875
0 0.50390625 0.0625 0.021484375 0.0556640625
0 0.44140625 0.029296875 0.021484375 0.046875
2 0.619140625 0.44921875 0.029296875 0.087890625
0 0.3857421875 0.1982421875 0.05078125 0.109375
3 0.5400390625 0.09765625 0.0615234375 0.1259765625
0 0.40625 0.015625 0.0185546875 0.0302734375
0 0.34375 0.0771484375 0.025390625 0.056640625
0 0.501953125 0.01953125 0.0205078125 0.0390625
0 0.3662109375 0.0390625 0.017578125 0.0390625
0 0.5498046875 0.1806640625 0.0439453125 0.052734375
3 0.7841796875 0.7548828125 0.2578125 0.484375
3 0.236328125 0.51953125 0.294921875 0.724609375
3 0.2978515625 0.138671875 0.0478515625 0.0712890625