0 0.5556640625 0.44140625 0.0830078125 0.1748046875
2 0.5185546875 0.5625 0.048828125 0.1357421875
2 0.767578125 0.4638671875 0.0263671875 0.0830078125
2 0.7216796875 0.4580078125 0.021484375 0.0693359375
0 0.5546875 0.3134765625 0.0703125 0.1357421875
0 0.4287109375 0.447265625 0.0947265625 0.22265625
2 0.55078125 0.9638671875 0.0625 0.072265625
0 0.5244140625 0.1279296875 0.029296875 0.0419921875
0 0.53515625 0.171875 0.046875 0.076171875
0 0.671875 0.435546875 0.08984375 0.201171875
3 0.3212890625 0.078125 0.0400390625 0.08984375
2 0.6435546875 0.2958984375 0.01953125 0.05859375
2 0.7109375 0.5908203125 0.02734375 0.08203125
2 0.65234375 0.5859375 0.03515625 0.10546875
2 0.6025390625 0.3349609375 0.025390625 0.0732421875
0 0.419921875 0.1005859375 0.0458984375 0.08984375
2 0.775390625 0.5498046875 0.0361328125 0.044921875
0 0.6005859375 0.693359375 0.1533203125 0.3876953125
2 0.73046875 0.5390625 0.03125 0.0830078125
2 0.8828125 0.931640625 0.05078125 0.1337890625
2 0.671875 0.6767578125 0.0283203125 0.0693359375
2 0.6123046875 0.4638671875 0.0380859375 0.078125
0 0.505859375 0.017578125 0.03125 0.03515625
3 0.474609375 0.08984375 0.08203125 0.1376953125
0 0.2822265625 0.83984375 0.21484375 0.3056640625
0 0.48046875 0.0126953125 0.02734375 0.025390625
0 0.779296875 0.775390625 0.16796875 0.419921875
0 0.515625 0.0849609375 0.017578125 0.068359375
0 0.43359375 0.048828125 0.029296875 0.0390625
0 0.447265625 0.015625 0.025390625 0.0302734375
3 0.380859375 0.244140625 0.08984375 0.224609375
3 0.2587890625 0.091796875 0.0302734375 0.0634765625