2 0.2724609375 0.1689453125 0.0185546875 0.0595703125
0 0.669921875 0.4267578125 0.0830078125 0.181640625
2 0.623046875 0.18359375 0.021484375 0.0458984375
0 0.416015625 0.1162109375 0.0380859375 0.0654296875
2 0.630859375 0.22265625 0.01953125 0.056640625
0 0.546875 0.23046875 0.05859375 0.0888671875
2 0.84375 0.6826171875 0.041015625 0.095703125
0 0.58984375 0.19140625 0.0419921875 0.0859375
2 0.283203125 0.103515625 0.0126953125 0.0517578125
0 0.42578125 0.451171875 0.08984375 0.220703125
2 0.798828125 0.53515625 0.03515625 0.08203125
0 0.5556640625 0.4443359375 0.08203125 0.1611328125
0 0.54296875 0.0712890625 0.02734375 0.046875
0 0.4326171875 0.025390625 0.025390625 0.033203125
0 0.5244140625 0.125 0.03125 0.0390625
2 0.6103515625 0.2314453125 0.01953125 0.0517578125
2 0.76171875 0.470703125 0.03125 0.1025390625
0 0.50390625 0.017578125 0.0263671875 0.0322265625
0 0.59765625 0.697265625 0.1455078125 0.388671875
2 0.5634765625 0.1787109375 0.0205078125 0.0634765625
2 0.1591796875 0.263671875 0.017578125 0.048828125
2 0.859375 0.4267578125 0.02734375 0.09765625
2 0.5947265625 0.33203125 0.0185546875 0.06640625
2 0.609375 0.4033203125 0.0380859375 0.1181640625
2 0.5166015625 0.287109375 0.02734375 0.1162109375
2 0.88671875 0.921875 0.05078125 0.1474609375
3 0.380859375 0.24609375 0.083984375 0.2080078125
0 0.7802734375 0.775390625 0.171875 0.4248046875
0 0.28125 0.83984375 0.2177734375 0.306640625
0 0.4794921875 0.0126953125 0.025390625 0.025390625
3 0.330078125 0.0615234375 0.06640625 0.1123046875