0 0.2578125 0.2001953125 0.052734375 0.0859375
0 0.3466796875 0.0615234375 0.0234375 0.044921875
0 0.384765625 0.03515625 0.01953125 0.037109375
2 0.748046875 0.8955078125 0.0625 0.1943359375
0 0.5224609375 0.12890625 0.0283203125 0.078125
0 0.1953125 0.193359375 0.0615234375 0.091796875
0 0.53515625 0.03125 0.0341796875 0.0625
0 0.1376953125 0.2783203125 0.0849609375 0.1240234375
0 0.2353515625 0.146484375 0.0302734375 0.068359375
0 0.4296875 0.43359375 0.08984375 0.193359375
0 0.43359375 0.0205078125 0.0224609375 0.0322265625
2 0.6259765625 0.7177734375 0.0546875 0.1787109375
0 0.4794921875 0.01171875 0.0224609375 0.0234375
0 0.5615234375 0.263671875 0.0595703125 0.1318359375
0 0.28125 0.1396484375 0.0146484375 0.0517578125
2 0.3916015625 0.0830078125 0.0185546875 0.0419921875
2 0.3642578125 0.0419921875 0.0126953125 0.0419921875
3 0.380859375 0.2412109375 0.087890625 0.205078125
0 0.3291015625 0.1240234375 0.037109375 0.0556640625
0 0.41796875 0.1162109375 0.04296875 0.08203125
2 0.3759765625 0.443359375 0.0390625 0.1611328125
2 0.541015625 0.1240234375 0.0146484375 0.044921875
3 0.2490234375 0.541015625 0.25390625 0.5517578125
0 0.72265625 0.51171875 0.12109375 0.24609375
0 0.4345703125 0.0537109375 0.02734375 0.0400390625
0 0.5029296875 0.015625 0.01953125 0.0302734375
0 0.3974609375 0.0146484375 0.015625 0.0263671875
3 0.2587890625 0.09765625 0.033203125 0.0625