2 0.6376953125 0.5205078125 0.02734375 0.0947265625
0 0.556640625 0.439453125 0.0791015625 0.1572265625
2 0.76171875 0.4677734375 0.033203125 0.1083984375
0 0.556640625 0.3076171875 0.07421875 0.1650390625
0 0.5322265625 0.1025390625 0.0341796875 0.0556640625
0 0.5341796875 0.1962890625 0.05078125 0.119140625
0 0.6220703125 0.294921875 0.0703125 0.138671875
0 0.4306640625 0.4453125 0.095703125 0.21484375
0 0.5810546875 0.1875 0.0458984375 0.1162109375
0 0.529296875 0.0205078125 0.0244140625 0.03515625
2 0.51953125 0.560546875 0.048828125 0.140625
0 0.5048828125 0.0166015625 0.02734375 0.033203125
0 0.3876953125 0.1455078125 0.0654296875 0.0859375
0 0.4208984375 0.09765625 0.0458984375 0.08203125
2 0.3271484375 0.2177734375 0.029296875 0.0849609375
0 0.5556640625 0.1337890625 0.029296875 0.056640625
2 0.5625 0.951171875 0.0615234375 0.09765625
2 0.478515625 0.4384765625 0.0322265625 0.080078125
0 0.5966796875 0.6904296875 0.146484375 0.3779296875
2 0.6689453125 0.6103515625 0.0380859375 0.1240234375
2 0.60546875 0.466796875 0.02734375 0.072265625
0 0.7822265625 0.7763671875 0.1728515625 0.4111328125
0 0.43359375 0.05078125 0.033203125 0.0458984375
0 0.28125 0.841796875 0.2197265625 0.3056640625
0 0.447265625 0.013671875 0.0244140625 0.02734375
0 0.48046875 0.01171875 0.02734375 0.0234375
3 0.46484375 0.263671875 0.09765625 0.259765625
3 0.3291015625 0.0322265625 0.056640625 0.064453125