0 0.345703125 0.0419921875 0.0224609375 0.037109375
2 0.654296875 0.419921875 0.0302734375 0.0947265625
0 0.376953125 0.0419921875 0.0263671875 0.04296875
2 0.66796875 0.673828125 0.0458984375 0.158203125
2 0.734375 0.6025390625 0.0390625 0.12890625
2 0.537109375 0.267578125 0.0234375 0.087890625
2 0.6025390625 0.40234375 0.029296875 0.0947265625
2 0.630859375 0.541015625 0.0380859375 0.1318359375
2 0.8046875 0.6376953125 0.05078125 0.138671875
0 0.5283203125 0.0283203125 0.033203125 0.056640625
0 0.609375 0.2724609375 0.0615234375 0.142578125
0 0.517578125 0.09765625 0.01953125 0.0732421875
2 0.6953125 0.533203125 0.0322265625 0.111328125
0 0.2919921875 0.1162109375 0.046875 0.0712890625
2 0.498046875 0.884765625 0.060546875 0.2109375
0 0.41796875 0.119140625 0.04296875 0.0849609375
0 0.1298828125 0.2490234375 0.0703125 0.1044921875
2 0.556640625 0.587890625 0.046875 0.1708984375
0 0.4287109375 0.443359375 0.10546875 0.2109375
0 0.43359375 0.025390625 0.025390625 0.0390625
2 0.578125 0.474609375 0.02734375 0.0888671875
0 0.5390625 0.1748046875 0.0439453125 0.091796875
0 0.20703125 0.2607421875 0.0771484375 0.119140625
3 0.3818359375 0.2431640625 0.091796875 0.224609375
3 0.474609375 0.0908203125 0.0810546875 0.1513671875
0 0.4794921875 0.0126953125 0.0205078125 0.0224609375
0 0.28125 0.841796875 0.2158203125 0.3056640625
2 0.2509765625 0.12109375 0.013671875 0.046875
0 0.314453125 0.0771484375 0.0166015625 0.04296875