2 0.1357421875 0.255859375 0.0205078125 0.052734375
2 0.2548828125 0.125 0.0146484375 0.033203125
2 0.791015625 0.4638671875 0.0283203125 0.099609375
2 0.6611328125 0.5048828125 0.0302734375 0.0732421875
2 0.623046875 0.46484375 0.02734375 0.0712890625
2 0.1142578125 0.224609375 0.01953125 0.0556640625
2 0.2880859375 0.087890625 0.01953125 0.0458984375
2 0.33984375 0.076171875 0.01171875 0.037109375
2 0.5908203125 0.875 0.087890625 0.2333984375
0 0.4111328125 0.1103515625 0.0419921875 0.0791015625
2 0.15625 0.23828125 0.01953125 0.04296875
2 0.32421875 0.0517578125 0.015625 0.0419921875
0 0.44140625 0.0302734375 0.021484375 0.048828125
0 0.5537109375 0.22265625 0.0517578125 0.107421875
2 0.65234375 0.4462890625 0.037109375 0.0693359375
2 0.60546875 0.1455078125 0.0185546875 0.044921875
0 0.5712890625 0.513671875 0.0888671875 0.2177734375
0 0.50390625 0.0615234375 0.0224609375 0.056640625
0 0.5400390625 0.05859375 0.056640625 0.056640625
0 0.3857421875 0.201171875 0.05078125 0.1123046875
3 0.787109375 0.75390625 0.2529296875 0.4892578125
3 0.234375 0.525390625 0.2861328125 0.724609375