2 0.7900390625 0.46484375 0.03125 0.0986328125
2 0.611328125 0.435546875 0.025390625 0.076171875
2 0.67578125 0.5322265625 0.0244140625 0.0947265625
0 0.412109375 0.1142578125 0.041015625 0.078125
0 0.5390625 0.0634765625 0.056640625 0.06640625
2 0.3486328125 0.056640625 0.01171875 0.0498046875
0 0.53125 0.24609375 0.0546875 0.10546875
0 0.44140625 0.03515625 0.0244140625 0.0625
0 0.501953125 0.05859375 0.025390625 0.0595703125
0 0.5732421875 0.513671875 0.0869140625 0.21484375
0 0.3876953125 0.1962890625 0.0517578125 0.1142578125
3 0.7822265625 0.75390625 0.26171875 0.490234375
3 0.2353515625 0.5205078125 0.2939453125 0.724609375