2 0.6962890625 0.462890625 0.0341796875 0.111328125
2 0.658203125 0.462890625 0.03125 0.0859375
0 0.3828125 0.234375 0.052734375 0.1181640625
0 0.462890625 0.17578125 0.05078125 0.08984375
0 0.4423828125 0.3193359375 0.076171875 0.1640625
0 0.5302734375 0.1640625 0.0458984375 0.0888671875
0 0.3046875 0.4208984375 0.11328125 0.216796875
0 0.40625 0.138671875 0.04296875 0.091796875
0 0.5556640625 0.236328125 0.060546875 0.1220703125
0 0.5087890625 0.0166015625 0.0263671875 0.033203125
0 0.525390625 0.080078125 0.033203125 0.044921875
0 0.4267578125 0.07421875 0.0322265625 0.0712890625
0 0.2119140625 0.666015625 0.1484375 0.318359375
0 0.50390625 0.0625 0.0263671875 0.046875
0 0.6318359375 0.634765625 0.12890625 0.3330078125
0 0.4423828125 0.0302734375 0.025390625 0.0302734375
0 0.47265625 0.044921875 0.0244140625 0.0361328125