0 0.4169921875 0.1142578125 0.0419921875 0.06640625
0 0.5556640625 0.4345703125 0.083984375 0.1552734375
0 0.5703125 0.1611328125 0.0361328125 0.080078125
0 0.53515625 0.173828125 0.048828125 0.076171875
2 0.5224609375 0.5615234375 0.0439453125 0.12890625
2 0.6591796875 0.271484375 0.01953125 0.048828125
2 0.55078125 0.9462890625 0.0693359375 0.1015625
0 0.42578125 0.4443359375 0.09375 0.2197265625
0 0.5263671875 0.1240234375 0.0341796875 0.04296875
0 0.6708984375 0.427734375 0.08984375 0.2080078125
2 0.7099609375 0.58984375 0.033203125 0.08984375
0 0.43359375 0.0205078125 0.0205078125 0.02734375
2 0.591796875 0.28515625 0.0185546875 0.0556640625
2 0.7578125 0.5419921875 0.041015625 0.056640625
0 0.5498046875 0.240234375 0.05859375 0.0859375
0 0.2958984375 0.111328125 0.0361328125 0.05859375
0 0.5048828125 0.0263671875 0.0263671875 0.033203125
2 0.88671875 0.927734375 0.05078125 0.1337890625
2 0.8388671875 0.677734375 0.0390625 0.1083984375
0 0.4326171875 0.048828125 0.0302734375 0.0419921875
2 0.7939453125 0.3623046875 0.0205078125 0.0615234375
2 0.6513671875 0.5732421875 0.0390625 0.095703125
0 0.36328125 0.05859375 0.0224609375 0.0498046875
2 0.68359375 0.626953125 0.0322265625 0.08984375
2 0.517578125 0.26171875 0.01953125 0.0625
2 0.61328125 0.470703125 0.0419921875 0.072265625
2 0.8857421875 0.771484375 0.05859375 0.095703125
2 0.58984375 0.2021484375 0.0166015625 0.0400390625
0 0.2841796875 0.83984375 0.2138671875 0.306640625
0 0.59765625 0.69140625 0.15234375 0.3857421875
0 0.4794921875 0.0126953125 0.025390625 0.025390625
0 0.7783203125 0.7734375 0.16796875 0.4248046875
3 0.474609375 0.0849609375 0.0830078125 0.1376953125
3 0.3828125 0.2412109375 0.0888671875 0.234375