2 0.3046875 0.1171875 0.0126953125 0.04296875
2 0.5517578125 0.14453125 0.01171875 0.0390625
2 0.2763671875 0.1494140625 0.0185546875 0.04296875
2 0.34765625 0.08984375 0.0107421875 0.0400390625
0 0.421875 0.10546875 0.0390625 0.072265625
2 0.2373046875 0.166015625 0.01953125 0.0458984375
2 0.255859375 0.2001953125 0.025390625 0.044921875
2 0.126953125 0.3408203125 0.02734375 0.0625
2 0.5185546875 0.099609375 0.01171875 0.0400390625
2 0.2890625 0.1337890625 0.01171875 0.0390625
0 0.51171875 0.0205078125 0.017578125 0.0234375
3 0.6220703125 0.474609375 0.142578125 0.4765625
2 0.1845703125 0.2587890625 0.0205078125 0.0517578125
2 0.220703125 0.1826171875 0.0166015625 0.0400390625
2 0.1015625 0.310546875 0.021484375 0.0595703125
2 0.12109375 0.4560546875 0.0283203125 0.08984375
0 0.435546875 0.6240234375 0.13671875 0.345703125
0 0.5361328125 0.109375 0.03125 0.0615234375
2 0.1494140625 0.1962890625 0.0205078125 0.0537109375
2 0.81640625 0.6513671875 0.056640625 0.1474609375
2 0.287109375 0.1708984375 0.0126953125 0.0419921875
2 0.705078125 0.5302734375 0.0380859375 0.1181640625
2 0.349609375 0.0576171875 0.01171875 0.029296875
2 0.2041015625 0.25 0.0263671875 0.046875
2 0.33984375 0.0361328125 0.0107421875 0.0361328125
0 0.548828125 0.3486328125 0.04296875 0.1669921875
2 0.1103515625 0.2490234375 0.021484375 0.046875
2 0.25390625 0.1533203125 0.015625 0.03515625
2 0.4033203125 0.021484375 0.009765625 0.03515625
2 0.3623046875 0.041015625 0.01171875 0.0458984375
2 0.19140625 0.1669921875 0.0146484375 0.04296875
2 0.3857421875 0.0498046875 0.01171875 0.0419921875
0 0.447265625 0.015625 0.0322265625 0.0302734375
0 0.283203125 0.8427734375 0.21484375 0.306640625
3 0.3837890625 0.2412109375 0.0947265625 0.263671875
3 0.4638671875 0.2890625 0.0908203125 0.2724609375
0 0.4375 0.0419921875 0.0244140625 0.037109375
0 0.478515625 0.015625 0.02734375 0.0263671875