0 0.4052734375 0.109375 0.048828125 0.087890625
2 0.5712890625 0.2607421875 0.01953125 0.0625
2 0.8720703125 0.7490234375 0.064453125 0.1748046875
0 0.5390625 0.150390625 0.0390625 0.078125
0 0.4365234375 0.05859375 0.0390625 0.05859375
2 0.650390625 0.5673828125 0.03515625 0.1259765625
0 0.4345703125 0.626953125 0.134765625 0.345703125
2 0.46875 0.3173828125 0.0234375 0.08203125
0 0.431640625 0.3740234375 0.087890625 0.181640625
0 0.451171875 0.0224609375 0.02734375 0.0419921875
3 0.5283203125 0.0625 0.0380859375 0.1025390625
0 0.5625 0.439453125 0.08984375 0.2177734375
3 0.25 0.5302734375 0.2431640625 0.546875
3 0.470703125 0.140625 0.0556640625 0.158203125
2 0.57421875 0.1689453125 0.013671875 0.0625
0 0.5107421875 0.0615234375 0.01171875 0.052734375
0 0.546875 0.0263671875 0.0126953125 0.02734375
3 0.4833984375 0.0419921875 0.056640625 0.08203125
0 0.66796875 0.80859375 0.146484375 0.3583984375