0 0.515625 0.1201171875 0.0341796875 0.087890625
0 0.25390625 0.1357421875 0.0380859375 0.0595703125
0 0.541015625 0.3193359375 0.0595703125 0.1416015625
2 0.5341796875 0.1650390625 0.021484375 0.0498046875
0 0.5947265625 0.248046875 0.05859375 0.109375
0 0.50390625 0.0673828125 0.0302734375 0.03515625
0 0.4013671875 0.1396484375 0.04296875 0.0791015625
0 0.4404296875 0.0302734375 0.021484375 0.048828125
2 0.3466796875 0.0556640625 0.009765625 0.02734375
0 0.296875 0.140625 0.0537109375 0.0595703125
0 0.3740234375 0.05078125 0.0263671875 0.0458984375
0 0.5927734375 0.5234375 0.1298828125 0.2666015625
0 0.46484375 0.2099609375 0.060546875 0.1044921875
3 0.4091796875 0.0166015625 0.033203125 0.033203125
0 0.373046875 0.244140625 0.041015625 0.1279296875
3 0.2333984375 0.5224609375 0.2861328125 0.72265625
3 0.4697265625 0.04296875 0.0546875 0.0859375
3 0.7900390625 0.75 0.2470703125 0.4833984375