2 0.3212890625 0.126953125 0.01171875 0.03515625
2 0.3505859375 0.0673828125 0.0126953125 0.04296875
2 0.28125 0.150390625 0.0146484375 0.0390625
0 0.5888671875 0.19140625 0.04296875 0.0859375
2 0.2900390625 0.1162109375 0.0107421875 0.0400390625
2 0.7607421875 0.470703125 0.0322265625 0.1025390625
0 0.537109375 0.0615234375 0.0283203125 0.046875
0 0.5576171875 0.3212890625 0.076171875 0.1513671875
0 0.66796875 0.4189453125 0.0888671875 0.1875
0 0.4326171875 0.0419921875 0.02734375 0.0400390625
2 0.2001953125 0.2265625 0.017578125 0.0498046875
0 0.5361328125 0.1767578125 0.0498046875 0.0849609375
2 0.31640625 0.0615234375 0.01171875 0.0361328125
0 0.4169921875 0.1142578125 0.0380859375 0.06640625
2 0.80859375 0.50390625 0.033203125 0.0986328125
2 0.26171875 0.1259765625 0.01171875 0.037109375
2 0.2509765625 0.1865234375 0.013671875 0.0517578125
0 0.427734375 0.431640625 0.087890625 0.197265625
2 0.7314453125 0.361328125 0.0244140625 0.0712890625
2 0.380859375 0.0205078125 0.013671875 0.0361328125
0 0.5234375 0.12890625 0.0322265625 0.0400390625
0 0.59765625 0.6982421875 0.14453125 0.380859375
0 0.515625 0.0830078125 0.0205078125 0.0615234375
2 0.18359375 0.21484375 0.0205078125 0.046875
2 0.8837890625 0.921875 0.0517578125 0.14453125
2 0.61328125 0.4423828125 0.0439453125 0.0927734375
2 0.857421875 0.72265625 0.0283203125 0.1025390625
2 0.111328125 0.2470703125 0.021484375 0.0634765625
3 0.4736328125 0.08984375 0.08203125 0.140625
0 0.28125 0.8427734375 0.2177734375 0.3037109375
0 0.7802734375 0.7744140625 0.171875 0.4267578125
3 0.3818359375 0.2333984375 0.0869140625 0.2333984375
0 0.5029296875 0.015625 0.025390625 0.03125
0 0.48046875 0.0126953125 0.0263671875 0.025390625
0 0.4462890625 0.017578125 0.025390625 0.0322265625