0 0.5546875 0.1337890625 0.03125 0.0517578125
0 0.5546875 0.435546875 0.08203125 0.181640625
2 0.76953125 0.544921875 0.02734375 0.0615234375
0 0.548828125 0.25 0.0615234375 0.111328125
0 0.4296875 0.447265625 0.0966796875 0.2197265625
2 0.33984375 0.037109375 0.01171875 0.04296875
0 0.5244140625 0.1279296875 0.029296875 0.044921875
2 0.73828125 0.50390625 0.0400390625 0.1181640625
0 0.673828125 0.4287109375 0.09375 0.2080078125
0 0.4189453125 0.1005859375 0.04296875 0.0849609375
2 0.654296875 0.576171875 0.0400390625 0.0986328125
2 0.5361328125 0.099609375 0.0146484375 0.0302734375
2 0.4296875 0.9375 0.0693359375 0.119140625
2 0.7626953125 0.46484375 0.02734375 0.08203125
2 0.61328125 0.4658203125 0.037109375 0.0791015625
2 0.673828125 0.6689453125 0.0341796875 0.087890625
2 0.6455078125 0.30859375 0.01953125 0.03515625
0 0.59765625 0.689453125 0.1474609375 0.3818359375
0 0.36328125 0.0458984375 0.025390625 0.0419921875
2 0.548828125 0.966796875 0.0634765625 0.06640625
0 0.1982421875 0.205078125 0.0751953125 0.0888671875
0 0.4345703125 0.0517578125 0.03125 0.0458984375
0 0.779296875 0.775390625 0.171875 0.41796875
0 0.2802734375 0.83984375 0.21484375 0.306640625
3 0.3828125 0.234375 0.0859375 0.23046875
0 0.5048828125 0.017578125 0.029296875 0.03515625
0 0.48046875 0.0126953125 0.025390625 0.025390625
0 0.3046875 0.0263671875 0.017578125 0.0390625
0 0.4462890625 0.015625 0.025390625 0.0302734375