2 0.7900390625 0.46484375 0.033203125 0.0986328125
2 0.6171875 0.4267578125 0.0322265625 0.0927734375
2 0.7578125 0.423828125 0.0390625 0.0859375
2 0.6162109375 0.310546875 0.021484375 0.0625
0 0.5322265625 0.25390625 0.0576171875 0.1142578125
2 0.671875 0.54296875 0.03515625 0.0830078125
2 0.59765625 0.83984375 0.0615234375 0.12109375
2 0.6005859375 0.1552734375 0.015625 0.0400390625
2 0.623046875 0.138671875 0.0107421875 0.0234375
2 0.626953125 0.3603515625 0.0205078125 0.0849609375
0 0.5703125 0.5126953125 0.08203125 0.2109375
0 0.4189453125 0.0771484375 0.044921875 0.095703125
0 0.5029296875 0.0615234375 0.0244140625 0.0654296875
0 0.44140625 0.03515625 0.021484375 0.05859375
0 0.5400390625 0.068359375 0.05859375 0.0732421875
0 0.38671875 0.19921875 0.05078125 0.1181640625
3 0.2392578125 0.5234375 0.2978515625 0.724609375
3 0.7939453125 0.7548828125 0.23828125 0.482421875