2 0.3369140625 0.1318359375 0.01171875 0.044921875
2 0.7373046875 0.521484375 0.033203125 0.08984375
0 0.58984375 0.1943359375 0.04296875 0.0888671875
0 0.208984375 0.2216796875 0.0634765625 0.095703125
2 0.7626953125 0.4716796875 0.0302734375 0.1015625
0 0.5556640625 0.32421875 0.0751953125 0.1513671875
0 0.66796875 0.421875 0.08203125 0.18359375
2 0.5166015625 0.56640625 0.0419921875 0.119140625
0 0.53515625 0.173828125 0.05078125 0.0791015625
2 0.80859375 0.5029296875 0.0341796875 0.1083984375
0 0.416015625 0.1162109375 0.041015625 0.0693359375
2 0.564453125 0.1796875 0.0205078125 0.0595703125
0 0.4287109375 0.443359375 0.0859375 0.2138671875
0 0.5361328125 0.06640625 0.02734375 0.0615234375
2 0.38671875 0.0234375 0.0107421875 0.0361328125
2 0.880859375 0.7802734375 0.0390625 0.0947265625
0 0.5986328125 0.6953125 0.1455078125 0.3818359375
3 0.28515625 0.1240234375 0.0625 0.0654296875
0 0.5244140625 0.126953125 0.0322265625 0.0400390625
0 0.345703125 0.0234375 0.0263671875 0.0390625
0 0.50390625 0.017578125 0.02734375 0.0322265625
2 0.8447265625 0.693359375 0.0322265625 0.0927734375
2 0.2685546875 0.1796875 0.025390625 0.048828125
2 0.61328125 0.3955078125 0.044921875 0.10546875
2 0.1103515625 0.267578125 0.03125 0.0634765625
2 0.708984375 0.513671875 0.0302734375 0.0693359375
0 0.4443359375 0.025390625 0.02734375 0.037109375
0 0.515625 0.0810546875 0.0205078125 0.0595703125
0 0.4794921875 0.0126953125 0.025390625 0.025390625
0 0.78125 0.77734375 0.1708984375 0.4208984375
0 0.2822265625 0.83984375 0.2158203125 0.3056640625
3 0.3818359375 0.232421875 0.0888671875 0.232421875
3 0.4736328125 0.087890625 0.083984375 0.1416015625
3 0.2109375 0.119140625 0.052734375 0.091796875