2 0.791015625 0.4619140625 0.0322265625 0.1015625
2 0.6162109375 0.44140625 0.0224609375 0.06640625
0 0.41015625 0.111328125 0.0400390625 0.0732421875
0 0.552734375 0.3876953125 0.0712890625 0.1552734375
0 0.38671875 0.19921875 0.0498046875 0.115234375
0 0.44140625 0.0341796875 0.0234375 0.056640625
0 0.50390625 0.0615234375 0.0244140625 0.0634765625
0 0.5400390625 0.099609375 0.0615234375 0.1318359375
0 0.552734375 0.2255859375 0.05078125 0.107421875
0 0.3330078125 0.06640625 0.04296875 0.0712890625
0 0.625 0.677734375 0.12109375 0.349609375
3 0.232421875 0.5244140625 0.287109375 0.7265625
3 0.7841796875 0.7548828125 0.259765625 0.490234375
3 0.3720703125 0.037109375 0.02734375 0.05859375