3 0.51953125 0.04296875 0.03125 0.0751953125
0 0.3876953125 0.1572265625 0.0498046875 0.095703125
0 0.421875 0.09375 0.033203125 0.0537109375
0 0.52734375 0.1259765625 0.0361328125 0.0615234375
3 0.439453125 0.36328125 0.12109375 0.3291015625
0 0.4326171875 0.0458984375 0.029296875 0.0751953125
0 0.529296875 0.1962890625 0.0458984375 0.09765625
0 0.3310546875 0.3369140625 0.080078125 0.1650390625
0 0.4580078125 0.1357421875 0.037109375 0.0556640625
0 0.580078125 0.263671875 0.0615234375 0.1279296875
0 0.4970703125 0.0322265625 0.01953125 0.05859375
0 0.1982421875 0.732421875 0.1767578125 0.423828125
0 0.4501953125 0.033203125 0.0166015625 0.044921875