0 0.5205078125 0.1259765625 0.0302734375 0.068359375
0 0.408203125 0.138671875 0.0419921875 0.076171875
2 0.365234375 0.0634765625 0.009765625 0.033203125
0 0.4189453125 0.078125 0.0390625 0.08203125
0 0.4541015625 0.236328125 0.0576171875 0.1181640625
0 0.5419921875 0.232421875 0.056640625 0.109375
2 0.494140625 0.1875 0.01171875 0.0498046875
0 0.443359375 0.0458984375 0.025390625 0.05859375
2 0.7685546875 0.6015625 0.0517578125 0.1474609375
0 0.4638671875 0.1162109375 0.0380859375 0.076171875
0 0.5107421875 0.0224609375 0.021484375 0.0400390625
0 0.580078125 0.423828125 0.0927734375 0.2236328125
2 0.6826171875 0.5869140625 0.041015625 0.1484375
0 0.494140625 0.0341796875 0.0185546875 0.037109375
0 0.5009765625 0.080078125 0.02734375 0.0537109375
0 0.470703125 0.0654296875 0.02734375 0.052734375
0 0.3408203125 0.328125 0.078125 0.1904296875
0 0.31640625 0.0419921875 0.029296875 0.0419921875
0 0.4501953125 0.435546875 0.09375 0.232421875
0 0.4794921875 0.015625 0.0224609375 0.0302734375
0 0.2744140625 0.443359375 0.1162109375 0.267578125
3 0.4599609375 0.0107421875 0.0224609375 0.0205078125