0 0.5263671875 0.0849609375 0.03125 0.0634765625
0 0.541015625 0.23828125 0.052734375 0.12109375
2 0.576171875 0.2294921875 0.0224609375 0.0634765625
0 0.52734375 0.14453125 0.0380859375 0.0888671875
2 0.8193359375 0.8203125 0.056640625 0.1962890625
2 0.6015625 0.220703125 0.01953125 0.044921875
2 0.5693359375 0.38671875 0.025390625 0.0986328125
2 0.705078125 0.7138671875 0.04296875 0.150390625
2 0.3447265625 0.025390625 0.01171875 0.0302734375
0 0.517578125 0.0185546875 0.0205078125 0.03515625
2 0.650390625 0.3359375 0.017578125 0.0693359375
0 0.6171875 0.3330078125 0.0810546875 0.1875
0 0.478515625 0.0107421875 0.0234375 0.021484375
0 0.4169921875 0.119140625 0.041015625 0.078125
2 0.7607421875 0.8642578125 0.056640625 0.201171875
2 0.662109375 0.60546875 0.03515625 0.14453125
0 0.431640625 0.4462890625 0.0986328125 0.2138671875
0 0.4462890625 0.015625 0.025390625 0.0302734375
0 0.59375 0.671875 0.142578125 0.365234375
0 0.4345703125 0.0546875 0.0283203125 0.048828125
2 0.544921875 0.9326171875 0.06640625 0.1259765625
2 0.373046875 0.015625 0.01171875 0.0234375
3 0.3828125 0.232421875 0.08984375 0.236328125
3 0.474609375 0.0888671875 0.0810546875 0.150390625
3 0.2490234375 0.53515625 0.25390625 0.5634765625
0 0.7265625 0.5126953125 0.12890625 0.2666015625
0 0.41015625 0.0126953125 0.0185546875 0.025390625
0 0.71484375 0.9814453125 0.1181640625 0.037109375