2 0.7314453125 0.49609375 0.0283203125 0.09765625
0 0.56640625 0.1552734375 0.033203125 0.0791015625
2 0.6279296875 0.294921875 0.0185546875 0.0615234375
2 0.76171875 0.470703125 0.0302734375 0.099609375
0 0.5556640625 0.44140625 0.083984375 0.1708984375
0 0.5478515625 0.251953125 0.0615234375 0.1123046875
0 0.4169921875 0.11328125 0.0419921875 0.0654296875
2 0.80078125 0.5849609375 0.0400390625 0.1015625
0 0.4287109375 0.4482421875 0.09765625 0.220703125
2 0.8818359375 0.7705078125 0.0439453125 0.091796875
2 0.6220703125 0.169921875 0.01171875 0.0400390625
0 0.2236328125 0.1875 0.0703125 0.099609375
0 0.33203125 0.0634765625 0.029296875 0.0498046875
0 0.6748046875 0.4306640625 0.0947265625 0.205078125
2 0.61328125 0.40234375 0.044921875 0.1259765625
2 0.6015625 0.26171875 0.0234375 0.0537109375
2 0.521484375 0.5625 0.0478515625 0.1337890625
2 0.552734375 0.9599609375 0.068359375 0.078125
2 0.84375 0.6982421875 0.0341796875 0.111328125
0 0.5234375 0.123046875 0.0283203125 0.0400390625
2 0.8876953125 0.9267578125 0.052734375 0.138671875
2 0.681640625 0.625 0.041015625 0.099609375
0 0.2841796875 0.837890625 0.2138671875 0.306640625
0 0.59765625 0.6884765625 0.1474609375 0.3876953125
0 0.447265625 0.015625 0.0263671875 0.029296875
3 0.3818359375 0.23828125 0.0888671875 0.2236328125
0 0.779296875 0.77734375 0.16796875 0.4169921875
3 0.3896484375 0.01171875 0.01953125 0.0234375