2 0.3076171875 0.1240234375 0.0107421875 0.0322265625
2 0.2529296875 0.1298828125 0.0146484375 0.0400390625
2 0.2841796875 0.1064453125 0.01171875 0.037109375
2 0.3408203125 0.03125 0.0087890625 0.0263671875
0 0.26171875 0.1904296875 0.046875 0.0830078125
0 0.591796875 0.208984375 0.044921875 0.095703125
0 0.5361328125 0.1767578125 0.05078125 0.0849609375
0 0.4267578125 0.447265625 0.09375 0.2197265625
0 0.2158203125 0.2412109375 0.0712890625 0.107421875
0 0.556640625 0.3154296875 0.07421875 0.14453125
0 0.669921875 0.41796875 0.08984375 0.197265625
2 0.80859375 0.5048828125 0.03515625 0.095703125
2 0.763671875 0.4697265625 0.0263671875 0.0927734375
2 0.3056640625 0.0322265625 0.013671875 0.0263671875
0 0.416015625 0.1142578125 0.03515625 0.0634765625
2 0.5205078125 0.5576171875 0.046875 0.142578125
2 0.2763671875 0.0537109375 0.013671875 0.03515625
2 0.2373046875 0.150390625 0.0205078125 0.04296875
0 0.546875 0.0927734375 0.03125 0.0595703125
2 0.35546875 0.0322265625 0.0087890625 0.0263671875
0 0.595703125 0.6904296875 0.14453125 0.3837890625
2 0.59765625 0.3212890625 0.025390625 0.080078125
2 0.70703125 0.5849609375 0.0302734375 0.08984375
0 0.431640625 0.056640625 0.03515625 0.05859375
0 0.3828125 0.0322265625 0.0166015625 0.03515625
2 0.6103515625 0.392578125 0.0390625 0.10546875
0 0.5166015625 0.080078125 0.0185546875 0.0556640625
2 0.8779296875 0.7587890625 0.0458984375 0.1357421875
2 0.60546875 0.267578125 0.01953125 0.056640625
2 0.55078125 0.9365234375 0.0703125 0.1240234375
0 0.28125 0.8388671875 0.2177734375 0.3056640625
0 0.50390625 0.033203125 0.0234375 0.033203125
0 0.3759765625 0.275390625 0.0693359375 0.142578125
0 0.7802734375 0.775390625 0.1708984375 0.423828125
0 0.48046875 0.0126953125 0.0263671875 0.025390625
3 0.4736328125 0.0888671875 0.08203125 0.138671875
0 0.447265625 0.015625 0.0244140625 0.0302734375