2 0.36328125 0.06640625 0.0107421875 0.033203125
0 0.412109375 0.115234375 0.041015625 0.080078125
0 0.50390625 0.05859375 0.0224609375 0.0556640625
0 0.5341796875 0.310546875 0.0673828125 0.1513671875
2 0.62890625 0.4970703125 0.029296875 0.09765625
0 0.3828125 0.2080078125 0.05859375 0.111328125
0 0.44140625 0.02734375 0.0224609375 0.046875
0 0.5400390625 0.0625 0.056640625 0.0615234375
0 0.44921875 0.3076171875 0.076171875 0.1484375
3 0.34375 0.0341796875 0.0244140625 0.04296875
0 0.5859375 0.5908203125 0.1064453125 0.2431640625
0 0.2666015625 0.5009765625 0.1279296875 0.255859375
0 0.5419921875 0.1806640625 0.060546875 0.0693359375
3 0.2939453125 0.0986328125 0.041015625 0.0751953125
2 0.68359375 0.658203125 0.041015625 0.1337890625
0 0.3330078125 0.322265625 0.0791015625 0.1357421875
2 0.8251953125 0.9326171875 0.06640625 0.12890625
2 0.6474609375 0.8798828125 0.05078125 0.1455078125
2 0.7421875 0.638671875 0.0341796875 0.0986328125
0 0.5009765625 0.017578125 0.021484375 0.03515625
3 0.3916015625 0.015625 0.0224609375 0.0302734375