2 0.81640625 0.392578125 0.0224609375 0.0732421875
2 0.7900390625 0.46484375 0.029296875 0.091796875
2 0.6279296875 0.3876953125 0.02734375 0.0859375
2 0.58984375 0.1572265625 0.013671875 0.0458984375
0 0.5322265625 0.2490234375 0.0546875 0.107421875
0 0.416015625 0.0966796875 0.041015625 0.0791015625
0 0.5029296875 0.064453125 0.0244140625 0.0625
0 0.44140625 0.0322265625 0.021484375 0.0517578125
0 0.5400390625 0.064453125 0.0576171875 0.0654296875
0 0.5009765625 0.0205078125 0.021484375 0.041015625
0 0.5712890625 0.5146484375 0.083984375 0.2099609375
0 0.38671875 0.1953125 0.05078125 0.109375
3 0.7890625 0.7548828125 0.24609375 0.484375
3 0.236328125 0.5244140625 0.291015625 0.7265625