2 0.62109375 0.1552734375 0.01171875 0.0400390625
2 0.791015625 0.462890625 0.037109375 0.10546875
2 0.5986328125 0.369140625 0.02734375 0.0849609375
0 0.5478515625 0.224609375 0.0595703125 0.111328125
2 0.5859375 0.1591796875 0.01171875 0.048828125
2 0.7529296875 0.421875 0.0283203125 0.080078125
0 0.5478515625 0.3759765625 0.0703125 0.15234375
0 0.4111328125 0.1142578125 0.041015625 0.0859375
0 0.50390625 0.060546875 0.025390625 0.0625
0 0.5703125 0.513671875 0.0830078125 0.2109375
0 0.4423828125 0.03125 0.025390625 0.0517578125
0 0.38671875 0.19921875 0.052734375 0.1181640625
0 0.541015625 0.056640625 0.0546875 0.048828125
0 0.349609375 0.30859375 0.0478515625 0.16796875
0 0.505859375 0.01953125 0.0283203125 0.0390625
3 0.232421875 0.5263671875 0.29296875 0.7275390625
3 0.794921875 0.7509765625 0.2314453125 0.48046875