0 0.38671875 0.1767578125 0.05859375 0.1044921875
0 0.3447265625 0.3037109375 0.0908203125 0.16015625
0 0.4296875 0.07421875 0.0283203125 0.0849609375
0 0.373046875 0.02734375 0.01953125 0.037109375
0 0.28125 0.466796875 0.1171875 0.244140625
3 0.544921875 0.1689453125 0.07421875 0.2236328125
0 0.3330078125 0.037109375 0.033203125 0.044921875
0 0.1484375 0.2177734375 0.07421875 0.0947265625
3 0.3828125 0.68359375 0.203125 0.6142578125
0 0.171875 0.7724609375 0.181640625 0.4345703125
0 0.5048828125 0.0947265625 0.029296875 0.0849609375
3 0.45703125 0.2666015625 0.0908203125 0.197265625