2 0.7900390625 0.462890625 0.0302734375 0.1015625
2 0.548828125 0.0224609375 0.009765625 0.0263671875
0 0.533203125 0.2490234375 0.0576171875 0.1083984375
0 0.4111328125 0.1171875 0.0419921875 0.0791015625
0 0.44140625 0.0283203125 0.0234375 0.048828125
0 0.50390625 0.0634765625 0.0244140625 0.0615234375
2 0.6162109375 0.4482421875 0.02734375 0.0712890625
0 0.541015625 0.060546875 0.0556640625 0.0595703125
0 0.57421875 0.513671875 0.087890625 0.2138671875
0 0.38671875 0.1923828125 0.0517578125 0.107421875
0 0.501953125 0.0185546875 0.0224609375 0.037109375
0 0.5478515625 0.181640625 0.0478515625 0.0595703125
3 0.29296875 0.138671875 0.046875 0.0654296875
3 0.2353515625 0.5205078125 0.287109375 0.7177734375
3 0.783203125 0.75390625 0.2626953125 0.4892578125