2 0.6103515625 0.3466796875 0.01953125 0.0732421875
2 0.599609375 0.2626953125 0.0185546875 0.0634765625
2 0.6328125 0.330078125 0.01953125 0.0751953125
2 0.6181640625 0.158203125 0.01171875 0.0361328125
2 0.791015625 0.46484375 0.0322265625 0.099609375
0 0.548828125 0.2275390625 0.0546875 0.109375
2 0.58984375 0.1611328125 0.01171875 0.046875
2 0.6025390625 0.138671875 0.01171875 0.037109375
0 0.412109375 0.115234375 0.04296875 0.0830078125
2 0.5888671875 0.2041015625 0.0126953125 0.046875
0 0.5029296875 0.0595703125 0.0244140625 0.05859375
0 0.4423828125 0.03515625 0.0234375 0.0556640625
0 0.5712890625 0.51171875 0.0849609375 0.2099609375
3 0.541015625 0.0927734375 0.0615234375 0.119140625
0 0.38671875 0.1982421875 0.0517578125 0.1162109375
0 0.37890625 0.0107421875 0.017578125 0.0205078125
0 0.5009765625 0.01953125 0.021484375 0.0390625
3 0.2822265625 0.0322265625 0.021484375 0.02734375
3 0.234375 0.525390625 0.287109375 0.724609375