0 0.4111328125 0.1123046875 0.0419921875 0.0751953125
0 0.44140625 0.0302734375 0.0224609375 0.052734375
0 0.533203125 0.251953125 0.0576171875 0.109375
0 0.5712890625 0.513671875 0.0849609375 0.21484375
0 0.50390625 0.0615234375 0.0234375 0.056640625
2 0.6611328125 0.509765625 0.029296875 0.078125
2 0.3095703125 0.072265625 0.01171875 0.033203125
0 0.388671875 0.19140625 0.052734375 0.1015625
0 0.330078125 0.03515625 0.0302734375 0.0390625
0 0.541015625 0.0751953125 0.0576171875 0.0859375
0 0.501953125 0.017578125 0.0205078125 0.03515625
0 0.353515625 0.3037109375 0.0390625 0.130859375
0 0.3779296875 0.0146484375 0.021484375 0.029296875
3 0.271484375 0.1181640625 0.04296875 0.078125
3 0.78515625 0.7509765625 0.25390625 0.4912109375