2 0.646484375 0.587890625 0.029296875 0.109375
0 0.5576171875 0.4443359375 0.08203125 0.1611328125
0 0.541015625 0.0986328125 0.03125 0.0498046875
0 0.53515625 0.171875 0.048828125 0.0751953125
0 0.556640625 0.3115234375 0.07421875 0.1455078125
0 0.4296875 0.4462890625 0.095703125 0.220703125
2 0.7607421875 0.46875 0.03125 0.107421875
0 0.572265625 0.1787109375 0.0419921875 0.078125
0 0.5419921875 0.0234375 0.0234375 0.033203125
2 0.5185546875 0.560546875 0.046875 0.1318359375
2 0.60546875 0.4638671875 0.0302734375 0.0830078125
0 0.43359375 0.0244140625 0.0263671875 0.0322265625
2 0.484375 0.4501953125 0.0400390625 0.1083984375
0 0.41796875 0.11328125 0.0439453125 0.0732421875
0 0.50390625 0.025390625 0.0244140625 0.0419921875
0 0.61328125 0.2880859375 0.056640625 0.1181640625
2 0.3896484375 0.3388671875 0.0302734375 0.06640625
0 0.48046875 0.0126953125 0.0263671875 0.025390625
2 0.3701171875 0.4521484375 0.029296875 0.1259765625
0 0.6005859375 0.6923828125 0.1513671875 0.3818359375
2 0.3251953125 0.2275390625 0.0234375 0.0625
2 0.529296875 0.0595703125 0.0224609375 0.0556640625
3 0.4736328125 0.0830078125 0.0849609375 0.1337890625
0 0.6796875 0.423828125 0.0927734375 0.22265625
3 0.3818359375 0.244140625 0.0859375 0.201171875
0 0.28125 0.8408203125 0.2177734375 0.3037109375
0 0.78125 0.77734375 0.1689453125 0.4150390625
3 0.46484375 0.2685546875 0.0966796875 0.267578125