0 0.5546875 0.44140625 0.08203125 0.1767578125
0 0.5556640625 0.310546875 0.0712890625 0.12890625
0 0.53125 0.1650390625 0.046875 0.0732421875
0 0.431640625 0.4443359375 0.09765625 0.2138671875
2 0.7626953125 0.4697265625 0.029296875 0.10546875
2 0.435546875 0.931640625 0.0693359375 0.130859375
0 0.5390625 0.072265625 0.0234375 0.052734375
0 0.6796875 0.4404296875 0.10546875 0.23046875
0 0.4169921875 0.1162109375 0.044921875 0.0712890625
0 0.43359375 0.0224609375 0.0244140625 0.0322265625
2 0.7431640625 0.5234375 0.025390625 0.080078125
2 0.5888671875 0.2666015625 0.01953125 0.046875
0 0.50390625 0.0224609375 0.0205078125 0.0322265625
2 0.5185546875 0.5615234375 0.04296875 0.1181640625
2 0.37109375 0.451171875 0.0302734375 0.12890625
3 0.474609375 0.0830078125 0.083984375 0.1376953125
0 0.2841796875 0.837890625 0.21484375 0.306640625
2 0.6162109375 0.392578125 0.0400390625 0.111328125
2 0.515625 0.3046875 0.02734375 0.107421875
0 0.48046875 0.0126953125 0.0263671875 0.025390625
2 0.7021484375 0.353515625 0.0185546875 0.0458984375
0 0.59765625 0.6923828125 0.1474609375 0.390625
0 0.7822265625 0.77734375 0.171875 0.4140625
3 0.380859375 0.236328125 0.08984375 0.2412109375