0 0.388671875 0.1767578125 0.05078125 0.095703125
0 0.52734375 0.1552734375 0.046875 0.078125
0 0.4658203125 0.19140625 0.046875 0.1015625
0 0.5693359375 0.279296875 0.0634765625 0.1416015625
0 0.5263671875 0.08984375 0.0322265625 0.046875
2 0.7158203125 0.6982421875 0.0478515625 0.1416015625
0 0.51171875 0.03515625 0.0205078125 0.0322265625
0 0.287109375 0.4794921875 0.1337890625 0.2666015625
0 0.50390625 0.076171875 0.0263671875 0.0400390625
2 0.85546875 0.69921875 0.0625 0.1572265625
0 0.44140625 0.0400390625 0.025390625 0.0361328125
0 0.408203125 0.107421875 0.029296875 0.052734375
0 0.44140625 0.34375 0.08203125 0.1708984375
0 0.3271484375 0.306640625 0.0859375 0.173828125
0 0.5908203125 0.4169921875 0.0859375 0.2138671875
0 0.474609375 0.03125 0.0234375 0.04296875
0 0.16796875 0.787109375 0.1728515625 0.3974609375
0 0.4521484375 0.015625 0.021484375 0.03125
0 0.671875 0.8740234375 0.1787109375 0.2470703125