2 0.3828125 0.037109375 0.0185546875 0.037109375
0 0.529296875 0.087890625 0.03515625 0.0634765625
0 0.248046875 0.1982421875 0.064453125 0.099609375
0 0.43359375 0.0224609375 0.0224609375 0.033203125
2 0.58203125 0.7138671875 0.0517578125 0.1416015625
2 0.365234375 0.025390625 0.013671875 0.0400390625
0 0.3193359375 0.0537109375 0.02734375 0.0458984375
2 0.337890625 0.0322265625 0.01171875 0.0390625
3 0.31640625 0.12890625 0.0380859375 0.0712890625
0 0.40625 0.017578125 0.01953125 0.03515625
0 0.1123046875 0.2998046875 0.0625 0.14453125
0 0.478515625 0.01171875 0.021484375 0.0234375
0 0.41796875 0.1162109375 0.041015625 0.076171875
0 0.4267578125 0.4267578125 0.0869140625 0.177734375
2 0.35546875 0.0615234375 0.009765625 0.0390625
0 0.435546875 0.62109375 0.13671875 0.33984375
0 0.5068359375 0.0224609375 0.029296875 0.044921875
2 0.4970703125 0.9404296875 0.0732421875 0.1142578125
2 0.5595703125 0.2099609375 0.0234375 0.072265625
2 0.203125 0.208984375 0.0224609375 0.0517578125
0 0.669921875 0.4462890625 0.1083984375 0.220703125
2 0.662109375 0.607421875 0.0576171875 0.1552734375
3 0.60546875 0.2490234375 0.07421875 0.212890625
2 0.2548828125 0.12109375 0.0185546875 0.0517578125
3 0.3828125 0.244140625 0.0888671875 0.2177734375
2 0.5400390625 0.287109375 0.0263671875 0.107421875
2 0.375 0.44140625 0.037109375 0.1513671875
2 0.2724609375 0.1337890625 0.0244140625 0.0537109375
2 0.1318359375 0.2080078125 0.017578125 0.046875
0 0.2822265625 0.83984375 0.2158203125 0.3056640625
0 0.53125 0.1552734375 0.041015625 0.0849609375
3 0.4736328125 0.087890625 0.0830078125 0.1416015625