0 0.537109375 0.2060546875 0.052734375 0.107421875
0 0.591796875 0.255859375 0.0634765625 0.1455078125
0 0.2978515625 0.1533203125 0.044921875 0.0849609375
0 0.416015625 0.1142578125 0.0400390625 0.0654296875
0 0.359375 0.06640625 0.025390625 0.0400390625
2 0.6328125 0.806640625 0.056640625 0.1875
0 0.30859375 0.068359375 0.02734375 0.03515625
0 0.2060546875 0.25 0.0771484375 0.1220703125
0 0.4326171875 0.0341796875 0.02734375 0.04296875
0 0.5068359375 0.0146484375 0.01953125 0.029296875
2 0.7490234375 0.7607421875 0.0498046875 0.1669921875
0 0.5849609375 0.4697265625 0.1015625 0.2470703125
0 0.4365234375 0.625 0.13671875 0.341796875
2 0.58203125 0.1650390625 0.0263671875 0.04296875
2 0.5166015625 0.1650390625 0.0146484375 0.0556640625
3 0.3232421875 0.0380859375 0.02734375 0.0400390625
0 0.4853515625 0.0126953125 0.0224609375 0.025390625
0 0.111328125 0.2822265625 0.0576171875 0.1337890625
3 0.3837890625 0.2470703125 0.0908203125 0.2587890625
2 0.537109375 0.361328125 0.02734375 0.0986328125
2 0.34375 0.1044921875 0.01171875 0.0390625
0 0.4462890625 0.0126953125 0.021484375 0.025390625
2 0.2666015625 0.1318359375 0.0126953125 0.0419921875
0 0.2822265625 0.8447265625 0.2138671875 0.3037109375
2 0.533203125 0.1337890625 0.0302734375 0.052734375
0 0.5390625 0.072265625 0.02734375 0.0498046875
2 0.56640625 0.14453125 0.015625 0.052734375
0 0.3671875 0.017578125 0.0185546875 0.029296875
3 0.474609375 0.08984375 0.08203125 0.1455078125
3 0.4619140625 0.2998046875 0.0947265625 0.2724609375