0 0.5283203125 0.103515625 0.029296875 0.0537109375
0 0.5556640625 0.4375 0.08203125 0.15234375
0 0.59765625 0.232421875 0.0556640625 0.1123046875
0 0.556640625 0.30859375 0.07421875 0.1513671875
2 0.6318359375 0.435546875 0.0234375 0.087890625
0 0.5732421875 0.1552734375 0.0380859375 0.08984375
0 0.53515625 0.181640625 0.05078125 0.08984375
0 0.4296875 0.4462890625 0.095703125 0.220703125
2 0.517578125 0.5615234375 0.044921875 0.1318359375
0 0.5498046875 0.1162109375 0.0234375 0.0556640625
0 0.419921875 0.1015625 0.044921875 0.080078125
0 0.5234375 0.017578125 0.017578125 0.0302734375
2 0.478515625 0.4384765625 0.03125 0.0791015625
2 0.7626953125 0.4052734375 0.0244140625 0.0537109375
0 0.59375 0.6923828125 0.1435546875 0.37890625
0 0.43359375 0.0263671875 0.0302734375 0.0390625
0 0.759765625 0.5400390625 0.1669921875 0.26953125
0 0.50390625 0.015625 0.025390625 0.0302734375
2 0.60546875 0.4736328125 0.025390625 0.05859375
2 0.369140625 0.4521484375 0.0302734375 0.1240234375
2 0.328125 0.2138671875 0.02734375 0.078125
2 0.130859375 0.2783203125 0.0263671875 0.0654296875
0 0.3857421875 0.142578125 0.060546875 0.080078125
0 0.283203125 0.83984375 0.21484375 0.3056640625
0 0.48046875 0.01171875 0.02734375 0.0234375
3 0.46484375 0.2685546875 0.0966796875 0.259765625
3 0.279296875 0.041015625 0.0673828125 0.0732421875