2 0.3701171875 0.0458984375 0.0107421875 0.033203125
2 0.3486328125 0.0849609375 0.01171875 0.0302734375
2 0.515625 0.5634765625 0.046875 0.12890625
0 0.294921875 0.1455078125 0.05078125 0.0732421875
0 0.4150390625 0.1181640625 0.03515625 0.0634765625
2 0.80859375 0.50390625 0.033203125 0.107421875
0 0.5546875 0.4375 0.08203125 0.1611328125
0 0.4267578125 0.4462890625 0.0908203125 0.2177734375
0 0.59375 0.2060546875 0.04296875 0.095703125
0 0.5478515625 0.091796875 0.0322265625 0.05859375
2 0.3388671875 0.0537109375 0.0087890625 0.03515625
2 0.76171875 0.47265625 0.029296875 0.099609375
3 0.3291015625 0.1083984375 0.037109375 0.0615234375
0 0.5361328125 0.1787109375 0.0517578125 0.0888671875
0 0.671875 0.4169921875 0.0927734375 0.1982421875
0 0.2734375 0.05859375 0.03125 0.0390625
0 0.1123046875 0.310546875 0.0625 0.1259765625
2 0.296875 0.080078125 0.017578125 0.0322265625
0 0.5966796875 0.693359375 0.1484375 0.3818359375
2 0.59765625 0.3134765625 0.02734375 0.0859375
2 0.8837890625 0.9384765625 0.0419921875 0.115234375
2 0.8466796875 0.693359375 0.0341796875 0.0859375
2 0.3232421875 0.03515625 0.0087890625 0.02734375
0 0.50390625 0.0361328125 0.0234375 0.033203125
2 0.69921875 0.5400390625 0.0537109375 0.1181640625
2 0.515625 0.2685546875 0.0224609375 0.0712890625
0 0.43359375 0.0244140625 0.0224609375 0.0322265625
2 0.5732421875 0.171875 0.01953125 0.0595703125
2 0.5498046875 0.9404296875 0.0654296875 0.1162109375
2 0.8779296875 0.76953125 0.0419921875 0.099609375
0 0.5576171875 0.31640625 0.0732421875 0.130859375
0 0.515625 0.0791015625 0.0185546875 0.052734375
0 0.2802734375 0.8388671875 0.2197265625 0.3056640625
3 0.3798828125 0.2412109375 0.0869140625 0.2080078125
0 0.779296875 0.7744140625 0.1728515625 0.4267578125
0 0.48046875 0.0126953125 0.0263671875 0.025390625
0 0.4033203125 0.0126953125 0.01953125 0.025390625
0 0.1630859375 0.2099609375 0.02734375 0.056640625