2 0.2529296875 0.1552734375 0.0146484375 0.048828125
0 0.591796875 0.2080078125 0.0458984375 0.0947265625
2 0.517578125 0.5634765625 0.0380859375 0.1181640625
0 0.4287109375 0.4453125 0.087890625 0.212890625
0 0.5546875 0.4365234375 0.08203125 0.158203125
0 0.416015625 0.1142578125 0.0390625 0.0693359375
0 0.6689453125 0.416015625 0.09375 0.1875
0 0.546875 0.08984375 0.029296875 0.052734375
0 0.50390625 0.025390625 0.0244140625 0.0302734375
0 0.5517578125 0.2705078125 0.0654296875 0.119140625
2 0.59765625 0.318359375 0.0244140625 0.0751953125
0 0.5361328125 0.1787109375 0.05078125 0.0859375
2 0.76171875 0.470703125 0.0322265625 0.099609375
0 0.515625 0.0830078125 0.0185546875 0.0615234375
2 0.57421875 0.1640625 0.0205078125 0.05859375
2 0.8486328125 0.703125 0.041015625 0.119140625
0 0.3876953125 0.02734375 0.021484375 0.0400390625
0 0.5966796875 0.6904296875 0.1474609375 0.3837890625
2 0.88671875 0.9287109375 0.0458984375 0.134765625
0 0.431640625 0.0595703125 0.0322265625 0.0615234375
2 0.3076171875 0.05859375 0.0185546875 0.0400390625
2 0.7119140625 0.5849609375 0.03515625 0.091796875
2 0.8076171875 0.5 0.0341796875 0.1162109375
0 0.1982421875 0.20703125 0.0634765625 0.099609375
0 0.478515625 0.0126953125 0.025390625 0.025390625
2 0.634765625 0.2802734375 0.017578125 0.0517578125
3 0.34765625 0.0224609375 0.0244140625 0.0322265625
0 0.43359375 0.0205078125 0.0185546875 0.02734375
0 0.779296875 0.775390625 0.171875 0.4248046875
0 0.2822265625 0.83984375 0.2158203125 0.306640625
3 0.3828125 0.23046875 0.087890625 0.2333984375
0 0.36328125 0.04296875 0.0263671875 0.0419921875
3 0.47265625 0.0849609375 0.08203125 0.1357421875
3 0.412109375 0.0087890625 0.01953125 0.017578125