0 0.5546875 0.4384765625 0.08203125 0.169921875
0 0.6357421875 0.330078125 0.08984375 0.1865234375
2 0.5185546875 0.56640625 0.0390625 0.12109375
0 0.53515625 0.1708984375 0.048828125 0.078125
0 0.427734375 0.443359375 0.0947265625 0.2138671875
2 0.76171875 0.4677734375 0.0302734375 0.1044921875
0 0.41796875 0.111328125 0.04296875 0.0732421875
2 0.587890625 0.24609375 0.03125 0.09765625
0 0.548828125 0.236328125 0.0595703125 0.0888671875
0 0.5966796875 0.6923828125 0.1484375 0.390625
2 0.61328125 0.474609375 0.041015625 0.0634765625
2 0.5576171875 0.9453125 0.08203125 0.107421875
0 0.5263671875 0.078125 0.03125 0.076171875
2 0.3203125 0.0458984375 0.01171875 0.0361328125
2 0.4345703125 0.9326171875 0.0732421875 0.1259765625
0 0.283203125 0.841796875 0.2177734375 0.30859375
2 0.56640625 0.1591796875 0.03125 0.0595703125
0 0.5087890625 0.0263671875 0.046875 0.052734375
3 0.474609375 0.083984375 0.083984375 0.140625
0 0.779296875 0.775390625 0.1669921875 0.421875
3 0.3828125 0.24609375 0.0859375 0.2041015625
0 0.4462890625 0.0146484375 0.0263671875 0.029296875
0 0.4306640625 0.0478515625 0.03515625 0.0400390625
0 0.48046875 0.013671875 0.029296875 0.0263671875