0 0.541015625 0.330078125 0.0732421875 0.1708984375
0 0.4111328125 0.1142578125 0.041015625 0.0732421875
0 0.3798828125 0.22265625 0.0673828125 0.1162109375
0 0.5029296875 0.0595703125 0.025390625 0.06640625
0 0.4423828125 0.0283203125 0.0224609375 0.0517578125
2 0.7548828125 0.693359375 0.044921875 0.0859375
0 0.44140625 0.3837890625 0.0908203125 0.1982421875
2 0.8330078125 0.7509765625 0.05078125 0.1142578125
3 0.4677734375 0.208984375 0.087890625 0.1982421875
3 0.541015625 0.109375 0.064453125 0.154296875
2 0.330078125 0.5576171875 0.0439453125 0.08203125
0 0.5927734375 0.7041015625 0.126953125 0.30859375
2 0.2802734375 0.1513671875 0.0146484375 0.044921875
2 0.7080078125 0.91015625 0.0576171875 0.1748046875
2 0.6171875 0.5322265625 0.0390625 0.078125
0 0.30859375 0.40234375 0.0986328125 0.193359375
0 0.5537109375 0.224609375 0.0419921875 0.1025390625
0 0.40625 0.6259765625 0.115234375 0.2080078125
0 0.365234375 0.0224609375 0.013671875 0.0361328125
0 0.1845703125 0.677734375 0.177734375 0.341796875
3 0.4697265625 0.099609375 0.0703125 0.0654296875