2 0.265625 0.125 0.017578125 0.0361328125
2 0.724609375 0.5166015625 0.037109375 0.119140625
0 0.31640625 0.0673828125 0.0302734375 0.037109375
2 0.2841796875 0.150390625 0.0126953125 0.0400390625
0 0.318359375 0.107421875 0.0341796875 0.0595703125
0 0.5166015625 0.0830078125 0.017578125 0.0517578125
2 0.537109375 0.28515625 0.0244140625 0.0830078125
2 0.62890625 0.3408203125 0.0224609375 0.0849609375
2 0.65625 0.423828125 0.0302734375 0.095703125
0 0.5283203125 0.1376953125 0.0341796875 0.072265625
0 0.48046875 0.015625 0.01953125 0.0205078125
0 0.591796875 0.205078125 0.041015625 0.099609375
2 0.537109375 0.61328125 0.0400390625 0.1513671875
0 0.2197265625 0.193359375 0.04296875 0.06640625
0 0.353515625 0.068359375 0.0400390625 0.0625
2 0.595703125 0.3798828125 0.02734375 0.1044921875
2 0.58203125 0.56640625 0.0380859375 0.1162109375
2 0.4296875 0.1318359375 0.01953125 0.052734375
2 0.5556640625 0.3984375 0.033203125 0.1142578125
2 0.619140625 0.5556640625 0.037109375 0.1142578125
2 0.6611328125 0.7109375 0.056640625 0.177734375
0 0.5234375 0.017578125 0.02734375 0.03515625
0 0.4326171875 0.021484375 0.021484375 0.0322265625
2 0.537109375 0.2021484375 0.017578125 0.0517578125
2 0.75 0.79296875 0.05859375 0.1884765625
0 0.3505859375 0.0166015625 0.0166015625 0.033203125
0 0.435546875 0.6240234375 0.1357421875 0.3427734375
2 0.556640625 0.119140625 0.013671875 0.0419921875
2 0.7978515625 0.6552734375 0.05078125 0.1513671875
2 0.599609375 0.263671875 0.0205078125 0.0615234375
3 0.380859375 0.24609375 0.08203125 0.205078125
2 0.556640625 0.2509765625 0.0224609375 0.08203125
0 0.4345703125 0.0576171875 0.0283203125 0.048828125
2 0.134765625 0.212890625 0.01953125 0.05859375
0 0.28125 0.841796875 0.21484375 0.3056640625
3 0.46484375 0.234375 0.1015625 0.421875
3 0.375 0.0224609375 0.0234375 0.044921875
3 0.4013671875 0.0166015625 0.021484375 0.033203125