2 0.31640625 0.103515625 0.01171875 0.04296875
2 0.34765625 0.107421875 0.0107421875 0.0361328125
0 0.5888671875 0.1884765625 0.04296875 0.0791015625
2 0.21875 0.2333984375 0.0234375 0.0615234375
2 0.3515625 0.044921875 0.009765625 0.0361328125
0 0.53515625 0.16796875 0.048828125 0.078125
2 0.25390625 0.173828125 0.0166015625 0.04296875
2 0.7607421875 0.4677734375 0.0322265625 0.107421875
0 0.556640625 0.318359375 0.0751953125 0.1552734375
0 0.4189453125 0.1025390625 0.044921875 0.0888671875
2 0.2666015625 0.140625 0.013671875 0.0390625
0 0.4287109375 0.4462890625 0.0927734375 0.21484375
2 0.3291015625 0.0478515625 0.009765625 0.03515625
0 0.6650390625 0.4169921875 0.095703125 0.18359375
2 0.3193359375 0.056640625 0.0126953125 0.0400390625
2 0.6083984375 0.244140625 0.0283203125 0.072265625
2 0.36328125 0.0224609375 0.009765625 0.02734375
0 0.43359375 0.0224609375 0.0234375 0.0322265625
2 0.689453125 0.287109375 0.0322265625 0.0732421875
0 0.53515625 0.0517578125 0.0244140625 0.0390625
2 0.3251953125 0.1796875 0.0146484375 0.03515625
0 0.515625 0.0859375 0.0185546875 0.06640625
2 0.5234375 0.5576171875 0.0498046875 0.1318359375
0 0.50390625 0.0166015625 0.0263671875 0.033203125
2 0.88671875 0.9296875 0.0517578125 0.134765625
2 0.857421875 0.7216796875 0.02734375 0.1015625
0 0.5947265625 0.6923828125 0.1474609375 0.384765625
3 0.47265625 0.0849609375 0.0830078125 0.1357421875
0 0.28125 0.8427734375 0.2158203125 0.3037109375
3 0.3818359375 0.234375 0.08984375 0.224609375
0 0.78125 0.775390625 0.169921875 0.4208984375
0 0.48046875 0.013671875 0.02734375 0.0263671875
3 0.3896484375 0.02734375 0.033203125 0.0546875