2 0.7900390625 0.46484375 0.029296875 0.0986328125
2 0.662109375 0.505859375 0.03125 0.0791015625
0 0.53125 0.2451171875 0.0537109375 0.1015625
0 0.50390625 0.0634765625 0.0244140625 0.0625
0 0.572265625 0.5107421875 0.0888671875 0.2138671875
0 0.4033203125 0.1416015625 0.04296875 0.080078125
0 0.44140625 0.0302734375 0.0224609375 0.0517578125
0 0.5498046875 0.1826171875 0.0478515625 0.056640625
0 0.541015625 0.0947265625 0.0615234375 0.119140625
0 0.501953125 0.0185546875 0.0205078125 0.037109375
0 0.4189453125 0.076171875 0.0478515625 0.095703125
0 0.3984375 0.017578125 0.0185546875 0.03515625
0 0.3740234375 0.2412109375 0.0390625 0.119140625
0 0.353515625 0.0537109375 0.02734375 0.0498046875
3 0.2333984375 0.5234375 0.287109375 0.72265625
3 0.78515625 0.7548828125 0.2578125 0.484375