2 0.22265625 0.23046875 0.017578125 0.0419921875
2 0.623046875 0.16015625 0.013671875 0.04296875
2 0.236328125 0.181640625 0.01171875 0.048828125
0 0.5888671875 0.1943359375 0.04296875 0.0859375
0 0.5478515625 0.232421875 0.05859375 0.0849609375
2 0.8134765625 0.50390625 0.0400390625 0.1083984375
0 0.4150390625 0.1162109375 0.041015625 0.0693359375
2 0.25 0.138671875 0.0126953125 0.05859375
0 0.66796875 0.421875 0.0859375 0.19140625
0 0.5556640625 0.44140625 0.0849609375 0.16796875
0 0.427734375 0.4462890625 0.0888671875 0.220703125
2 0.1572265625 0.2412109375 0.015625 0.0498046875
2 0.69921875 0.248046875 0.017578125 0.04296875
2 0.6201171875 0.2080078125 0.0126953125 0.0458984375
2 0.6943359375 0.2958984375 0.0205078125 0.0615234375
2 0.330078125 0.234375 0.0322265625 0.052734375
0 0.525390625 0.1240234375 0.0341796875 0.0400390625
0 0.4326171875 0.0224609375 0.0234375 0.0302734375
0 0.54296875 0.0703125 0.03125 0.0537109375
2 0.76171875 0.474609375 0.03125 0.1044921875
2 0.408203125 0.013671875 0.0107421875 0.02734375
2 0.84765625 0.70703125 0.0400390625 0.119140625
2 0.5634765625 0.1787109375 0.0205078125 0.0615234375
0 0.59765625 0.6953125 0.1474609375 0.3876953125
2 0.8837890625 0.9384765625 0.04296875 0.119140625
0 0.4326171875 0.060546875 0.033203125 0.0654296875
0 0.50390625 0.0283203125 0.0263671875 0.0400390625
2 0.3857421875 0.0185546875 0.0185546875 0.03515625
0 0.48046875 0.01171875 0.0263671875 0.0234375
0 0.779296875 0.7744140625 0.171875 0.423828125
0 0.279296875 0.83984375 0.220703125 0.306640625
3 0.380859375 0.2470703125 0.083984375 0.2109375
3 0.4736328125 0.0869140625 0.0830078125 0.1376953125
0 0.5146484375 0.0751953125 0.0205078125 0.0556640625
3 0.3154296875 0.080078125 0.0810546875 0.15234375