2 0.791015625 0.466796875 0.0283203125 0.09765625
2 0.599609375 0.15234375 0.0185546875 0.04296875
2 0.1240234375 0.2568359375 0.025390625 0.06640625
2 0.6240234375 0.142578125 0.0126953125 0.037109375
0 0.412109375 0.111328125 0.04296875 0.080078125
0 0.44140625 0.0283203125 0.0224609375 0.048828125
0 0.552734375 0.2255859375 0.05078125 0.109375
2 0.6318359375 0.4755859375 0.0341796875 0.0625
2 0.6337890625 0.1416015625 0.0126953125 0.0390625
0 0.50390625 0.0634765625 0.0224609375 0.056640625
0 0.5712890625 0.5126953125 0.087890625 0.216796875
0 0.5400390625 0.05859375 0.056640625 0.056640625
0 0.3857421875 0.19921875 0.0498046875 0.109375
3 0.7861328125 0.755859375 0.25390625 0.4873046875
3 0.2353515625 0.525390625 0.2880859375 0.7265625