0 0.59375 0.2099609375 0.0439453125 0.0947265625
2 0.2587890625 0.1748046875 0.0205078125 0.05859375
2 0.2607421875 0.1240234375 0.0263671875 0.046875
2 0.8046875 0.4931640625 0.0361328125 0.1220703125
0 0.5546875 0.443359375 0.08203125 0.1552734375
0 0.4287109375 0.447265625 0.091796875 0.2197265625
0 0.556640625 0.318359375 0.07421875 0.14453125
2 0.5166015625 0.55859375 0.04296875 0.12890625
0 0.66796875 0.4208984375 0.0927734375 0.197265625
0 0.5361328125 0.1748046875 0.048828125 0.080078125
0 0.546875 0.087890625 0.029296875 0.0517578125
0 0.4150390625 0.119140625 0.037109375 0.0712890625
2 0.59765625 0.318359375 0.0234375 0.076171875
0 0.59765625 0.6962890625 0.1474609375 0.388671875
2 0.61328125 0.4033203125 0.0478515625 0.1240234375
2 0.2890625 0.134765625 0.01171875 0.046875
2 0.76953125 0.482421875 0.0361328125 0.0888671875
2 0.8828125 0.90625 0.0478515625 0.16796875
2 0.55078125 0.939453125 0.0673828125 0.115234375
2 0.8798828125 0.7607421875 0.04296875 0.1240234375
2 0.3154296875 0.1318359375 0.0205078125 0.0390625
0 0.43359375 0.025390625 0.0234375 0.0322265625
0 0.5166015625 0.087890625 0.0185546875 0.068359375
0 0.50390625 0.0166015625 0.0263671875 0.033203125
3 0.3818359375 0.248046875 0.083984375 0.201171875
0 0.2822265625 0.83984375 0.216796875 0.306640625
0 0.779296875 0.7763671875 0.1708984375 0.421875
0 0.48046875 0.0126953125 0.0244140625 0.025390625
0 0.4306640625 0.05859375 0.0341796875 0.0498046875
3 0.4736328125 0.0859375 0.0830078125 0.1357421875