2 0.791015625 0.466796875 0.0302734375 0.091796875
2 0.5849609375 0.1767578125 0.0224609375 0.048828125
2 0.5947265625 0.2333984375 0.0185546875 0.0751953125
2 0.7587890625 0.4248046875 0.041015625 0.0830078125
2 0.6328125 0.443359375 0.0322265625 0.1025390625
0 0.53125 0.25 0.056640625 0.1025390625
0 0.416015625 0.09765625 0.0419921875 0.0859375
2 0.1201171875 0.2490234375 0.0224609375 0.0537109375
0 0.4404296875 0.029296875 0.021484375 0.046875
0 0.50390625 0.0615234375 0.0224609375 0.0634765625
0 0.5712890625 0.513671875 0.0859375 0.2099609375
0 0.3984375 0.1669921875 0.0517578125 0.111328125
0 0.5009765625 0.017578125 0.021484375 0.03515625
0 0.5400390625 0.06640625 0.0576171875 0.0712890625
0 0.283203125 0.0517578125 0.052734375 0.0498046875
3 0.232421875 0.5224609375 0.28515625 0.7236328125