2 0.736328125 0.5400390625 0.033203125 0.107421875
2 0.5859375 0.41015625 0.0283203125 0.08984375
0 0.5126953125 0.0693359375 0.03125 0.0390625
0 0.529296875 0.103515625 0.041015625 0.0517578125
0 0.44140625 0.02734375 0.0205078125 0.044921875
0 0.412109375 0.109375 0.0419921875 0.076171875
2 0.6103515625 0.48046875 0.03515625 0.125
0 0.3857421875 0.19921875 0.05078125 0.1181640625
0 0.5712890625 0.1357421875 0.03515625 0.0302734375
0 0.548828125 0.4462890625 0.0576171875 0.2294921875
0 0.5263671875 0.1650390625 0.044921875 0.0947265625
0 0.46484375 0.2158203125 0.0595703125 0.107421875
0 0.3671875 0.0263671875 0.0166015625 0.0361328125
3 0.5830078125 0.2529296875 0.078125 0.2392578125
0 0.1025390625 0.3935546875 0.0439453125 0.181640625
3 0.2197265625 0.18359375 0.0712890625 0.080078125
3 0.23046875 0.525390625 0.2841796875 0.7294921875