2 0.62109375 0.357421875 0.0224609375 0.0732421875
2 0.5966796875 0.236328125 0.0166015625 0.056640625
0 0.5458984375 0.2255859375 0.05859375 0.1123046875
2 0.791015625 0.46484375 0.03125 0.08984375
0 0.501953125 0.0634765625 0.025390625 0.0712890625
0 0.4150390625 0.0986328125 0.0439453125 0.0830078125
0 0.5703125 0.5126953125 0.083984375 0.2138671875
0 0.625 0.6796875 0.119140625 0.3486328125
0 0.44140625 0.0361328125 0.0244140625 0.0498046875
0 0.5009765625 0.01953125 0.01953125 0.0390625
3 0.7841796875 0.7548828125 0.259765625 0.490234375
3 0.2333984375 0.5283203125 0.2919921875 0.734375