2 0.609375 0.33984375 0.0244140625 0.0732421875
2 0.6474609375 0.3369140625 0.0205078125 0.0712890625
2 0.5615234375 0.158203125 0.01171875 0.044921875
2 0.591796875 0.21484375 0.017578125 0.06640625
2 0.626953125 0.4501953125 0.029296875 0.0859375
0 0.4111328125 0.1142578125 0.0400390625 0.080078125
0 0.533203125 0.2431640625 0.052734375 0.1025390625
2 0.6357421875 0.8837890625 0.0849609375 0.177734375
0 0.44140625 0.03515625 0.021484375 0.05859375
0 0.4609375 0.2412109375 0.0595703125 0.0927734375
0 0.572265625 0.513671875 0.0849609375 0.212890625