0 0.3232421875 0.06640625 0.02734375 0.048828125
2 0.5185546875 0.185546875 0.01953125 0.0537109375
0 0.3408203125 0.03515625 0.0224609375 0.0419921875
0 0.5439453125 0.2353515625 0.05859375 0.12109375
0 0.41796875 0.1103515625 0.044921875 0.08203125
3 0.3193359375 0.126953125 0.0341796875 0.068359375
0 0.6044921875 0.306640625 0.0732421875 0.1748046875
2 0.5888671875 0.1865234375 0.0263671875 0.0595703125
2 0.36328125 0.0712890625 0.0107421875 0.033203125
0 0.43359375 0.0341796875 0.02734375 0.0400390625
0 0.4287109375 0.439453125 0.099609375 0.2041015625
2 0.263671875 0.10546875 0.0234375 0.044921875
0 0.5078125 0.0146484375 0.0146484375 0.0263671875
0 0.4873046875 0.013671875 0.0224609375 0.0263671875
0 0.259765625 0.1904296875 0.0634765625 0.10546875
2 0.5205078125 0.11328125 0.01953125 0.0517578125
2 0.54296875 0.4150390625 0.029296875 0.095703125
0 0.6103515625 0.6533203125 0.138671875 0.359375
0 0.4462890625 0.013671875 0.01953125 0.025390625
2 0.337890625 0.0732421875 0.01171875 0.0458984375
3 0.3837890625 0.25390625 0.0908203125 0.24609375
2 0.5615234375 0.2919921875 0.0166015625 0.0537109375
0 0.130859375 0.298828125 0.0966796875 0.1455078125
2 0.5693359375 0.19921875 0.01953125 0.048828125
0 0.541015625 0.072265625 0.0224609375 0.046875
2 0.6083984375 0.2080078125 0.0185546875 0.0400390625
2 0.3046875 0.087890625 0.017578125 0.05859375
0 0.2041015625 0.1767578125 0.0244140625 0.0537109375
0 0.1669921875 0.216796875 0.0634765625 0.0888671875
3 0.25 0.53125 0.24609375 0.5205078125
3 0.474609375 0.08984375 0.0791015625 0.1455078125
0 0.3681640625 0.0185546875 0.01953125 0.037109375