0 0.5615234375 0.162109375 0.0380859375 0.0859375
0 0.4228515625 0.091796875 0.02734375 0.0361328125
0 0.5068359375 0.0400390625 0.02734375 0.0361328125
2 0.59375 0.2236328125 0.03125 0.0830078125
0 0.45703125 0.0771484375 0.0380859375 0.0712890625
0 0.51171875 0.1337890625 0.041015625 0.0791015625
3 0.4228515625 0.37890625 0.16796875 0.54296875
0 0.4521484375 0.017578125 0.02734375 0.03515625
0 0.4716796875 0.025390625 0.0146484375 0.029296875
0 0.4326171875 0.046875 0.0283203125 0.0400390625
3 0.181640625 0.6015625 0.20703125 0.572265625
0 0.3349609375 0.2939453125 0.0556640625 0.162109375
0 0.64453125 0.34765625 0.07421875 0.1123046875
0 0.3056640625 0.4208984375 0.06640625 0.2197265625