0 0.52734375 0.1064453125 0.0322265625 0.0595703125
2 0.3056640625 0.0537109375 0.0126953125 0.0458984375
0 0.41796875 0.111328125 0.04296875 0.087890625
2 0.8095703125 0.869140625 0.0576171875 0.1943359375
0 0.349609375 0.033203125 0.0205078125 0.0498046875
0 0.5732421875 0.1591796875 0.0390625 0.08203125
0 0.5390625 0.0615234375 0.021484375 0.0498046875
2 0.7373046875 0.8759765625 0.0712890625 0.18359375
0 0.390625 0.037109375 0.025390625 0.0537109375
0 0.4287109375 0.447265625 0.095703125 0.216796875
0 0.5107421875 0.0205078125 0.033203125 0.041015625
0 0.48046875 0.013671875 0.0263671875 0.0263671875
0 0.4345703125 0.05078125 0.0263671875 0.0458984375
0 0.5732421875 0.4970703125 0.107421875 0.275390625
3 0.6484375 0.349609375 0.1171875 0.3017578125
0 0.447265625 0.015625 0.0224609375 0.02734375
2 0.3251953125 0.0537109375 0.0126953125 0.04296875
2 0.546875 0.3310546875 0.0234375 0.0732421875
2 0.279296875 0.0517578125 0.01953125 0.033203125
2 0.5693359375 0.3671875 0.0390625 0.0625
0 0.2802734375 0.841796875 0.216796875 0.3056640625
0 0.369140625 0.0400390625 0.021484375 0.05859375
3 0.3818359375 0.236328125 0.0869140625 0.23046875
0 0.7138671875 0.9775390625 0.126953125 0.044921875