2 0.1884765625 0.244140625 0.017578125 0.0458984375
2 0.23046875 0.193359375 0.017578125 0.0390625
0 0.35546875 0.2734375 0.0810546875 0.138671875
0 0.3916015625 0.1669921875 0.0556640625 0.1025390625
2 0.271484375 0.0537109375 0.01953125 0.0361328125
2 0.28515625 0.0537109375 0.015625 0.02734375
2 0.392578125 0.02734375 0.01171875 0.0361328125
0 0.302734375 0.412109375 0.0986328125 0.2177734375
0 0.3642578125 0.0361328125 0.0234375 0.044921875
0 0.3212890625 0.0419921875 0.0205078125 0.0419921875
3 0.5458984375 0.1572265625 0.07421875 0.216796875
0 0.5126953125 0.0224609375 0.033203125 0.044921875
0 0.4345703125 0.05859375 0.0244140625 0.0849609375
0 0.21484375 0.6572265625 0.1640625 0.369140625
0 0.09375 0.265625 0.02734375 0.087890625
3 0.3984375 0.587890625 0.1728515625 0.552734375
0 0.50390625 0.0830078125 0.029296875 0.111328125
0 0.578125 0.623046875 0.125 0.3212890625
0 0.5654296875 0.3212890625 0.07421875 0.1611328125
3 0.4580078125 0.2431640625 0.0859375 0.1806640625