2 0.62109375 0.4501953125 0.03125 0.0830078125
0 0.5556640625 0.208984375 0.048828125 0.1044921875
2 0.5927734375 0.181640625 0.015625 0.0458984375
2 0.5673828125 0.138671875 0.015625 0.04296875
2 0.12109375 0.2568359375 0.0205078125 0.0634765625
0 0.4423828125 0.03125 0.0244140625 0.0517578125
2 0.59765625 0.236328125 0.0185546875 0.0595703125
2 0.595703125 0.3447265625 0.0244140625 0.080078125
2 0.724609375 0.482421875 0.0322265625 0.06640625
0 0.4130859375 0.109375 0.0419921875 0.076171875
0 0.6259765625 0.6767578125 0.123046875 0.3427734375
0 0.5546875 0.3955078125 0.072265625 0.1650390625
3 0.517578125 0.0556640625 0.0478515625 0.111328125
0 0.4580078125 0.24609375 0.06640625 0.099609375
0 0.39453125 0.181640625 0.0556640625 0.1181640625