2 0.3076171875 0.15625 0.01171875 0.0458984375
2 0.2587890625 0.1962890625 0.01953125 0.0390625
0 0.58984375 0.1904296875 0.0439453125 0.0888671875
2 0.33984375 0.0869140625 0.0107421875 0.037109375
2 0.130859375 0.23828125 0.01953125 0.0537109375
0 0.4169921875 0.115234375 0.0400390625 0.0693359375
0 0.5478515625 0.2412109375 0.05859375 0.0947265625
2 0.62109375 0.15234375 0.0107421875 0.033203125
0 0.4287109375 0.4462890625 0.087890625 0.212890625
2 0.8115234375 0.4970703125 0.0380859375 0.10546875
2 0.8046875 0.37890625 0.025390625 0.068359375
0 0.6669921875 0.42578125 0.0869140625 0.201171875
2 0.8369140625 0.65234375 0.046875 0.119140625
0 0.556640625 0.44140625 0.083984375 0.1513671875
0 0.5166015625 0.080078125 0.01953125 0.0556640625
0 0.5439453125 0.0771484375 0.029296875 0.0517578125
3 0.2216796875 0.1474609375 0.04296875 0.0849609375
0 0.5244140625 0.1240234375 0.033203125 0.0390625
2 0.5634765625 0.1767578125 0.021484375 0.06640625
2 0.5185546875 0.5615234375 0.0439453125 0.130859375
2 0.162109375 0.2568359375 0.0146484375 0.046875
0 0.5966796875 0.693359375 0.146484375 0.3857421875
0 0.5048828125 0.0263671875 0.02734375 0.0390625
2 0.3212890625 0.2392578125 0.0146484375 0.033203125
0 0.4326171875 0.052734375 0.0322265625 0.052734375
2 0.7568359375 0.466796875 0.0263671875 0.080078125
2 0.607421875 0.267578125 0.02734375 0.0712890625
0 0.4462890625 0.0166015625 0.025390625 0.033203125
0 0.2802734375 0.8408203125 0.2158203125 0.306640625
0 0.48046875 0.0126953125 0.0263671875 0.025390625
0 0.7802734375 0.7744140625 0.16796875 0.4267578125
0 0.3759765625 0.2763671875 0.072265625 0.150390625
3 0.474609375 0.083984375 0.08203125 0.140625
3 0.3271484375 0.0322265625 0.068359375 0.064453125