0 0.3896484375 0.1494140625 0.0517578125 0.1015625
0 0.5380859375 0.1982421875 0.05078125 0.1142578125
2 0.51953125 0.7060546875 0.0498046875 0.173828125
2 0.6044921875 0.40234375 0.029296875 0.095703125
0 0.51171875 0.0322265625 0.0205078125 0.0302734375
0 0.4326171875 0.4072265625 0.076171875 0.18359375
0 0.46875 0.1455078125 0.0439453125 0.0927734375
0 0.5283203125 0.125 0.0380859375 0.0634765625
2 0.73828125 0.73828125 0.05078125 0.16796875
2 0.73046875 0.5126953125 0.033203125 0.1142578125
0 0.3330078125 0.3330078125 0.07421875 0.1337890625
0 0.41796875 0.1044921875 0.03515625 0.0732421875
2 0.5234375 0.5390625 0.037109375 0.099609375
0 0.4384765625 0.056640625 0.0283203125 0.0615234375
0 0.51953125 0.060546875 0.02734375 0.03515625
0 0.4765625 0.013671875 0.01953125 0.02734375
2 0.2607421875 0.59765625 0.041015625 0.130859375
0 0.3671875 0.673828125 0.13671875 0.30859375
0 0.6337890625 0.67578125 0.1328125 0.3544921875
2 0.6650390625 0.5068359375 0.04296875 0.1083984375
2 0.5732421875 0.9306640625 0.068359375 0.130859375
2 0.55859375 0.130859375 0.0205078125 0.05859375
2 0.48046875 0.9365234375 0.0712890625 0.1162109375
2 0.796875 0.923828125 0.0732421875 0.14453125
0 0.2958984375 0.1103515625 0.04296875 0.068359375
2 0.3076171875 0.951171875 0.0771484375 0.0927734375
0 0.1728515625 0.7587890625 0.185546875 0.45703125