2 0.3037109375 0.1533203125 0.0166015625 0.03515625
0 0.3095703125 0.0810546875 0.03515625 0.0517578125
0 0.38671875 0.1982421875 0.05078125 0.1162109375
0 0.4111328125 0.1044921875 0.0361328125 0.06640625
0 0.55859375 0.1171875 0.0390625 0.08984375
0 0.5283203125 0.0615234375 0.0234375 0.0556640625
0 0.6015625 0.3134765625 0.0751953125 0.150390625
0 0.5126953125 0.1015625 0.025390625 0.0615234375
0 0.44140625 0.03125 0.021484375 0.048828125
0 0.27734375 0.0625 0.0234375 0.0390625
0 0.3701171875 0.05859375 0.0263671875 0.046875
0 0.5009765625 0.060546875 0.0244140625 0.0458984375
0 0.6572265625 0.4599609375 0.1025390625 0.2177734375