2 0.61328125 0.33984375 0.0244140625 0.0712890625
2 0.6796875 0.4638671875 0.0244140625 0.0830078125
2 0.7919921875 0.46484375 0.0322265625 0.095703125
2 0.6025390625 0.15234375 0.0244140625 0.048828125
0 0.5341796875 0.24609375 0.0556640625 0.099609375
0 0.4169921875 0.09765625 0.0419921875 0.080078125
0 0.4423828125 0.0302734375 0.0234375 0.048828125
0 0.501953125 0.05859375 0.025390625 0.08203125
0 0.541015625 0.0634765625 0.0576171875 0.06640625
0 0.5712890625 0.513671875 0.0849609375 0.2109375
0 0.32421875 0.0458984375 0.029296875 0.0390625
0 0.3876953125 0.1962890625 0.052734375 0.1162109375
0 0.54296875 0.1787109375 0.060546875 0.0712890625
3 0.234375 0.5234375 0.29296875 0.724609375
3 0.7841796875 0.7509765625 0.2587890625 0.4931640625