2 0.6015625 0.1494140625 0.0166015625 0.0400390625
2 0.791015625 0.46484375 0.03125 0.09765625
0 0.533203125 0.2509765625 0.0576171875 0.10546875
0 0.4150390625 0.099609375 0.041015625 0.0791015625
0 0.44140625 0.0322265625 0.0224609375 0.0556640625
0 0.572265625 0.513671875 0.0849609375 0.21484375
0 0.5400390625 0.068359375 0.05859375 0.076171875
0 0.3984375 0.1669921875 0.05078125 0.1123046875
0 0.50390625 0.05859375 0.0244140625 0.0693359375
3 0.234375 0.5234375 0.2890625 0.72265625
3 0.787109375 0.7568359375 0.25 0.486328125