2 0.7890625 0.47265625 0.02734375 0.0859375
2 0.6591796875 0.5048828125 0.0322265625 0.0791015625
2 0.115234375 0.244140625 0.021484375 0.0634765625
2 0.5966796875 0.130859375 0.0146484375 0.0400390625
0 0.5478515625 0.224609375 0.0625 0.111328125
2 0.3447265625 0.083984375 0.0146484375 0.04296875
2 0.6298828125 0.4775390625 0.0361328125 0.0654296875
0 0.41015625 0.119140625 0.04296875 0.0859375
2 0.580078125 0.138671875 0.017578125 0.056640625
0 0.5732421875 0.513671875 0.0888671875 0.212890625
0 0.50390625 0.0654296875 0.021484375 0.06640625
2 0.3203125 0.0517578125 0.01171875 0.037109375
2 0.630859375 0.1416015625 0.0224609375 0.0390625
0 0.38671875 0.1982421875 0.0498046875 0.109375
3 0.5400390625 0.1064453125 0.0615234375 0.140625
0 0.44140625 0.0322265625 0.0224609375 0.0498046875
3 0.36328125 0.0390625 0.02734375 0.052734375
0 0.4638671875 0.208984375 0.064453125 0.1181640625
0 0.501953125 0.01953125 0.0205078125 0.0390625
3 0.7880859375 0.755859375 0.2490234375 0.4873046875
3 0.232421875 0.525390625 0.2861328125 0.7275390625