2 0.5595703125 0.2783203125 0.0185546875 0.0625
2 0.6083984375 0.2724609375 0.01953125 0.0615234375
2 0.53125 0.306640625 0.025390625 0.08984375
0 0.2158203125 0.2275390625 0.056640625 0.107421875
0 0.265625 0.10546875 0.037109375 0.0634765625
2 0.6689453125 0.5107421875 0.0400390625 0.134765625
0 0.43359375 0.0205078125 0.0205078125 0.0322265625
2 0.576171875 0.3515625 0.0205078125 0.05859375
2 0.8173828125 0.662109375 0.0556640625 0.1611328125
0 0.41796875 0.1181640625 0.0400390625 0.0751953125
0 0.435546875 0.056640625 0.02734375 0.0458984375
2 0.5390625 0.2392578125 0.0205078125 0.05859375
2 0.5888671875 0.216796875 0.01953125 0.05859375
0 0.3671875 0.025390625 0.0146484375 0.029296875
2 0.521484375 0.19921875 0.0185546875 0.068359375
2 0.607421875 0.361328125 0.03515625 0.0693359375
0 0.48046875 0.01171875 0.0234375 0.0234375
0 0.515625 0.03125 0.0244140625 0.0400390625
0 0.4287109375 0.4365234375 0.091796875 0.197265625
0 0.369140625 0.0634765625 0.0263671875 0.052734375
0 0.5234375 0.1083984375 0.025390625 0.0615234375
0 0.3310546875 0.06640625 0.0263671875 0.052734375
0 0.4072265625 0.0107421875 0.013671875 0.021484375
3 0.2734375 0.0478515625 0.0439453125 0.0654296875
2 0.5751953125 0.287109375 0.017578125 0.048828125
2 0.306640625 0.0810546875 0.015625 0.04296875
3 0.3818359375 0.2451171875 0.0888671875 0.212890625
3 0.310546875 0.0419921875 0.0234375 0.052734375
0 0.2822265625 0.841796875 0.2138671875 0.3056640625
0 0.267578125 0.1669921875 0.05078125 0.087890625
0 0.5966796875 0.486328125 0.1005859375 0.2265625
0 0.341796875 0.0185546875 0.017578125 0.029296875
3 0.47265625 0.0986328125 0.0869140625 0.158203125