0 0.38671875 0.1806640625 0.0517578125 0.09765625
0 0.5029296875 0.1689453125 0.04296875 0.087890625
0 0.4326171875 0.0615234375 0.0244140625 0.044921875
0 0.513671875 0.068359375 0.02734375 0.04296875
2 0.625 0.3466796875 0.02734375 0.0927734375
0 0.5380859375 0.2646484375 0.0576171875 0.134765625
0 0.416015625 0.119140625 0.03125 0.068359375
0 0.4697265625 0.1015625 0.0283203125 0.0634765625
2 0.5693359375 0.173828125 0.015625 0.052734375
2 0.5771484375 0.583984375 0.0419921875 0.142578125
2 0.4892578125 0.263671875 0.03125 0.0830078125
0 0.576171875 0.3564453125 0.0712890625 0.1708984375
2 0.6015625 0.2587890625 0.01953125 0.0517578125
2 0.65234375 0.4609375 0.0283203125 0.0859375
2 0.5576171875 0.1474609375 0.017578125 0.048828125
2 0.62109375 0.2802734375 0.01953125 0.0537109375
2 0.6875 0.5380859375 0.0322265625 0.1240234375
0 0.4453125 0.2255859375 0.048828125 0.0791015625
2 0.544921875 0.041015625 0.0146484375 0.0322265625
2 0.873046875 0.736328125 0.060546875 0.16796875
0 0.447265625 0.0234375 0.0244140625 0.0419921875
2 0.5 0.0693359375 0.009765625 0.02734375
0 0.505859375 0.0146484375 0.0224609375 0.029296875
2 0.587890625 0.216796875 0.0146484375 0.046875
2 0.52734375 0.15234375 0.021484375 0.0537109375
0 0.3408203125 0.275390625 0.0595703125 0.046875
0 0.5078125 0.4990234375 0.0419921875 0.2734375
2 0.763671875 0.767578125 0.0556640625 0.1875
3 0.34375 0.0390625 0.0302734375 0.072265625
3 0.4697265625 0.0390625 0.0302734375 0.0751953125