2 0.353515625 0.0546875 0.015625 0.0458984375
2 0.3388671875 0.0380859375 0.0087890625 0.029296875
0 0.4169921875 0.119140625 0.04296875 0.0791015625
0 0.544921875 0.265625 0.0576171875 0.1337890625
2 0.552734375 0.5546875 0.0419921875 0.1484375
0 0.5849609375 0.3740234375 0.0771484375 0.18359375
0 0.3193359375 0.0634765625 0.0283203125 0.037109375
0 0.4267578125 0.4462890625 0.0986328125 0.2109375
0 0.2626953125 0.1875 0.05859375 0.0888671875
2 0.2119140625 0.1982421875 0.0205078125 0.0400390625
2 0.51953125 0.1591796875 0.017578125 0.0654296875
2 0.298828125 0.1083984375 0.0166015625 0.044921875
0 0.4345703125 0.052734375 0.0283203125 0.046875
2 0.380859375 0.0537109375 0.01171875 0.03515625
2 0.27734375 0.076171875 0.01171875 0.037109375
0 0.1064453125 0.28515625 0.048828125 0.115234375
2 0.3291015625 0.22265625 0.0302734375 0.0595703125
0 0.65625 0.5302734375 0.1142578125 0.259765625
3 0.56640625 0.1337890625 0.0625 0.1611328125
3 0.5361328125 0.0517578125 0.033203125 0.072265625
3 0.4765625 0.0126953125 0.0244140625 0.025390625
3 0.3837890625 0.234375 0.0908203125 0.244140625
2 0.1708984375 0.2998046875 0.025390625 0.046875
2 0.6171875 0.919921875 0.0654296875 0.158203125
0 0.2822265625 0.84375 0.21484375 0.3037109375
0 0.5302734375 0.109375 0.0205078125 0.0615234375
3 0.474609375 0.0908203125 0.0849609375 0.1455078125
0 0.3935546875 0.0166015625 0.0205078125 0.033203125
3 0.4462890625 0.015625 0.0244140625 0.02734375
0 0.41015625 0.0126953125 0.01953125 0.025390625