2 0.61328125 0.326171875 0.021484375 0.06640625
2 0.630859375 0.4130859375 0.0244140625 0.08984375
2 0.6513671875 0.3818359375 0.0283203125 0.091796875
2 0.603515625 0.2451171875 0.01953125 0.056640625
0 0.5234375 0.1162109375 0.03515625 0.068359375
0 0.5556640625 0.3154296875 0.07421875 0.158203125
2 0.7255859375 0.41015625 0.04296875 0.1044921875
0 0.5341796875 0.06640625 0.02734375 0.0615234375
0 0.431640625 0.4345703125 0.09375 0.2001953125
2 0.5224609375 0.5771484375 0.048828125 0.1318359375
0 0.4169921875 0.119140625 0.04296875 0.076171875
0 0.5546875 0.109375 0.0341796875 0.0693359375
2 0.67578125 0.68359375 0.046875 0.16015625
0 0.515625 0.0283203125 0.0234375 0.04296875
0 0.48046875 0.01171875 0.0244140625 0.0234375
0 0.5966796875 0.6865234375 0.150390625 0.375
3 0.4736328125 0.0859375 0.08203125 0.1416015625
2 0.376953125 0.4384765625 0.041015625 0.1640625
0 0.26953125 0.0517578125 0.044921875 0.0537109375
0 0.78515625 0.7763671875 0.1748046875 0.419921875
2 0.86328125 0.8125 0.033203125 0.1640625
2 0.8984375 0.958984375 0.0361328125 0.0732421875
0 0.447265625 0.0146484375 0.0244140625 0.029296875
0 0.28125 0.8408203125 0.2177734375 0.3037109375
3 0.3818359375 0.244140625 0.087890625 0.2109375
0 0.4345703125 0.046875 0.02734375 0.03515625