2 0.140625 0.2177734375 0.013671875 0.048828125
0 0.255859375 0.1669921875 0.05859375 0.0859375
2 0.12890625 0.3232421875 0.0224609375 0.0634765625
0 0.5390625 0.0830078125 0.03515625 0.0517578125
0 0.5390625 0.03125 0.037109375 0.0625
2 0.1953125 0.228515625 0.021484375 0.0517578125
0 0.2724609375 0.10546875 0.0419921875 0.0556640625
0 0.5302734375 0.171875 0.044921875 0.0947265625
0 0.3232421875 0.1171875 0.037109375 0.0625
0 0.431640625 0.4443359375 0.1015625 0.2080078125
0 0.4150390625 0.119140625 0.0390625 0.0791015625
2 0.5771484375 0.1689453125 0.01953125 0.0517578125
0 0.4794921875 0.0126953125 0.0263671875 0.025390625
2 0.0986328125 0.2587890625 0.0234375 0.0625
0 0.583984375 0.38671875 0.0791015625 0.1875
2 0.171875 0.2138671875 0.015625 0.052734375
2 0.1494140625 0.3134765625 0.0166015625 0.0654296875
0 0.4345703125 0.0517578125 0.0263671875 0.0400390625
0 0.447265625 0.0146484375 0.0244140625 0.0263671875
0 0.58203125 0.2490234375 0.0576171875 0.115234375
2 0.5087890625 0.0244140625 0.01953125 0.04296875
2 0.3818359375 0.0400390625 0.013671875 0.0419921875
2 0.55078125 0.2900390625 0.0205078125 0.1025390625
3 0.3818359375 0.236328125 0.08984375 0.220703125
3 0.3623046875 0.064453125 0.03515625 0.056640625
3 0.248046875 0.525390625 0.251953125 0.53515625
0 0.41015625 0.013671875 0.015625 0.02734375
3 0.4755859375 0.0869140625 0.0810546875 0.134765625