2 0.27734375 0.1962890625 0.017578125 0.0458984375
2 0.259765625 0.169921875 0.0166015625 0.0419921875
2 0.3056640625 0.1455078125 0.015625 0.046875
2 0.18359375 0.205078125 0.015625 0.0458984375
2 0.12109375 0.3564453125 0.0322265625 0.0927734375
2 0.224609375 0.232421875 0.021484375 0.0400390625
2 0.328125 0.06640625 0.013671875 0.033203125
2 0.1337890625 0.27734375 0.0205078125 0.0556640625
2 0.34765625 0.1025390625 0.01171875 0.037109375
2 0.650390625 0.6201171875 0.0380859375 0.134765625
2 0.0947265625 0.28515625 0.025390625 0.0693359375
0 0.5869140625 0.2294921875 0.05078125 0.119140625
0 0.5546875 0.1416015625 0.0283203125 0.072265625
0 0.51953125 0.0634765625 0.0244140625 0.0498046875
0 0.4169921875 0.1162109375 0.0380859375 0.072265625
2 0.13671875 0.203125 0.017578125 0.04296875
2 0.2197265625 0.1826171875 0.01953125 0.037109375
2 0.2373046875 0.15234375 0.0166015625 0.0400390625
0 0.435546875 0.6259765625 0.13671875 0.34765625
2 0.6533203125 0.2607421875 0.013671875 0.052734375
2 0.2578125 0.1220703125 0.015625 0.0390625
3 0.380859375 0.251953125 0.08984375 0.2431640625
2 0.32421875 0.1787109375 0.015625 0.037109375
2 0.3955078125 0.0458984375 0.013671875 0.0390625
0 0.306640625 0.0673828125 0.01171875 0.03515625
3 0.2490234375 0.546875 0.24609375 0.525390625
0 0.525390625 0.1923828125 0.0390625 0.068359375
3 0.462890625 0.296875 0.0947265625 0.275390625
0 0.51953125 0.01953125 0.01953125 0.0302734375
0 0.4365234375 0.048828125 0.02734375 0.0517578125
0 0.484375 0.0185546875 0.0595703125 0.037109375
0 0.53125 0.12890625 0.02734375 0.0556640625
3 0.455078125 0.01171875 0.0166015625 0.017578125
3 0.4375 0.01171875 0.01953125 0.0234375