2 0.6123046875 0.30859375 0.0263671875 0.0693359375
2 0.5283203125 0.2275390625 0.01953125 0.0732421875
2 0.5732421875 0.5634765625 0.03125 0.1181640625
0 0.2666015625 0.169921875 0.0556640625 0.09765625
2 0.55078125 0.71875 0.0517578125 0.1875
0 0.5625 0.3525390625 0.078125 0.1767578125
2 0.6484375 0.330078125 0.0263671875 0.056640625
0 0.3486328125 0.078125 0.025390625 0.0556640625
0 0.4169921875 0.119140625 0.0400390625 0.0712890625
0 0.4326171875 0.029296875 0.02734375 0.0390625
2 0.3671875 0.0498046875 0.0146484375 0.0390625
0 0.318359375 0.1171875 0.04296875 0.0732421875
2 0.55078125 0.1796875 0.017578125 0.048828125
0 0.2080078125 0.2470703125 0.0712890625 0.1162109375
2 0.5830078125 0.244140625 0.0205078125 0.0625
0 0.4296875 0.443359375 0.1044921875 0.21484375
0 0.658203125 0.4912109375 0.0966796875 0.2626953125
0 0.509765625 0.017578125 0.0205078125 0.03515625
0 0.4912109375 0.017578125 0.0205078125 0.0234375
2 0.5625 0.24609375 0.025390625 0.0556640625
0 0.3486328125 0.0205078125 0.0185546875 0.037109375
2 0.61328125 0.25390625 0.0244140625 0.056640625
2 0.5244140625 0.134765625 0.0234375 0.052734375
2 0.755859375 0.5302734375 0.021484375 0.0751953125
3 0.3828125 0.25390625 0.08984375 0.24609375
0 0.2568359375 0.0654296875 0.03515625 0.0302734375
0 0.28125 0.8408203125 0.2158203125 0.3095703125
0 0.57421875 0.1728515625 0.03515625 0.1015625
3 0.4736328125 0.0908203125 0.08203125 0.142578125