0 0.52734375 0.1572265625 0.0361328125 0.076171875
0 0.556640625 0.1484375 0.0322265625 0.080078125
0 0.412109375 0.1064453125 0.0390625 0.068359375
0 0.62109375 0.341796875 0.083984375 0.169921875
0 0.5009765625 0.0537109375 0.0244140625 0.0537109375
0 0.3515625 0.0341796875 0.015625 0.037109375
0 0.44140625 0.029296875 0.0224609375 0.046875
0 0.388671875 0.20703125 0.052734375 0.1357421875
3 0.591796875 0.2001953125 0.0546875 0.1337890625
0 0.5380859375 0.109375 0.0234375 0.044921875
3 0.5341796875 0.05859375 0.0341796875 0.0693359375
3 0.2333984375 0.5234375 0.287109375 0.724609375
3 0.46875 0.1826171875 0.0703125 0.173828125