2 0.7900390625 0.462890625 0.0302734375 0.1025390625
2 0.6611328125 0.5107421875 0.0302734375 0.0849609375
2 0.6181640625 0.4453125 0.0302734375 0.0791015625
0 0.572265625 0.513671875 0.0869140625 0.212890625
0 0.50390625 0.0634765625 0.0224609375 0.05859375
0 0.4111328125 0.1142578125 0.041015625 0.080078125
3 0.541015625 0.10546875 0.0625 0.138671875
0 0.4423828125 0.025390625 0.0234375 0.04296875
0 0.5546875 0.2265625 0.046875 0.111328125
0 0.38671875 0.1962890625 0.0517578125 0.1083984375
0 0.3955078125 0.01953125 0.021484375 0.033203125
3 0.3681640625 0.03515625 0.0419921875 0.068359375
3 0.78515625 0.7548828125 0.2568359375 0.4873046875
3 0.236328125 0.525390625 0.2890625 0.7275390625