0 0.4501953125 0.19921875 0.0517578125 0.095703125
0 0.44140625 0.3701171875 0.078125 0.181640625
0 0.541015625 0.21875 0.0537109375 0.12109375
0 0.4990234375 0.0673828125 0.0224609375 0.0625
2 0.220703125 0.1982421875 0.021484375 0.05859375
0 0.3984375 0.15234375 0.041015625 0.078125
0 0.458984375 0.107421875 0.037109375 0.0751953125
3 0.529296875 0.0849609375 0.037109375 0.1123046875
0 0.5654296875 0.3486328125 0.07421875 0.1640625
0 0.34765625 0.263671875 0.080078125 0.1552734375
2 0.3798828125 0.0400390625 0.01171875 0.0419921875
3 0.4267578125 0.0693359375 0.0341796875 0.09765625
0 0.44921875 0.0361328125 0.0234375 0.05859375
0 0.2470703125 0.5400390625 0.130859375 0.2958984375
0 0.4755859375 0.0673828125 0.0244140625 0.0595703125
0 0.490234375 0.0146484375 0.017578125 0.029296875
2 0.5849609375 0.4833984375 0.0400390625 0.1357421875
0 0.564453125 0.154296875 0.029296875 0.0830078125
0 0.7353515625 0.5576171875 0.14453125 0.25390625