2 0.625 0.328125 0.025390625 0.0859375
2 0.791015625 0.4658203125 0.02734375 0.0927734375
2 0.7587890625 0.4267578125 0.0380859375 0.0791015625
0 0.53515625 0.25 0.05859375 0.111328125
0 0.41015625 0.1201171875 0.04296875 0.08984375
0 0.50390625 0.0615234375 0.0234375 0.0625
0 0.537109375 0.1787109375 0.0537109375 0.0634765625
0 0.572265625 0.5146484375 0.087890625 0.2099609375
0 0.4423828125 0.033203125 0.0244140625 0.0556640625
0 0.541015625 0.06640625 0.0576171875 0.068359375
0 0.3876953125 0.193359375 0.05078125 0.1083984375
3 0.2314453125 0.5234375 0.28515625 0.72265625