2 0.1171875 0.2431640625 0.0234375 0.0556640625
0 0.328125 0.0712890625 0.03515625 0.0556640625
0 0.4140625 0.1259765625 0.0302734375 0.0986328125
0 0.3505859375 0.2529296875 0.078125 0.1337890625
2 0.2138671875 0.21484375 0.0224609375 0.0595703125
2 0.5341796875 0.048828125 0.0263671875 0.0400390625
3 0.455078125 0.111328125 0.078125 0.2109375
0 0.5 0.119140625 0.0322265625 0.0712890625
3 0.548828125 0.23046875 0.0986328125 0.30859375
0 0.5068359375 0.0732421875 0.0302734375 0.0458984375
0 0.23828125 0.158203125 0.0419921875 0.080078125
0 0.4990234375 0.017578125 0.0244140625 0.03515625
3 0.447265625 0.400390625 0.12890625 0.2998046875