2 0.6591796875 0.505859375 0.033203125 0.078125
2 0.62890625 0.470703125 0.03515625 0.0693359375
2 0.7919921875 0.46484375 0.0302734375 0.099609375
2 0.6103515625 0.138671875 0.0166015625 0.0361328125
0 0.55078125 0.22265625 0.05859375 0.1142578125
0 0.5537109375 0.3876953125 0.072265625 0.158203125
2 0.6484375 0.349609375 0.03515625 0.0947265625
0 0.416015625 0.1015625 0.041015625 0.0859375
0 0.50390625 0.068359375 0.0224609375 0.072265625
0 0.537109375 0.068359375 0.0537109375 0.076171875
0 0.3984375 0.169921875 0.0478515625 0.1123046875
0 0.44140625 0.0302734375 0.0224609375 0.0458984375
0 0.462890625 0.2119140625 0.0654296875 0.12109375
0 0.375 0.2421875 0.041015625 0.1240234375
3 0.7841796875 0.7548828125 0.255859375 0.490234375
3 0.234375 0.525390625 0.2919921875 0.7236328125