2 0.791015625 0.46484375 0.03125 0.1015625
2 0.548828125 0.0234375 0.009765625 0.025390625
0 0.4111328125 0.1123046875 0.0419921875 0.0751953125
0 0.5341796875 0.25 0.0595703125 0.1142578125
0 0.44140625 0.0302734375 0.0234375 0.0498046875
2 0.6611328125 0.509765625 0.0263671875 0.078125
2 0.6162109375 0.4482421875 0.02734375 0.0751953125
0 0.541015625 0.0615234375 0.0556640625 0.0615234375
0 0.50390625 0.0654296875 0.0244140625 0.0615234375
0 0.5751953125 0.513671875 0.08984375 0.2138671875
0 0.3876953125 0.193359375 0.0537109375 0.1083984375
0 0.501953125 0.0185546875 0.0234375 0.037109375
0 0.546875 0.181640625 0.0478515625 0.0625
3 0.783203125 0.7548828125 0.263671875 0.484375
3 0.23046875 0.5234375 0.2900390625 0.7197265625