2 0.791015625 0.4609375 0.0341796875 0.1083984375
2 0.5966796875 0.2294921875 0.015625 0.0693359375
2 0.6025390625 0.3310546875 0.021484375 0.0712890625
2 0.572265625 0.8974609375 0.0869140625 0.203125
0 0.55078125 0.22265625 0.0576171875 0.109375
2 0.59765625 0.1611328125 0.015625 0.0361328125
2 0.62890625 0.46484375 0.03515625 0.080078125
0 0.5732421875 0.513671875 0.08984375 0.212890625
0 0.41015625 0.1171875 0.04296875 0.0791015625
0 0.5390625 0.064453125 0.0546875 0.0654296875
0 0.50390625 0.0673828125 0.0205078125 0.0625
0 0.44140625 0.029296875 0.0224609375 0.0498046875
0 0.3876953125 0.1982421875 0.05078125 0.1123046875
3 0.7822265625 0.75390625 0.2626953125 0.486328125
3 0.236328125 0.5224609375 0.2861328125 0.7236328125