0 0.5263671875 0.177734375 0.0419921875 0.0830078125
0 0.5859375 0.2294921875 0.044921875 0.10546875
2 0.337890625 0.0810546875 0.01171875 0.03515625
0 0.5234375 0.10546875 0.0302734375 0.0556640625
2 0.359375 0.076171875 0.0126953125 0.0390625
0 0.314453125 0.130859375 0.033203125 0.0615234375
2 0.609375 0.578125 0.0439453125 0.1484375
0 0.4189453125 0.111328125 0.0419921875 0.091796875
2 0.3662109375 0.0498046875 0.015625 0.033203125
2 0.8466796875 0.6884765625 0.056640625 0.1552734375
2 0.2783203125 0.1337890625 0.0146484375 0.037109375
0 0.435546875 0.6259765625 0.13671875 0.3427734375
0 0.4345703125 0.044921875 0.02734375 0.0390625
0 0.2216796875 0.19140625 0.056640625 0.10546875
0 0.4794921875 0.0185546875 0.0166015625 0.017578125
2 0.107421875 0.3154296875 0.01953125 0.0634765625
2 0.33984375 0.0439453125 0.017578125 0.037109375
2 0.5654296875 0.138671875 0.03515625 0.0654296875
0 0.146484375 0.33984375 0.07421875 0.142578125
2 0.3837890625 0.0322265625 0.015625 0.0390625
2 0.5234375 0.05859375 0.0224609375 0.0400390625
2 0.560546875 0.19921875 0.013671875 0.0458984375
3 0.3818359375 0.2529296875 0.08984375 0.25
2 0.5390625 0.0849609375 0.0166015625 0.0400390625
2 0.2509765625 0.1494140625 0.0107421875 0.03515625
0 0.26953125 0.0556640625 0.044921875 0.0390625
2 0.3076171875 0.064453125 0.0166015625 0.0263671875
3 0.2490234375 0.5341796875 0.2490234375 0.556640625
3 0.4609375 0.296875 0.0966796875 0.2802734375
3 0.474609375 0.08984375 0.0849609375 0.1455078125