2 0.6865234375 0.4365234375 0.0341796875 0.10546875
3 0.515625 0.025390625 0.0244140625 0.0498046875
0 0.4072265625 0.1103515625 0.041015625 0.068359375
0 0.521484375 0.15234375 0.041015625 0.072265625
0 0.556640625 0.1904296875 0.0478515625 0.0947265625
2 0.53515625 0.048828125 0.013671875 0.03515625
0 0.5166015625 0.06640625 0.02734375 0.052734375
0 0.462890625 0.1025390625 0.0341796875 0.0498046875
0 0.4921875 0.0166015625 0.0166015625 0.0302734375
0 0.341796875 0.345703125 0.08984375 0.1611328125
0 0.4482421875 0.44140625 0.09375 0.205078125
0 0.58203125 0.5419921875 0.10546875 0.2265625
0 0.455078125 0.0263671875 0.01953125 0.044921875
3 0.44921875 0.25390625 0.0869140625 0.25390625
0 0.39453125 0.181640625 0.048828125 0.095703125
0 0.58984375 0.3681640625 0.0771484375 0.1611328125
0 0.2177734375 0.7490234375 0.173828125 0.41015625
0 0.3203125 0.0634765625 0.0263671875 0.0595703125
0 0.4755859375 0.03125 0.0205078125 0.0400390625
0 0.4365234375 0.0498046875 0.02734375 0.044921875
0 0.2861328125 0.4931640625 0.1142578125 0.26953125
3 0.349609375 0.0185546875 0.01953125 0.03515625