2 0.2705078125 0.138671875 0.0126953125 0.04296875
2 0.310546875 0.130859375 0.0126953125 0.0400390625
0 0.5390625 0.2197265625 0.048828125 0.1123046875
2 0.33984375 0.0986328125 0.01171875 0.033203125
2 0.330078125 0.1162109375 0.0126953125 0.037109375
2 0.548828125 0.455078125 0.0322265625 0.1181640625
0 0.4169921875 0.119140625 0.0400390625 0.0751953125
2 0.25390625 0.1103515625 0.01171875 0.03515625
0 0.203125 0.2568359375 0.0751953125 0.1142578125
2 0.36328125 0.087890625 0.0126953125 0.0361328125
2 0.83984375 0.6826171875 0.056640625 0.1572265625
2 0.6064453125 0.609375 0.044921875 0.119140625
2 0.3251953125 0.1806640625 0.0166015625 0.0419921875
0 0.61328125 0.3974609375 0.0869140625 0.193359375
2 0.1455078125 0.2646484375 0.025390625 0.068359375
0 0.3486328125 0.03125 0.0224609375 0.0458984375
2 0.3154296875 0.083984375 0.0185546875 0.0458984375
0 0.427734375 0.44921875 0.0986328125 0.21484375
2 0.5146484375 0.134765625 0.0107421875 0.0556640625
0 0.435546875 0.0537109375 0.0263671875 0.04296875
3 0.5380859375 0.0517578125 0.0361328125 0.091796875
0 0.478515625 0.0126953125 0.02734375 0.025390625
3 0.3837890625 0.236328125 0.0888671875 0.232421875
0 0.38671875 0.029296875 0.017578125 0.0390625
2 0.32421875 0.2412109375 0.03515625 0.048828125
3 0.474609375 0.091796875 0.08203125 0.15234375
3 0.4091796875 0.015625 0.0234375 0.0302734375
3 0.2509765625 0.5205078125 0.2509765625 0.5654296875
0 0.283203125 0.0615234375 0.0263671875 0.02734375
0 0.447265625 0.0146484375 0.0244140625 0.0263671875
0 0.623046875 0.8291015625 0.1787109375 0.330078125