2 0.7412109375 0.515625 0.033203125 0.0947265625
2 0.724609375 0.458984375 0.02734375 0.0791015625
0 0.55078125 0.244140625 0.05859375 0.0947265625
0 0.5556640625 0.4365234375 0.0830078125 0.171875
2 0.765625 0.474609375 0.02734375 0.08984375
2 0.810546875 0.6015625 0.0234375 0.0615234375
0 0.552734375 0.107421875 0.0302734375 0.0634765625
0 0.4287109375 0.4462890625 0.095703125 0.2197265625
0 0.5361328125 0.169921875 0.05078125 0.08203125
0 0.671875 0.4306640625 0.087890625 0.197265625
2 0.4345703125 0.9267578125 0.072265625 0.134765625
2 0.615234375 0.390625 0.0361328125 0.1044921875
2 0.5302734375 0.0830078125 0.0205078125 0.0556640625
2 0.88671875 0.921875 0.046875 0.1513671875
0 0.59765625 0.6953125 0.1494140625 0.384765625
2 0.548828125 0.9423828125 0.0625 0.115234375
2 0.3740234375 0.4404296875 0.03515625 0.150390625
0 0.2822265625 0.8388671875 0.2177734375 0.30859375
2 0.6337890625 0.275390625 0.0224609375 0.0537109375
0 0.4208984375 0.099609375 0.046875 0.08984375
0 0.7783203125 0.7705078125 0.16796875 0.412109375
0 0.5029296875 0.0205078125 0.0234375 0.03515625
3 0.3828125 0.248046875 0.08984375 0.2177734375
3 0.474609375 0.083984375 0.08203125 0.140625
0 0.4794921875 0.013671875 0.02734375 0.0263671875
0 0.3115234375 0.078125 0.03125 0.0615234375