2 0.3447265625 0.078125 0.0166015625 0.0517578125
2 0.3271484375 0.1005859375 0.015625 0.0537109375
2 0.2919921875 0.0986328125 0.013671875 0.046875
2 0.30859375 0.0791015625 0.01171875 0.044921875
2 0.3642578125 0.044921875 0.013671875 0.0400390625
2 0.3115234375 0.140625 0.0126953125 0.0458984375
2 0.2705078125 0.134765625 0.0205078125 0.046875
0 0.546875 0.2177734375 0.0693359375 0.1015625
2 0.5400390625 0.068359375 0.015625 0.0361328125
0 0.2421875 0.208984375 0.0654296875 0.1015625
0 0.5234375 0.1142578125 0.03125 0.08984375
2 0.5693359375 0.1240234375 0.021484375 0.037109375
2 0.5166015625 0.03515625 0.0185546875 0.0419921875
0 0.41796875 0.1162109375 0.041015625 0.0751953125
2 0.54296875 0.1484375 0.0263671875 0.05859375
0 0.13671875 0.216796875 0.0693359375 0.1162109375
2 0.57421875 0.3046875 0.017578125 0.0712890625
0 0.4345703125 0.625 0.13671875 0.3447265625
0 0.435546875 0.0400390625 0.02734375 0.037109375
2 0.318359375 0.0439453125 0.015625 0.037109375
2 0.185546875 0.23828125 0.0244140625 0.0625
0 0.4814453125 0.013671875 0.025390625 0.02734375
2 0.234375 0.126953125 0.0146484375 0.0400390625
2 0.28515625 0.0556640625 0.013671875 0.02734375
2 0.361328125 0.0732421875 0.01171875 0.033203125
3 0.3818359375 0.2509765625 0.0908203125 0.25
0 0.4501953125 0.0126953125 0.01953125 0.025390625
0 0.5439453125 0.01171875 0.0166015625 0.0234375
3 0.4609375 0.2919921875 0.09765625 0.287109375
3 0.248046875 0.5380859375 0.2509765625 0.548828125
0 0.697265625 0.50390625 0.1123046875 0.2412109375