2 0.6005859375 0.3681640625 0.02734375 0.0859375
2 0.63671875 0.453125 0.02734375 0.0859375
2 0.349609375 0.048828125 0.0107421875 0.033203125
0 0.4423828125 0.03515625 0.0234375 0.056640625
2 0.5400390625 0.0732421875 0.0166015625 0.046875
0 0.53125 0.173828125 0.0458984375 0.0849609375
0 0.4130859375 0.1103515625 0.0390625 0.0791015625
0 0.38671875 0.1962890625 0.048828125 0.1123046875
0 0.46484375 0.2080078125 0.060546875 0.0986328125
0 0.3173828125 0.06640625 0.0244140625 0.048828125
0 0.6259765625 0.6787109375 0.12109375 0.3486328125
3 0.4794921875 0.056640625 0.087890625 0.11328125
3 0.232421875 0.525390625 0.2861328125 0.7275390625