0 0.4013671875 0.146484375 0.04296875 0.08984375
2 0.626953125 0.462890625 0.0322265625 0.0751953125
0 0.50390625 0.0615234375 0.0224609375 0.0615234375
2 0.3173828125 0.0400390625 0.0166015625 0.0390625
2 0.791015625 0.4638671875 0.0263671875 0.091796875
0 0.44140625 0.0322265625 0.0224609375 0.056640625
2 0.2568359375 0.1474609375 0.01953125 0.0361328125
2 0.66015625 0.51171875 0.02734375 0.0849609375
0 0.537109375 0.2900390625 0.0595703125 0.10546875
0 0.572265625 0.5146484375 0.0869140625 0.212890625
2 0.3310546875 0.0615234375 0.01171875 0.0322265625
0 0.541015625 0.0634765625 0.0576171875 0.0634765625
0 0.375 0.2392578125 0.0380859375 0.119140625
0 0.501953125 0.0185546875 0.0205078125 0.037109375
0 0.54296875 0.173828125 0.064453125 0.076171875
3 0.4189453125 0.076171875 0.0478515625 0.0986328125
3 0.2333984375 0.5234375 0.2890625 0.7275390625
3 0.7841796875 0.7490234375 0.259765625 0.490234375
3 0.470703125 0.1787109375 0.06640625 0.1552734375