2 0.638671875 0.3740234375 0.0224609375 0.056640625
2 0.595703125 0.345703125 0.0224609375 0.0693359375
2 0.6083984375 0.275390625 0.0185546875 0.056640625
2 0.576171875 0.171875 0.013671875 0.046875
0 0.4169921875 0.09765625 0.0400390625 0.076171875
0 0.44140625 0.0302734375 0.0244140625 0.048828125
0 0.5302734375 0.2177734375 0.05078125 0.1015625
0 0.5712890625 0.515625 0.0849609375 0.205078125
0 0.46484375 0.2080078125 0.060546875 0.09765625
3 0.478515625 0.0546875 0.08984375 0.109375
0 0.3984375 0.16796875 0.052734375 0.1083984375
3 0.23046875 0.525390625 0.2880859375 0.7275390625