0 0.3583984375 0.265625 0.0693359375 0.1416015625
0 0.4189453125 0.080078125 0.0478515625 0.1025390625
0 0.50390625 0.07421875 0.0263671875 0.0986328125
2 0.30859375 0.150390625 0.013671875 0.0458984375
2 0.353515625 0.06640625 0.0078125 0.033203125
0 0.546875 0.3857421875 0.08203125 0.232421875
0 0.5419921875 0.09375 0.060546875 0.12109375
3 0.4677734375 0.0546875 0.0625 0.109375
2 0.30859375 0.080078125 0.0146484375 0.0322265625
0 0.3134765625 0.37890625 0.095703125 0.203125
2 0.5537109375 0.767578125 0.0615234375 0.1962890625
2 0.494140625 0.888671875 0.0654296875 0.216796875
0 0.4287109375 0.578125 0.1181640625 0.2919921875
0 0.3955078125 0.15234375 0.05078125 0.0751953125
2 0.7783203125 0.943359375 0.0693359375 0.1083984375
0 0.2431640625 0.6064453125 0.138671875 0.3017578125
0 0.501953125 0.01953125 0.021484375 0.0390625
0 0.3486328125 0.8173828125 0.1787109375 0.3544921875
2 0.4130859375 0.0078125 0.01171875 0.015625
2 0.3525390625 0.01171875 0.009765625 0.0234375
3 0.4443359375 0.2861328125 0.1025390625 0.2607421875
0 0.265625 0.140625 0.04296875 0.0615234375