2 0.791015625 0.4658203125 0.029296875 0.0986328125
0 0.5009765625 0.0439453125 0.0283203125 0.0791015625
0 0.44140625 0.0302734375 0.0224609375 0.0498046875
0 0.5390625 0.0830078125 0.060546875 0.111328125
0 0.5419921875 0.2255859375 0.06640625 0.115234375
0 0.4140625 0.1142578125 0.0439453125 0.0859375
0 0.46484375 0.212890625 0.0615234375 0.1015625
0 0.5712890625 0.5126953125 0.08203125 0.216796875
0 0.3896484375 0.193359375 0.0556640625 0.1123046875
3 0.7880859375 0.7509765625 0.2509765625 0.486328125
3 0.2314453125 0.5234375 0.2900390625 0.724609375