2 0.603515625 0.140625 0.01171875 0.03515625
2 0.73828125 0.50390625 0.029296875 0.091796875
0 0.5576171875 0.1328125 0.03125 0.0537109375
2 0.76171875 0.46875 0.0302734375 0.1015625
0 0.5556640625 0.435546875 0.083984375 0.1845703125
2 0.5185546875 0.5693359375 0.044921875 0.1162109375
2 0.5693359375 0.1748046875 0.0263671875 0.0615234375
0 0.4296875 0.443359375 0.0947265625 0.212890625
0 0.548828125 0.2529296875 0.0625 0.1142578125
0 0.4169921875 0.1142578125 0.0400390625 0.06640625
0 0.671875 0.42578125 0.0947265625 0.193359375
2 0.6298828125 0.28515625 0.0244140625 0.0712890625
2 0.8681640625 0.7373046875 0.0439453125 0.1142578125
2 0.5361328125 0.1025390625 0.0146484375 0.0390625
2 0.708984375 0.5908203125 0.0283203125 0.0849609375
2 0.4287109375 0.935546875 0.068359375 0.12109375
2 0.5478515625 0.9345703125 0.0654296875 0.130859375
2 0.654296875 0.58203125 0.0390625 0.1025390625
2 0.71875 0.4404296875 0.0234375 0.072265625
0 0.5146484375 0.0849609375 0.01953125 0.0654296875
2 0.6884765625 0.5205078125 0.04296875 0.078125
2 0.8408203125 0.634765625 0.02734375 0.080078125
2 0.8837890625 0.9267578125 0.0556640625 0.1357421875
2 0.5947265625 0.287109375 0.0205078125 0.0595703125
0 0.3037109375 0.1142578125 0.041015625 0.0654296875
0 0.4345703125 0.0498046875 0.02734375 0.0419921875
0 0.283203125 0.83984375 0.2138671875 0.3056640625
0 0.5966796875 0.693359375 0.1494140625 0.388671875
2 0.6357421875 0.142578125 0.0146484375 0.037109375
0 0.50390625 0.03515625 0.0224609375 0.03515625
3 0.4736328125 0.0849609375 0.083984375 0.1357421875
0 0.779296875 0.775390625 0.16796875 0.4208984375
3 0.3828125 0.2412109375 0.087890625 0.2177734375
0 0.4462890625 0.017578125 0.025390625 0.0322265625
0 0.48046875 0.0126953125 0.0263671875 0.025390625