2 0.34765625 0.0927734375 0.0166015625 0.05859375
2 0.322265625 0.068359375 0.0126953125 0.03515625
2 0.37890625 0.0537109375 0.0107421875 0.0419921875
2 0.26171875 0.1611328125 0.017578125 0.052734375
2 0.3017578125 0.099609375 0.0166015625 0.052734375
0 0.5888671875 0.1923828125 0.04296875 0.0849609375
2 0.3427734375 0.0517578125 0.01171875 0.0361328125
0 0.6689453125 0.419921875 0.0830078125 0.1787109375
0 0.5546875 0.43359375 0.0810546875 0.16015625
0 0.4267578125 0.4453125 0.0869140625 0.21484375
0 0.5322265625 0.0615234375 0.0322265625 0.0556640625
2 0.759765625 0.47265625 0.0322265625 0.10546875
2 0.369140625 0.0322265625 0.01171875 0.0400390625
2 0.5419921875 0.1201171875 0.017578125 0.037109375
0 0.4208984375 0.09765625 0.0439453125 0.08984375
0 0.5478515625 0.2392578125 0.0634765625 0.091796875
2 0.287109375 0.0615234375 0.0126953125 0.03515625
2 0.8076171875 0.5029296875 0.0322265625 0.1083984375
2 0.2509765625 0.12109375 0.01171875 0.029296875
2 0.8447265625 0.693359375 0.0400390625 0.1123046875
2 0.564453125 0.173828125 0.0205078125 0.0595703125
2 0.1015625 0.3486328125 0.0224609375 0.1025390625
2 0.7109375 0.5888671875 0.03125 0.0830078125
2 0.884765625 0.755859375 0.0546875 0.125
0 0.5029296875 0.017578125 0.02734375 0.033203125
0 0.59765625 0.6943359375 0.1474609375 0.388671875
2 0.724609375 0.4072265625 0.0361328125 0.0986328125
0 0.279296875 0.83984375 0.21875 0.3056640625
0 0.78125 0.775390625 0.16796875 0.423828125
3 0.3818359375 0.2392578125 0.0869140625 0.2275390625
3 0.2548828125 0.0439453125 0.0517578125 0.0712890625
0 0.48046875 0.013671875 0.0283203125 0.02734375
3 0.47265625 0.0927734375 0.0849609375 0.1513671875
3 0.103515625 0.244140625 0.04296875 0.109375