2 0.60546875 0.1494140625 0.013671875 0.0458984375
0 0.5322265625 0.248046875 0.0556640625 0.1044921875
2 0.791015625 0.46484375 0.025390625 0.087890625
2 0.6015625 0.31640625 0.021484375 0.072265625
0 0.50390625 0.0654296875 0.0205078125 0.0693359375
0 0.4111328125 0.115234375 0.0419921875 0.0859375
0 0.44140625 0.03125 0.021484375 0.0517578125
0 0.541015625 0.060546875 0.0556640625 0.0595703125
0 0.5732421875 0.513671875 0.0859375 0.2080078125
0 0.4638671875 0.2099609375 0.0625 0.1044921875
0 0.38671875 0.1962890625 0.05078125 0.115234375
3 0.232421875 0.5234375 0.2900390625 0.724609375
3 0.7861328125 0.75390625 0.2509765625 0.486328125