2 0.607421875 0.3525390625 0.02734375 0.08203125
2 0.7900390625 0.4658203125 0.03125 0.095703125
2 0.5859375 0.193359375 0.021484375 0.05859375
2 0.76953125 0.419921875 0.0224609375 0.0732421875
0 0.5478515625 0.224609375 0.05859375 0.109375
2 0.6708984375 0.455078125 0.03125 0.0712890625
0 0.44140625 0.03515625 0.0234375 0.0556640625
0 0.41015625 0.119140625 0.04296875 0.087890625
0 0.5029296875 0.0634765625 0.0244140625 0.06640625
0 0.5703125 0.5126953125 0.08203125 0.2109375
0 0.5029296875 0.01953125 0.0244140625 0.0390625
0 0.38671875 0.197265625 0.05078125 0.111328125
0 0.5400390625 0.0732421875 0.05859375 0.0859375
3 0.234375 0.5205078125 0.2880859375 0.7197265625