2 0.552734375 0.2373046875 0.01953125 0.0615234375
2 0.576171875 0.1767578125 0.017578125 0.0517578125
2 0.5908203125 0.232421875 0.017578125 0.0556640625
2 0.7109375 0.5205078125 0.029296875 0.09765625
2 0.5634765625 0.2783203125 0.021484375 0.068359375
2 0.5283203125 0.248046875 0.01953125 0.0732421875
2 0.517578125 0.1474609375 0.0185546875 0.068359375
2 0.623046875 0.3916015625 0.0283203125 0.09765625
2 0.55078125 0.1884765625 0.0205078125 0.056640625
0 0.32421875 0.0556640625 0.025390625 0.0556640625
0 0.427734375 0.44140625 0.0908203125 0.2041015625
2 0.5888671875 0.29296875 0.0224609375 0.0615234375
0 0.4794921875 0.01171875 0.021484375 0.0234375
0 0.41796875 0.1162109375 0.0419921875 0.076171875
0 0.138671875 0.3203125 0.0869140625 0.1572265625
2 0.3056640625 0.1025390625 0.01171875 0.0537109375
0 0.43359375 0.0205078125 0.01953125 0.029296875
0 0.5771484375 0.404296875 0.0830078125 0.1865234375
2 0.267578125 0.1064453125 0.017578125 0.0537109375
0 0.5166015625 0.03515625 0.025390625 0.052734375
0 0.435546875 0.0517578125 0.02734375 0.044921875
3 0.2626953125 0.0537109375 0.0439453125 0.0751953125
0 0.3466796875 0.076171875 0.0283203125 0.0634765625
0 0.25 0.1455078125 0.046875 0.0791015625
3 0.3818359375 0.2353515625 0.0888671875 0.2294921875
3 0.25 0.5380859375 0.2529296875 0.5400390625
0 0.826171875 0.6875 0.16796875 0.2802734375
0 0.3857421875 0.0244140625 0.021484375 0.04296875
3 0.47265625 0.0947265625 0.0849609375 0.150390625