2 0.62109375 0.162109375 0.0107421875 0.03515625
0 0.4169921875 0.1162109375 0.0380859375 0.06640625
2 0.734375 0.5087890625 0.0283203125 0.08203125
0 0.5498046875 0.2421875 0.05859375 0.087890625
2 0.5634765625 0.1787109375 0.0185546875 0.0517578125
0 0.5546875 0.4423828125 0.083984375 0.173828125
2 0.5234375 0.55859375 0.044921875 0.134765625
0 0.5244140625 0.12890625 0.0302734375 0.04296875
0 0.5615234375 0.1328125 0.03125 0.0595703125
2 0.62890625 0.2353515625 0.01171875 0.029296875
0 0.4296875 0.4365234375 0.09375 0.1982421875
0 0.3544921875 0.0546875 0.02734375 0.0458984375
0 0.43359375 0.025390625 0.0263671875 0.033203125
0 0.671875 0.431640625 0.091796875 0.1962890625
2 0.7099609375 0.59765625 0.0322265625 0.0947265625
2 0.7626953125 0.4697265625 0.0302734375 0.1083984375
2 0.609375 0.2705078125 0.0205078125 0.0537109375
2 0.55078125 0.9404296875 0.064453125 0.1162109375
2 0.6103515625 0.1357421875 0.01171875 0.037109375
2 0.8525390625 0.7158203125 0.03125 0.1044921875
2 0.6484375 0.30859375 0.0205078125 0.0458984375
0 0.5966796875 0.689453125 0.1494140625 0.384765625
0 0.5048828125 0.033203125 0.0244140625 0.033203125
2 0.8349609375 0.6259765625 0.02734375 0.0947265625
0 0.5166015625 0.0869140625 0.01953125 0.0654296875
2 0.517578125 0.205078125 0.0234375 0.0888671875
2 0.607421875 0.390625 0.03125 0.099609375
0 0.232421875 0.1640625 0.048828125 0.0859375
2 0.603515625 0.2109375 0.0185546875 0.0361328125
2 0.87890625 0.9462890625 0.04296875 0.1025390625
0 0.2822265625 0.8408203125 0.2158203125 0.306640625
0 0.4814453125 0.0126953125 0.02734375 0.025390625
0 0.779296875 0.775390625 0.16796875 0.41796875
3 0.3828125 0.2421875 0.087890625 0.212890625