2 0.62890625 0.326171875 0.025390625 0.076171875
2 0.642578125 0.4169921875 0.0234375 0.0830078125
2 0.58984375 0.3505859375 0.0263671875 0.0927734375
2 0.5439453125 0.26953125 0.0205078125 0.0693359375
2 0.3671875 0.0458984375 0.0146484375 0.0390625
0 0.521484375 0.044921875 0.0234375 0.0361328125
2 0.7421875 0.7275390625 0.05078125 0.171875
2 0.5419921875 0.4716796875 0.0322265625 0.115234375
0 0.3076171875 0.068359375 0.02734375 0.0390625
0 0.51953125 0.0927734375 0.0224609375 0.0517578125
2 0.521484375 0.1455078125 0.0234375 0.078125
2 0.607421875 0.484375 0.0458984375 0.0947265625
0 0.416015625 0.1181640625 0.0390625 0.072265625
0 0.435546875 0.0595703125 0.02734375 0.052734375
2 0.0869140625 0.3427734375 0.01171875 0.0693359375
0 0.435546875 0.6240234375 0.1357421875 0.3388671875
0 0.32421875 0.037109375 0.025390625 0.04296875
0 0.48046875 0.0126953125 0.0244140625 0.025390625
2 0.8125 0.921875 0.07421875 0.14453125
0 0.546875 0.20703125 0.05078125 0.111328125
0 0.1689453125 0.2783203125 0.0966796875 0.201171875
3 0.3818359375 0.2431640625 0.0888671875 0.2138671875
0 0.3427734375 0.0927734375 0.02734375 0.056640625
3 0.4736328125 0.0859375 0.0810546875 0.1416015625
0 0.3134765625 0.13671875 0.0341796875 0.0732421875
2 0.5869140625 0.2705078125 0.0166015625 0.044921875
2 0.330078125 0.2236328125 0.02734375 0.0693359375
2 0.2490234375 0.1318359375 0.015625 0.052734375
0 0.38671875 0.03515625 0.0185546875 0.037109375
2 0.609375 0.27734375 0.021484375 0.0625
3 0.46484375 0.2861328125 0.0966796875 0.3115234375
0 0.2822265625 0.841796875 0.216796875 0.3056640625
0 0.43359375 0.0224609375 0.0205078125 0.033203125
0 0.341796875 0.0390625 0.015625 0.0361328125
0 0.369140625 0.0166015625 0.017578125 0.033203125
0 0.51953125 0.017578125 0.0166015625 0.0234375
3 0.412109375 0.0146484375 0.0224609375 0.029296875
0 0.638671875 0.693359375 0.134765625 0.33984375