0 0.5234375 0.08203125 0.0302734375 0.06640625
2 0.671875 0.564453125 0.0390625 0.140625
3 0.2099609375 0.6083984375 0.1953125 0.5302734375
0 0.533203125 0.1708984375 0.0458984375 0.09765625
0 0.486328125 0.06640625 0.0322265625 0.0625
0 0.4619140625 0.12109375 0.03515625 0.078125
3 0.4462890625 0.044921875 0.0419921875 0.087890625
0 0.486328125 0.0185546875 0.0244140625 0.037109375
0 0.40625 0.1416015625 0.0439453125 0.0859375
2 0.49609375 0.65625 0.0556640625 0.2236328125
0 0.359375 0.2626953125 0.06640625 0.1337890625
0 0.5126953125 0.0224609375 0.025390625 0.044921875
0 0.4443359375 0.2734375 0.0654296875 0.1220703125
2 0.6162109375 0.3212890625 0.01953125 0.0859375
0 0.5751953125 0.4697265625 0.09375 0.2109375
2 0.2294921875 0.1962890625 0.0205078125 0.076171875
0 0.5361328125 0.3349609375 0.072265625 0.142578125
2 0.8662109375 0.86328125 0.08203125 0.2431640625
0 0.3125 0.3896484375 0.07421875 0.2099609375
0 0.4306640625 0.421875 0.095703125 0.2197265625
2 0.1201171875 0.23828125 0.0263671875 0.0537109375
2 0.48828125 0.1171875 0.013671875 0.0537109375
2 0.68359375 0.8271484375 0.0556640625 0.220703125
0 0.3837890625 0.736328125 0.1533203125 0.41015625