2 0.3056640625 0.154296875 0.0146484375 0.044921875
2 0.259765625 0.1474609375 0.0166015625 0.0556640625
2 0.287109375 0.12109375 0.015625 0.0400390625
2 0.2734375 0.1689453125 0.01953125 0.0595703125
2 0.19140625 0.2158203125 0.0166015625 0.04296875
2 0.345703125 0.076171875 0.01171875 0.0302734375
2 0.134765625 0.279296875 0.0224609375 0.0634765625
2 0.15234375 0.236328125 0.0185546875 0.068359375
2 0.298828125 0.123046875 0.0126953125 0.0400390625
0 0.521484375 0.0927734375 0.0244140625 0.0517578125
2 0.3359375 0.1123046875 0.0146484375 0.052734375
2 0.2275390625 0.158203125 0.0185546875 0.052734375
0 0.5595703125 0.1552734375 0.0341796875 0.078125
0 0.1123046875 0.380859375 0.05859375 0.1708984375
0 0.4169921875 0.1162109375 0.0380859375 0.076171875
0 0.6044921875 0.2880859375 0.05859375 0.1318359375
2 0.220703125 0.2275390625 0.0244140625 0.046875
0 0.58203125 0.197265625 0.0244140625 0.0830078125
0 0.4345703125 0.626953125 0.1357421875 0.33984375
0 0.5283203125 0.1884765625 0.0458984375 0.0830078125
2 0.6943359375 0.8955078125 0.056640625 0.1982421875
2 0.109375 0.24609375 0.0185546875 0.0556640625
2 0.3671875 0.0634765625 0.0166015625 0.0400390625
3 0.3818359375 0.2529296875 0.0927734375 0.2470703125
2 0.2880859375 0.0869140625 0.01171875 0.029296875
3 0.4619140625 0.2880859375 0.099609375 0.29296875
0 0.4375 0.04296875 0.0263671875 0.044921875
3 0.47265625 0.087890625 0.08203125 0.140625
0 0.2822265625 0.83984375 0.216796875 0.3056640625
0 0.541015625 0.08984375 0.0185546875 0.03515625
0 0.4541015625 0.013671875 0.021484375 0.0205078125