0 0.296875 0.1533203125 0.0439453125 0.0732421875
0 0.5263671875 0.1455078125 0.0361328125 0.080078125
0 0.2607421875 0.1259765625 0.03515625 0.056640625
0 0.3447265625 0.0830078125 0.0234375 0.052734375
0 0.416015625 0.115234375 0.0380859375 0.0693359375
0 0.2041015625 0.212890625 0.0712890625 0.1015625
0 0.4775390625 0.0205078125 0.0205078125 0.015625
0 0.4296875 0.443359375 0.099609375 0.205078125
0 0.537109375 0.0390625 0.03515625 0.072265625
0 0.3662109375 0.056640625 0.017578125 0.037109375
0 0.447265625 0.015625 0.0234375 0.02734375
0 0.2314453125 0.142578125 0.0185546875 0.0390625
0 0.4345703125 0.052734375 0.02734375 0.0419921875
0 0.5703125 0.31640625 0.0673828125 0.154296875
0 0.5 0.015625 0.021484375 0.0302734375
3 0.3818359375 0.2353515625 0.0869140625 0.2236328125
0 0.5732421875 0.208984375 0.048828125 0.0927734375
2 0.08984375 0.2734375 0.0146484375 0.0615234375
3 0.2490234375 0.5224609375 0.25390625 0.537109375
0 0.828125 0.677734375 0.1748046875 0.322265625
3 0.3896484375 0.02734375 0.0263671875 0.048828125
0 0.3125 0.03125 0.0263671875 0.0322265625
0 0.2939453125 0.068359375 0.0283203125 0.0390625
3 0.474609375 0.087890625 0.080078125 0.1376953125