0 0.51171875 0.1142578125 0.02734375 0.0830078125
2 0.5283203125 0.138671875 0.015625 0.037109375
2 0.2548828125 0.134765625 0.015625 0.052734375
0 0.416015625 0.0986328125 0.0400390625 0.080078125
0 0.5361328125 0.2626953125 0.0556640625 0.125
0 0.5703125 0.486328125 0.09765625 0.244140625
0 0.5751953125 0.1884765625 0.0458984375 0.0859375
2 0.287109375 0.12890625 0.01171875 0.0419921875
0 0.44140625 0.0302734375 0.0224609375 0.0498046875
0 0.392578125 0.1865234375 0.0546875 0.12109375
0 0.3671875 0.0654296875 0.01953125 0.044921875
3 0.5126953125 0.0322265625 0.0380859375 0.0634765625
0 0.3271484375 0.111328125 0.0361328125 0.0693359375
3 0.3935546875 0.02734375 0.02734375 0.052734375
3 0.2314453125 0.5224609375 0.283203125 0.7265625