0 0.37109375 0.0517578125 0.02734375 0.0458984375
0 0.5947265625 0.2080078125 0.04296875 0.095703125
2 0.5166015625 0.56640625 0.04296875 0.1240234375
0 0.55078125 0.087890625 0.033203125 0.052734375
2 0.3408203125 0.046875 0.009765625 0.0302734375
0 0.5361328125 0.1748046875 0.05078125 0.0888671875
2 0.80078125 0.4892578125 0.0380859375 0.1123046875
2 0.283203125 0.154296875 0.0185546875 0.046875
0 0.4296875 0.4423828125 0.08984375 0.2099609375
0 0.6640625 0.419921875 0.087890625 0.1904296875
0 0.416015625 0.119140625 0.03515625 0.0712890625
0 0.50390625 0.0322265625 0.0224609375 0.0302734375
0 0.5546875 0.43359375 0.08203125 0.1484375
0 0.556640625 0.31640625 0.072265625 0.1416015625
0 0.3837890625 0.03125 0.0126953125 0.0322265625
0 0.43359375 0.0400390625 0.025390625 0.033203125
2 0.197265625 0.166015625 0.017578125 0.029296875
0 0.1904296875 0.2509765625 0.0771484375 0.1416015625
2 0.84765625 0.7138671875 0.0400390625 0.1279296875
2 0.31640625 0.05859375 0.009765625 0.0322265625
0 0.48046875 0.0126953125 0.0244140625 0.025390625
0 0.5966796875 0.6962890625 0.1474609375 0.390625
0 0.515625 0.080078125 0.017578125 0.05859375
2 0.328125 0.2119140625 0.0263671875 0.0791015625
2 0.1171875 0.232421875 0.02734375 0.046875
2 0.349609375 0.02734375 0.0087890625 0.029296875
0 0.2802734375 0.83984375 0.21875 0.3037109375
0 0.099609375 0.408203125 0.03515625 0.1337890625
0 0.4462890625 0.0146484375 0.0234375 0.029296875
2 0.7021484375 0.50390625 0.046875 0.0830078125
0 0.7783203125 0.7763671875 0.1728515625 0.421875
3 0.380859375 0.234375 0.087890625 0.224609375
3 0.4736328125 0.0849609375 0.08203125 0.134765625