0 0.5556640625 0.44140625 0.0810546875 0.1572265625
2 0.6220703125 0.4814453125 0.0302734375 0.0625
0 0.5576171875 0.306640625 0.07421875 0.1552734375
0 0.53515625 0.1865234375 0.0517578125 0.10546875
0 0.6455078125 0.37109375 0.07421875 0.1640625
0 0.4296875 0.447265625 0.0966796875 0.216796875
2 0.650390625 0.5703125 0.03515625 0.115234375
0 0.58203125 0.2080078125 0.046875 0.087890625
2 0.5205078125 0.5634765625 0.0439453125 0.1279296875
0 0.5419921875 0.0234375 0.0234375 0.0302734375
2 0.48046875 0.41015625 0.03515625 0.078125
0 0.5029296875 0.0146484375 0.0205078125 0.029296875
0 0.5234375 0.12109375 0.03125 0.046875
2 0.3271484375 0.21875 0.029296875 0.0712890625
0 0.59765625 0.693359375 0.1494140625 0.375
0 0.4794921875 0.0126953125 0.0263671875 0.025390625
0 0.43359375 0.0224609375 0.025390625 0.0322265625
0 0.416015625 0.1142578125 0.0439453125 0.06640625
0 0.78125 0.7802734375 0.171875 0.4140625
3 0.4736328125 0.087890625 0.08203125 0.14453125
0 0.283203125 0.83984375 0.2158203125 0.3056640625
3 0.380859375 0.2490234375 0.087890625 0.2041015625
3 0.4638671875 0.271484375 0.09765625 0.2705078125