0 0.521484375 0.12109375 0.02734375 0.048828125
0 0.5234375 0.0634765625 0.02734375 0.048828125
0 0.61328125 0.2734375 0.0673828125 0.1552734375
0 0.5546875 0.3134765625 0.07421875 0.154296875
0 0.5556640625 0.4384765625 0.0830078125 0.154296875
0 0.533203125 0.17578125 0.0439453125 0.0791015625
0 0.4296875 0.4345703125 0.0927734375 0.19140625
0 0.56640625 0.154296875 0.0419921875 0.0859375
2 0.76171875 0.4677734375 0.0341796875 0.107421875
0 0.416015625 0.1142578125 0.04296875 0.0732421875
2 0.482421875 0.4541015625 0.037109375 0.1025390625
0 0.5048828125 0.015625 0.0185546875 0.02734375
0 0.595703125 0.6904296875 0.1455078125 0.380859375
0 0.4794921875 0.01171875 0.025390625 0.0234375
0 0.43359375 0.0234375 0.0263671875 0.033203125
2 0.521484375 0.5693359375 0.0517578125 0.1416015625
2 0.8525390625 0.724609375 0.0322265625 0.10546875
0 0.28125 0.841796875 0.2158203125 0.3056640625
3 0.3818359375 0.2373046875 0.0888671875 0.2275390625
0 0.78125 0.7724609375 0.17578125 0.421875