2 0.330078125 0.134765625 0.013671875 0.046875
2 0.5458984375 0.345703125 0.02734375 0.078125
0 0.259765625 0.1142578125 0.033203125 0.0751953125
2 0.28125 0.1669921875 0.015625 0.0498046875
2 0.3427734375 0.0322265625 0.0166015625 0.037109375
2 0.6005859375 0.41015625 0.021484375 0.0830078125
0 0.3662109375 0.017578125 0.015625 0.0302734375
2 0.5263671875 0.15234375 0.017578125 0.0615234375
2 0.3037109375 0.115234375 0.01171875 0.0361328125
0 0.3427734375 0.095703125 0.0234375 0.0556640625
2 0.556640625 0.4267578125 0.0302734375 0.099609375
2 0.326171875 0.177734375 0.0166015625 0.044921875
0 0.1767578125 0.2841796875 0.078125 0.1484375
0 0.42578125 0.4462890625 0.08984375 0.216796875
0 0.41796875 0.1171875 0.0400390625 0.0732421875
2 0.4990234375 0.923828125 0.0751953125 0.1455078125
2 0.65625 0.4619140625 0.033203125 0.1044921875
2 0.3984375 0.021484375 0.01171875 0.029296875
0 0.43359375 0.0205078125 0.021484375 0.033203125
0 0.478515625 0.01171875 0.01953125 0.0234375
2 0.5791015625 0.2734375 0.02734375 0.0615234375
3 0.384765625 0.234375 0.08984375 0.2392578125
0 0.43359375 0.056640625 0.02734375 0.0517578125
3 0.568359375 0.1474609375 0.0498046875 0.142578125
0 0.5283203125 0.037109375 0.021484375 0.0361328125
2 0.5390625 0.232421875 0.0185546875 0.0458984375
2 0.3720703125 0.4462890625 0.0361328125 0.154296875
2 0.408203125 0.0126953125 0.0087890625 0.025390625
2 0.30078125 0.0791015625 0.0146484375 0.046875
0 0.37109375 0.052734375 0.02734375 0.0498046875
3 0.25 0.5498046875 0.25390625 0.544921875
2 0.5419921875 0.2890625 0.025390625 0.0615234375
0 0.521484375 0.09765625 0.0234375 0.0537109375
3 0.2890625 0.046875 0.0380859375 0.04296875
2 0.287109375 0.26953125 0.05078125 0.0390625
0 0.5 0.0146484375 0.02734375 0.029296875
3 0.474609375 0.0927734375 0.08203125 0.1513671875