0 0.5322265625 0.2509765625 0.0576171875 0.107421875
2 0.7900390625 0.462890625 0.0283203125 0.1015625
0 0.4423828125 0.0302734375 0.0234375 0.0517578125
0 0.57421875 0.515625 0.0869140625 0.2109375
0 0.3994140625 0.1611328125 0.0517578125 0.1025390625
0 0.501953125 0.0625 0.025390625 0.0615234375
2 0.67578125 0.5263671875 0.029296875 0.1142578125
0 0.541015625 0.064453125 0.0576171875 0.0654296875
0 0.373046875 0.2392578125 0.0419921875 0.1220703125
3 0.419921875 0.0751953125 0.048828125 0.09765625
0 0.5009765625 0.017578125 0.021484375 0.03515625
0 0.224609375 0.185546875 0.0322265625 0.037109375
3 0.7841796875 0.75390625 0.2607421875 0.4892578125
3 0.2333984375 0.5234375 0.291015625 0.724609375