2 0.6806640625 0.4296875 0.0263671875 0.076171875
0 0.5185546875 0.06640625 0.029296875 0.0419921875
2 0.5712890625 0.330078125 0.0244140625 0.06640625
2 0.58984375 0.443359375 0.033203125 0.1015625
0 0.44140625 0.0263671875 0.0205078125 0.044921875
0 0.412109375 0.111328125 0.0419921875 0.0791015625
2 0.6123046875 0.681640625 0.0478515625 0.15234375
0 0.548828125 0.4462890625 0.05859375 0.2275390625
0 0.38671875 0.201171875 0.05078125 0.12109375
0 0.41015625 0.0107421875 0.01953125 0.0205078125
0 0.35546875 0.3017578125 0.044921875 0.1650390625
0 0.1337890625 0.3017578125 0.0634765625 0.15234375
0 0.521484375 0.150390625 0.04296875 0.09765625
3 0.5673828125 0.2265625 0.064453125 0.18359375
0 0.7060546875 0.595703125 0.1123046875 0.23046875
3 0.2353515625 0.5224609375 0.2880859375 0.7275390625
3 0.470703125 0.181640625 0.072265625 0.1708984375
3 0.470703125 0.0556640625 0.0751953125 0.111328125