0 0.546875 0.134765625 0.0283203125 0.052734375
0 0.533203125 0.197265625 0.048828125 0.09765625
0 0.50390625 0.0849609375 0.0283203125 0.0556640625
0 0.388671875 0.1962890625 0.052734375 0.111328125
0 0.412109375 0.1181640625 0.044921875 0.091796875
0 0.44140625 0.0302734375 0.021484375 0.046875
0 0.5205078125 0.0283203125 0.0166015625 0.0263671875
0 0.3212890625 0.095703125 0.0380859375 0.0615234375
3 0.537109375 0.0712890625 0.0361328125 0.076171875
3 0.50390625 0.0283203125 0.017578125 0.03515625
0 0.390625 0.0302734375 0.02734375 0.0498046875
0 0.4658203125 0.201171875 0.0615234375 0.1044921875
0 0.1298828125 0.251953125 0.060546875 0.1123046875
0 0.3173828125 0.0400390625 0.0322265625 0.044921875
3 0.63671875 0.3212890625 0.080078125 0.2080078125
3 0.2265625 0.5283203125 0.287109375 0.7265625