2 0.5908203125 0.1591796875 0.0166015625 0.0400390625
2 0.7900390625 0.4658203125 0.0322265625 0.0986328125
2 0.609375 0.150390625 0.013671875 0.037109375
2 0.6220703125 0.421875 0.0283203125 0.099609375
2 0.75390625 0.423828125 0.03125 0.0830078125
2 0.6044921875 0.3359375 0.0224609375 0.080078125
0 0.552734375 0.224609375 0.044921875 0.10546875
2 0.634765625 0.140625 0.017578125 0.0390625
2 0.61328125 0.275390625 0.0185546875 0.0625
2 0.67578125 0.5615234375 0.03515625 0.1142578125
2 0.59375 0.2099609375 0.021484375 0.0859375
0 0.5029296875 0.0615234375 0.025390625 0.0654296875
0 0.44140625 0.0322265625 0.0224609375 0.0517578125
0 0.5732421875 0.513671875 0.0849609375 0.2080078125
0 0.412109375 0.1162109375 0.0458984375 0.087890625
3 0.541015625 0.1083984375 0.0625 0.150390625
0 0.38671875 0.197265625 0.05078125 0.1142578125
3 0.2353515625 0.525390625 0.2900390625 0.7236328125