2 0.791015625 0.46484375 0.033203125 0.0986328125
2 0.60546875 0.3212890625 0.01953125 0.0634765625
2 0.580078125 0.17578125 0.015625 0.0537109375
2 0.603515625 0.2490234375 0.0205078125 0.0625
2 0.6181640625 0.4296875 0.0322265625 0.1015625
2 0.7607421875 0.4228515625 0.04296875 0.0849609375
0 0.5517578125 0.2197265625 0.0458984375 0.0947265625
0 0.50390625 0.0634765625 0.0234375 0.06640625
0 0.4111328125 0.1162109375 0.046875 0.091796875
0 0.5537109375 0.3955078125 0.07421875 0.177734375
0 0.44140625 0.033203125 0.0224609375 0.0498046875
0 0.501953125 0.0205078125 0.0234375 0.041015625
3 0.5419921875 0.1142578125 0.064453125 0.162109375
0 0.625 0.6806640625 0.12109375 0.35546875
0 0.38671875 0.1962890625 0.0517578125 0.111328125
3 0.232421875 0.5244140625 0.2861328125 0.7265625
3 0.787109375 0.7509765625 0.2578125 0.486328125