3 0.4365234375 0.08203125 0.0498046875 0.1220703125
0 0.474609375 0.1337890625 0.0380859375 0.0732421875
0 0.453125 0.0185546875 0.0244140625 0.037109375
0 0.4775390625 0.216796875 0.0546875 0.125
0 0.5078125 0.0302734375 0.0185546875 0.044921875
0 0.533203125 0.1220703125 0.0341796875 0.05859375
3 0.3779296875 0.2177734375 0.1015625 0.2177734375
3 0.4833984375 0.046875 0.03125 0.08203125
0 0.55078125 0.2607421875 0.0556640625 0.111328125
0 0.4287109375 0.40234375 0.095703125 0.2177734375
0 0.4951171875 0.0927734375 0.0263671875 0.0390625