2 0.609375 0.1513671875 0.013671875 0.0302734375
2 0.7900390625 0.466796875 0.029296875 0.0947265625
2 0.587890625 0.1669921875 0.01953125 0.056640625
0 0.533203125 0.2470703125 0.0546875 0.10546875
2 0.767578125 0.3359375 0.01953125 0.0634765625
0 0.412109375 0.1142578125 0.0419921875 0.0859375
0 0.5029296875 0.0625 0.021484375 0.0615234375
0 0.44140625 0.03515625 0.0205078125 0.056640625
3 0.541015625 0.111328125 0.064453125 0.1552734375
0 0.5732421875 0.5146484375 0.0869140625 0.212890625
3 0.232421875 0.525390625 0.28515625 0.7275390625