2 0.2587890625 0.16015625 0.0126953125 0.044921875
2 0.28125 0.1748046875 0.0166015625 0.046875
2 0.3671875 0.0458984375 0.013671875 0.0361328125
2 0.2333984375 0.13671875 0.01171875 0.04296875
2 0.3291015625 0.080078125 0.0107421875 0.04296875
2 0.2314453125 0.22265625 0.017578125 0.048828125
2 0.1083984375 0.4384765625 0.0283203125 0.072265625
2 0.1044921875 0.3212890625 0.02734375 0.0595703125
2 0.19921875 0.2529296875 0.01953125 0.0556640625
2 0.3125 0.107421875 0.0126953125 0.0458984375
2 0.14453125 0.208984375 0.015625 0.0537109375
2 0.7607421875 0.47265625 0.0302734375 0.099609375
0 0.587890625 0.19140625 0.0439453125 0.0859375
2 0.3818359375 0.02734375 0.0107421875 0.0302734375
0 0.6669921875 0.4208984375 0.091796875 0.1884765625
0 0.4169921875 0.1142578125 0.0390625 0.068359375
2 0.15625 0.275390625 0.01953125 0.06640625
0 0.43359375 0.0341796875 0.02734375 0.04296875
0 0.5478515625 0.2392578125 0.0634765625 0.08984375
0 0.53515625 0.173828125 0.0478515625 0.0791015625
2 0.2001953125 0.1630859375 0.013671875 0.04296875
0 0.427734375 0.43359375 0.0888671875 0.197265625
0 0.556640625 0.44140625 0.08203125 0.1572265625
2 0.80859375 0.5068359375 0.033203125 0.099609375
2 0.294921875 0.0927734375 0.0126953125 0.0498046875
0 0.5361328125 0.0615234375 0.0283203125 0.0498046875
0 0.5234375 0.126953125 0.0322265625 0.0400390625
0 0.59765625 0.697265625 0.1455078125 0.3779296875
2 0.5927734375 0.2841796875 0.0263671875 0.0712890625
2 0.6083984375 0.400390625 0.03515625 0.09765625
0 0.515625 0.0810546875 0.0205078125 0.0595703125
2 0.73828125 0.349609375 0.025390625 0.0791015625
2 0.8837890625 0.91796875 0.0546875 0.15234375
0 0.50390625 0.0166015625 0.0263671875 0.033203125
0 0.28125 0.8427734375 0.2177734375 0.3037109375
3 0.3818359375 0.236328125 0.083984375 0.2275390625
0 0.7802734375 0.7744140625 0.1728515625 0.423828125
3 0.474609375 0.0849609375 0.083984375 0.140625
0 0.48046875 0.013671875 0.0263671875 0.0263671875
3 0.412109375 0.0126953125 0.0234375 0.025390625