0 0.52734375 0.0869140625 0.033203125 0.0732421875
0 0.5380859375 0.2109375 0.048828125 0.1083984375
2 0.57421875 0.2041015625 0.0224609375 0.05859375
2 0.34765625 0.0205078125 0.0087890625 0.029296875
0 0.6044921875 0.287109375 0.0693359375 0.1611328125
2 0.3369140625 0.033203125 0.009765625 0.0302734375
0 0.43359375 0.0205078125 0.0234375 0.033203125
0 0.517578125 0.0166015625 0.0205078125 0.0302734375
2 0.740234375 0.6474609375 0.04296875 0.1572265625
2 0.59375 0.18359375 0.0166015625 0.0458984375
2 0.36328125 0.021484375 0.0107421875 0.029296875
2 0.6298828125 0.490234375 0.029296875 0.080078125
0 0.4794921875 0.0126953125 0.0244140625 0.025390625
0 0.41796875 0.1181640625 0.0419921875 0.078125
2 0.515625 0.171875 0.017578125 0.0625
2 0.8271484375 0.6357421875 0.0546875 0.125
0 0.4306640625 0.4453125 0.0927734375 0.2099609375
0 0.435546875 0.0546875 0.02734375 0.048828125
2 0.703125 0.69921875 0.0556640625 0.16796875
2 0.5615234375 0.0517578125 0.01171875 0.025390625
2 0.61328125 0.953125 0.0693359375 0.091796875
0 0.5908203125 0.6533203125 0.1376953125 0.3623046875
2 0.3291015625 0.2197265625 0.029296875 0.072265625
3 0.3818359375 0.2470703125 0.087890625 0.22265625
0 0.28125 0.83984375 0.216796875 0.3095703125
3 0.474609375 0.08984375 0.08203125 0.14453125
3 0.4033203125 0.01953125 0.01953125 0.033203125
0 0.416015625 0.009765625 0.015625 0.01953125
3 0.3857421875 0.01171875 0.0146484375 0.0234375
0 0.3056640625 0.0244140625 0.015625 0.0400390625
3 0.89453125 0.69921875 0.04296875 0.41015625