2 0.791015625 0.4658203125 0.033203125 0.095703125
0 0.53125 0.244140625 0.0546875 0.1025390625
2 0.6015625 0.2451171875 0.0205078125 0.0625
2 0.759765625 0.42578125 0.0400390625 0.08203125
2 0.6240234375 0.31640625 0.0234375 0.08203125
2 0.583984375 0.173828125 0.0126953125 0.037109375
0 0.4111328125 0.11328125 0.0400390625 0.076171875
0 0.5712890625 0.513671875 0.087890625 0.2099609375
0 0.44140625 0.029296875 0.0224609375 0.046875
0 0.50390625 0.0615234375 0.0244140625 0.0625
0 0.544921875 0.17578125 0.0400390625 0.0517578125
3 0.541015625 0.103515625 0.064453125 0.1376953125
0 0.38671875 0.2001953125 0.05078125 0.1162109375
0 0.33203125 0.037109375 0.0263671875 0.0400390625
3 0.2294921875 0.5224609375 0.283203125 0.7265625