2 0.650390625 0.291015625 0.01953125 0.0654296875
2 0.759765625 0.474609375 0.0302734375 0.09765625
0 0.4287109375 0.4462890625 0.09375 0.2177734375
0 0.548828125 0.23828125 0.0546875 0.087890625
0 0.58984375 0.1943359375 0.04296875 0.091796875
0 0.5439453125 0.0771484375 0.03515625 0.0517578125
2 0.61328125 0.2685546875 0.0205078125 0.056640625
2 0.59765625 0.3154296875 0.025390625 0.078125
0 0.6689453125 0.419921875 0.0869140625 0.193359375
0 0.5546875 0.4375 0.08203125 0.150390625
0 0.4140625 0.1201171875 0.0400390625 0.0732421875
2 0.5634765625 0.1787109375 0.0205078125 0.0615234375
2 0.38671875 0.0263671875 0.009765625 0.0361328125
2 0.6123046875 0.40234375 0.04296875 0.1142578125
0 0.5244140625 0.125 0.0322265625 0.0390625
0 0.5986328125 0.6962890625 0.14453125 0.380859375
3 0.3251953125 0.0859375 0.0537109375 0.1142578125
2 0.802734375 0.4931640625 0.03515625 0.099609375
2 0.1337890625 0.173828125 0.0234375 0.0615234375
2 0.8466796875 0.724609375 0.041015625 0.1376953125
0 0.5166015625 0.0849609375 0.01953125 0.0595703125
2 0.255859375 0.1416015625 0.0126953125 0.0361328125
2 0.28515625 0.1455078125 0.015625 0.037109375
0 0.4345703125 0.0224609375 0.025390625 0.03515625
2 0.5498046875 0.94140625 0.068359375 0.115234375
0 0.16796875 0.2919921875 0.0869140625 0.12109375
2 0.8857421875 0.9375 0.04296875 0.111328125
2 0.697265625 0.51953125 0.0458984375 0.09765625
0 0.7802734375 0.775390625 0.1708984375 0.421875
0 0.2783203125 0.83984375 0.2216796875 0.3056640625
3 0.4736328125 0.0888671875 0.08203125 0.138671875
3 0.380859375 0.2421875 0.0859375 0.2265625
0 0.50390625 0.017578125 0.02734375 0.03515625
0 0.48046875 0.0126953125 0.0244140625 0.025390625
3 0.3740234375 0.01171875 0.0224609375 0.0234375