2 0.5595703125 0.2919921875 0.0224609375 0.0732421875
0 0.51953125 0.064453125 0.0263671875 0.037109375
0 0.44140625 0.0263671875 0.01953125 0.044921875
0 0.5361328125 0.07421875 0.0205078125 0.0263671875
0 0.41015625 0.119140625 0.0400390625 0.076171875
0 0.5234375 0.109375 0.0390625 0.05859375
0 0.5498046875 0.4482421875 0.0595703125 0.2294921875
0 0.38671875 0.201171875 0.0498046875 0.1181640625
0 0.4052734375 0.01171875 0.01953125 0.0234375
0 0.3447265625 0.0478515625 0.0244140625 0.0458984375
3 0.560546875 0.1962890625 0.052734375 0.1708984375
0 0.8173828125 0.6689453125 0.19140625 0.3232421875
3 0.265625 0.0458984375 0.0478515625 0.072265625
3 0.470703125 0.1767578125 0.0693359375 0.1640625
3 0.234375 0.51953125 0.28515625 0.72265625