2 0.6083984375 0.330078125 0.025390625 0.080078125
0 0.556640625 0.4453125 0.0830078125 0.1650390625
0 0.556640625 0.306640625 0.07421875 0.1474609375
0 0.5029296875 0.01953125 0.0224609375 0.02734375
0 0.53515625 0.1953125 0.046875 0.12109375
0 0.568359375 0.1669921875 0.0361328125 0.08984375
0 0.4296875 0.447265625 0.0947265625 0.216796875
0 0.525390625 0.119140625 0.0341796875 0.0400390625
0 0.666015625 0.4052734375 0.08984375 0.1865234375
2 0.53125 0.0517578125 0.0185546875 0.0322265625
2 0.6103515625 0.2646484375 0.0244140625 0.0537109375
2 0.521484375 0.5625 0.0458984375 0.130859375
0 0.5380859375 0.0224609375 0.025390625 0.0302734375
0 0.43359375 0.02734375 0.02734375 0.0390625
2 0.7607421875 0.4638671875 0.033203125 0.1142578125
0 0.4169921875 0.115234375 0.0419921875 0.06640625
2 0.478515625 0.4384765625 0.03515625 0.091796875
2 0.6337890625 0.5087890625 0.029296875 0.09765625
0 0.59765625 0.69140625 0.15234375 0.3818359375
2 0.37109375 0.451171875 0.0302734375 0.1337890625
3 0.47265625 0.0849609375 0.0830078125 0.1357421875
0 0.4814453125 0.01171875 0.02734375 0.0234375
2 0.60546875 0.4677734375 0.02734375 0.068359375
0 0.78125 0.775390625 0.1689453125 0.4169921875
3 0.380859375 0.248046875 0.0859375 0.212890625
0 0.283203125 0.8388671875 0.21484375 0.3056640625