0 0.591796875 0.2080078125 0.044921875 0.0947265625
2 0.314453125 0.171875 0.0185546875 0.0498046875
0 0.5546875 0.43359375 0.0810546875 0.154296875
0 0.416015625 0.1142578125 0.0380859375 0.0693359375
0 0.50390625 0.0263671875 0.021484375 0.02734375
0 0.4287109375 0.4443359375 0.087890625 0.2109375
0 0.546875 0.0888671875 0.0283203125 0.0498046875
0 0.6669921875 0.419921875 0.087890625 0.18359375
0 0.5302734375 0.130859375 0.0439453125 0.0498046875
0 0.34765625 0.01953125 0.0224609375 0.02734375
0 0.3486328125 0.056640625 0.02734375 0.046875
0 0.55078125 0.2705078125 0.06640625 0.119140625
2 0.7626953125 0.4716796875 0.03125 0.095703125
2 0.580078125 0.14453125 0.015625 0.033203125
2 0.5185546875 0.56640625 0.037109375 0.115234375
0 0.515625 0.0830078125 0.0185546875 0.0595703125
0 0.126953125 0.2724609375 0.0810546875 0.12890625
0 0.4326171875 0.0576171875 0.0322265625 0.056640625
2 0.65625 0.3115234375 0.029296875 0.0498046875
2 0.59765625 0.3173828125 0.0263671875 0.08203125
0 0.43359375 0.0205078125 0.0185546875 0.02734375
0 0.4794921875 0.013671875 0.025390625 0.0263671875
0 0.59765625 0.69140625 0.1455078125 0.3837890625
0 0.37890625 0.037109375 0.0205078125 0.0390625
2 0.5625 0.1669921875 0.0234375 0.068359375
2 0.8037109375 0.494140625 0.04296875 0.125
2 0.8515625 0.703125 0.037109375 0.107421875
2 0.7099609375 0.5869140625 0.033203125 0.087890625
2 0.1884765625 0.2041015625 0.01953125 0.044921875
2 0.287109375 0.0732421875 0.013671875 0.037109375
0 0.2822265625 0.83984375 0.2158203125 0.306640625
3 0.3828125 0.2294921875 0.087890625 0.234375
3 0.4736328125 0.0849609375 0.0810546875 0.1357421875
0 0.779296875 0.771484375 0.171875 0.4208984375