2 0.31640625 0.1044921875 0.01171875 0.0400390625
2 0.251953125 0.15234375 0.0146484375 0.044921875
2 0.3447265625 0.0849609375 0.0107421875 0.0361328125
2 0.2763671875 0.15625 0.021484375 0.0537109375
2 0.361328125 0.044921875 0.009765625 0.03515625
2 0.21875 0.201171875 0.0185546875 0.0517578125
2 0.27734375 0.205078125 0.0166015625 0.046875
2 0.80859375 0.5048828125 0.03515625 0.107421875
2 0.7265625 0.3662109375 0.0263671875 0.0751953125
2 0.3251953125 0.1787109375 0.0166015625 0.037109375
2 0.7607421875 0.474609375 0.0302734375 0.0986328125
2 0.2333984375 0.1640625 0.0166015625 0.0419921875
0 0.5888671875 0.189453125 0.04296875 0.08203125
2 0.333984375 0.1240234375 0.01171875 0.052734375
0 0.5556640625 0.4423828125 0.0810546875 0.173828125
0 0.53515625 0.0615234375 0.029296875 0.044921875
0 0.5556640625 0.3154296875 0.07421875 0.138671875
0 0.6669921875 0.4169921875 0.0830078125 0.1875
0 0.4326171875 0.0224609375 0.0224609375 0.0322265625
2 0.33203125 0.044921875 0.0107421875 0.037109375
0 0.427734375 0.44140625 0.08984375 0.2099609375
2 0.1201171875 0.326171875 0.0263671875 0.078125
2 0.5927734375 0.2958984375 0.0224609375 0.0693359375
0 0.4150390625 0.1142578125 0.037109375 0.068359375
2 0.2861328125 0.12109375 0.013671875 0.033203125
2 0.267578125 0.0849609375 0.01171875 0.029296875
2 0.2861328125 0.0791015625 0.01171875 0.033203125
2 0.7001953125 0.5009765625 0.0380859375 0.0830078125
0 0.5380859375 0.1826171875 0.0537109375 0.0849609375
0 0.43359375 0.0537109375 0.0302734375 0.044921875
0 0.515625 0.0849609375 0.01953125 0.0634765625
0 0.5234375 0.125 0.0302734375 0.0390625
2 0.60546875 0.4033203125 0.029296875 0.08984375
2 0.8427734375 0.681640625 0.05859375 0.1357421875
2 0.611328125 0.4755859375 0.037109375 0.0625
0 0.59765625 0.693359375 0.1435546875 0.384765625
0 0.50390625 0.017578125 0.0244140625 0.0322265625
2 0.310546875 0.0712890625 0.0107421875 0.0322265625
0 0.48046875 0.013671875 0.025390625 0.0263671875
2 0.7099609375 0.5869140625 0.0302734375 0.0849609375
0 0.2822265625 0.8388671875 0.216796875 0.3056640625
0 0.779296875 0.767578125 0.1689453125 0.4267578125
3 0.3818359375 0.2392578125 0.08984375 0.232421875
3 0.47265625 0.083984375 0.0849609375 0.1376953125