0 0.5419921875 0.123046875 0.01953125 0.0458984375
0 0.513671875 0.126953125 0.02734375 0.0791015625
0 0.388671875 0.2001953125 0.05078125 0.1220703125
0 0.412109375 0.1064453125 0.0400390625 0.0712890625
0 0.44140625 0.02734375 0.0224609375 0.044921875
0 0.501953125 0.0712890625 0.0234375 0.044921875
0 0.607421875 0.224609375 0.0595703125 0.1259765625
0 0.53125 0.181640625 0.041015625 0.08984375
0 0.5078125 0.0244140625 0.0263671875 0.037109375
0 0.564453125 0.1572265625 0.0390625 0.08984375
3 0.53515625 0.05859375 0.03515625 0.06640625
3 0.4697265625 0.181640625 0.0712890625 0.1708984375