2 0.5478515625 0.1552734375 0.0185546875 0.0498046875
2 0.5703125 0.1796875 0.0146484375 0.0400390625
2 0.5888671875 0.275390625 0.0234375 0.0712890625
2 0.603515625 0.2431640625 0.01953125 0.0615234375
2 0.6015625 0.201171875 0.0166015625 0.03515625
2 0.5458984375 0.0400390625 0.0107421875 0.0263671875
2 0.51953125 0.1201171875 0.0146484375 0.037109375
2 0.6884765625 0.5009765625 0.0341796875 0.111328125
2 0.505859375 0.51953125 0.0302734375 0.130859375
2 0.6259765625 0.3818359375 0.021484375 0.080078125
2 0.6728515625 0.630859375 0.0390625 0.1279296875
2 0.595703125 0.3251953125 0.0205078125 0.0634765625
2 0.4892578125 0.15625 0.0244140625 0.0458984375
2 0.5380859375 0.1083984375 0.01171875 0.0419921875
0 0.513671875 0.05078125 0.03125 0.0517578125
2 0.6484375 0.3583984375 0.0244140625 0.080078125
2 0.568359375 0.12890625 0.0126953125 0.03515625
2 0.580078125 0.22265625 0.0166015625 0.0458984375
0 0.5478515625 0.232421875 0.048828125 0.1181640625
2 0.4970703125 0.0498046875 0.01171875 0.0302734375
2 0.6455078125 0.4990234375 0.03515625 0.10546875
0 0.4267578125 0.0693359375 0.0341796875 0.0634765625
2 0.3525390625 0.021484375 0.0078125 0.029296875
0 0.6083984375 0.736328125 0.13671875 0.328125
0 0.572265625 0.3955078125 0.076171875 0.1748046875
0 0.5 0.0185546875 0.0224609375 0.03515625
0 0.4765625 0.0634765625 0.0166015625 0.048828125
3 0.3642578125 0.6357421875 0.263671875 0.71484375