2 0.6435546875 0.3662109375 0.0205078125 0.068359375
2 0.791015625 0.466796875 0.0322265625 0.0947265625
2 0.6103515625 0.2900390625 0.0224609375 0.078125
0 0.5322265625 0.2451171875 0.0537109375 0.0986328125
0 0.416015625 0.09765625 0.04296875 0.080078125
0 0.5029296875 0.0537109375 0.02734375 0.068359375
0 0.44140625 0.0302734375 0.0234375 0.0458984375
3 0.541015625 0.111328125 0.0654296875 0.158203125
0 0.6259765625 0.677734375 0.1201171875 0.349609375
0 0.5703125 0.513671875 0.08203125 0.2080078125
0 0.3876953125 0.1943359375 0.052734375 0.111328125
3 0.78515625 0.751953125 0.2548828125 0.484375
3 0.234375 0.5205078125 0.2841796875 0.720703125