0 0.3974609375 0.1376953125 0.0517578125 0.09765625
0 0.53125 0.1865234375 0.05078125 0.1044921875
0 0.4365234375 0.3916015625 0.06640625 0.1611328125
0 0.3076171875 0.4130859375 0.1025390625 0.1982421875
2 0.5859375 0.3017578125 0.0224609375 0.078125
2 0.6572265625 0.376953125 0.0263671875 0.087890625
0 0.36328125 0.24609375 0.06640625 0.138671875
2 0.634765625 0.380859375 0.02734375 0.076171875
2 0.498046875 0.7529296875 0.05859375 0.1943359375
0 0.5068359375 0.025390625 0.0234375 0.0302734375
0 0.513671875 0.06640625 0.0283203125 0.0537109375
0 0.431640625 0.0625 0.0341796875 0.0556640625
3 0.466796875 0.0673828125 0.0361328125 0.0849609375
0 0.46875 0.1396484375 0.04296875 0.08984375
0 0.2587890625 0.1416015625 0.052734375 0.0830078125
0 0.5234375 0.1142578125 0.03515625 0.0595703125
2 0.74609375 0.7451171875 0.05859375 0.1513671875
2 0.3642578125 0.8173828125 0.0595703125 0.1767578125
2 0.6611328125 0.5234375 0.037109375 0.1279296875
2 0.533203125 0.439453125 0.03515625 0.115234375
0 0.447265625 0.017578125 0.02734375 0.03515625
0 0.4736328125 0.013671875 0.0205078125 0.0263671875
2 0.4130859375 0.931640625 0.0634765625 0.111328125
0 0.4375 0.154296875 0.0419921875 0.044921875
0 0.3876953125 0.556640625 0.11328125 0.283203125
2 0.6083984375 0.380859375 0.02734375 0.0537109375
2 0.302734375 0.9208984375 0.07421875 0.15234375
0 0.6015625 0.529296875 0.103515625 0.263671875
2 0.13671875 0.9208984375 0.1044921875 0.150390625
2 0.88671875 0.734375 0.060546875 0.1640625
2 0.708984375 0.62890625 0.044921875 0.1357421875
2 0.5126953125 0.578125 0.03515625 0.1123046875
2 0.5595703125 0.740234375 0.0478515625 0.150390625
2 0.484375 0.62890625 0.04296875 0.130859375
0 0.7158203125 0.90234375 0.173828125 0.193359375
0 0.2021484375 0.6689453125 0.17578125 0.443359375