2 0.6171875 0.2197265625 0.0166015625 0.046875
0 0.4169921875 0.1162109375 0.0400390625 0.0693359375
0 0.5615234375 0.140625 0.03125 0.068359375
2 0.619140625 0.1796875 0.013671875 0.04296875
0 0.5478515625 0.2392578125 0.0595703125 0.0849609375
2 0.5986328125 0.1357421875 0.01171875 0.0419921875
2 0.5224609375 0.5625 0.046875 0.1357421875
0 0.4296875 0.439453125 0.09375 0.2041015625
0 0.5556640625 0.439453125 0.0859375 0.16796875
2 0.3291015625 0.2216796875 0.0283203125 0.068359375
0 0.671875 0.4287109375 0.095703125 0.1962890625
0 0.5244140625 0.125 0.03125 0.0419921875
2 0.685546875 0.5224609375 0.0390625 0.078125
2 0.76171875 0.4697265625 0.03125 0.1044921875
2 0.734375 0.5009765625 0.0302734375 0.0927734375
2 0.515625 0.2587890625 0.0224609375 0.0615234375
2 0.65234375 0.314453125 0.0361328125 0.048828125
2 0.6083984375 0.39453125 0.0322265625 0.1083984375
0 0.2705078125 0.130859375 0.04296875 0.0654296875
0 0.4345703125 0.0234375 0.025390625 0.033203125
2 0.708984375 0.59765625 0.0322265625 0.0927734375
0 0.5078125 0.0166015625 0.02734375 0.033203125
2 0.88671875 0.923828125 0.05078125 0.14453125
2 0.6201171875 0.265625 0.01953125 0.05859375
0 0.595703125 0.689453125 0.1484375 0.384765625
2 0.55078125 0.9638671875 0.05859375 0.072265625
3 0.369140625 0.025390625 0.01953125 0.048828125
0 0.2822265625 0.8447265625 0.2138671875 0.3056640625
2 0.84375 0.69140625 0.03515625 0.08984375
0 0.48046875 0.01171875 0.0263671875 0.0234375
0 0.7783203125 0.775390625 0.1669921875 0.41796875
3 0.3828125 0.24609375 0.087890625 0.20703125