2 0.6796875 0.4833984375 0.033203125 0.1220703125
0 0.35546875 0.326171875 0.0673828125 0.1552734375
0 0.39453125 0.16015625 0.0576171875 0.119140625
0 0.51171875 0.0244140625 0.0322265625 0.0458984375
0 0.5439453125 0.2373046875 0.0576171875 0.119140625
2 0.1552734375 0.2646484375 0.01953125 0.0595703125
0 0.421875 0.0771484375 0.037109375 0.056640625
0 0.4609375 0.2197265625 0.0576171875 0.1181640625
0 0.4462890625 0.0263671875 0.0263671875 0.0498046875
0 0.5068359375 0.0927734375 0.0302734375 0.056640625
2 0.583984375 0.193359375 0.0205078125 0.076171875
2 0.107421875 0.2958984375 0.03515625 0.078125
0 0.541015625 0.1455078125 0.0439453125 0.056640625
0 0.4716796875 0.0322265625 0.0244140625 0.0556640625
0 0.5986328125 0.4189453125 0.0849609375 0.2099609375
0 0.287109375 0.400390625 0.1044921875 0.2265625
0 0.2294921875 0.646484375 0.173828125 0.3876953125
0 0.4267578125 0.455078125 0.10546875 0.2197265625
0 0.146484375 0.2177734375 0.064453125 0.0927734375