2 0.6650390625 0.494140625 0.0322265625 0.09765625
2 0.74609375 0.6884765625 0.044921875 0.150390625
2 0.609375 0.7412109375 0.0537109375 0.158203125
0 0.5390625 0.046875 0.025390625 0.0361328125
0 0.5615234375 0.396484375 0.0869140625 0.2041015625
0 0.3701171875 0.0576171875 0.02734375 0.0537109375
0 0.5263671875 0.1298828125 0.037109375 0.0791015625
0 0.41796875 0.1142578125 0.04296875 0.08203125
0 0.515625 0.0205078125 0.01953125 0.0361328125
0 0.43359375 0.025390625 0.0234375 0.0361328125
0 0.427734375 0.4453125 0.09375 0.21484375
2 0.541015625 0.2734375 0.03125 0.0888671875
0 0.36328125 0.015625 0.01953125 0.03125
2 0.6435546875 0.6484375 0.0322265625 0.1220703125
0 0.330078125 0.0517578125 0.0361328125 0.056640625
3 0.48046875 0.0126953125 0.0244140625 0.025390625
3 0.408203125 0.015625 0.01953125 0.0302734375
2 0.2421875 0.1337890625 0.0166015625 0.056640625
2 0.373046875 0.4443359375 0.0341796875 0.150390625
2 0.330078125 0.22265625 0.02734375 0.068359375
0 0.28125 0.8427734375 0.2177734375 0.3037109375
3 0.3828125 0.2314453125 0.0859375 0.234375
0 0.560546875 0.1826171875 0.0263671875 0.1123046875
3 0.470703125 0.099609375 0.0849609375 0.1611328125