0 0.587890625 0.1953125 0.04296875 0.0849609375
2 0.3642578125 0.060546875 0.017578125 0.048828125
2 0.302734375 0.12109375 0.01171875 0.0390625
2 0.3427734375 0.056640625 0.01171875 0.0390625
0 0.5556640625 0.4365234375 0.08203125 0.171875
0 0.4267578125 0.443359375 0.087890625 0.212890625
0 0.669921875 0.4248046875 0.0869140625 0.18359375
2 0.7607421875 0.46875 0.03125 0.1123046875
0 0.5478515625 0.2353515625 0.0615234375 0.087890625
0 0.419921875 0.0966796875 0.044921875 0.0927734375
0 0.53515625 0.064453125 0.029296875 0.056640625
2 0.1083984375 0.37890625 0.0498046875 0.1162109375
2 0.6201171875 0.15234375 0.01171875 0.0390625
2 0.71875 0.443359375 0.0341796875 0.099609375
2 0.80859375 0.5029296875 0.033203125 0.1083984375
2 0.515625 0.5703125 0.041015625 0.1123046875
2 0.548828125 0.130859375 0.0263671875 0.0419921875
0 0.50390625 0.0166015625 0.02734375 0.033203125
2 0.32421875 0.056640625 0.01171875 0.0361328125
0 0.5966796875 0.6953125 0.1484375 0.3876953125
2 0.8857421875 0.75 0.05859375 0.1279296875
2 0.7109375 0.5859375 0.033203125 0.0888671875
2 0.5458984375 0.9267578125 0.0732421875 0.1318359375
0 0.515625 0.083984375 0.0185546875 0.0625
2 0.5634765625 0.171875 0.0205078125 0.0634765625
2 0.8447265625 0.712890625 0.04296875 0.140625
0 0.28125 0.83984375 0.21875 0.3056640625
0 0.78125 0.775390625 0.1689453125 0.423828125
0 0.48046875 0.013671875 0.02734375 0.0263671875
3 0.3818359375 0.2392578125 0.0888671875 0.2333984375
0 0.4326171875 0.01953125 0.01953125 0.0302734375
3 0.13671875 0.2138671875 0.1044921875 0.1865234375
3 0.47265625 0.0927734375 0.0849609375 0.150390625
3 0.27734375 0.0615234375 0.0751953125 0.1142578125