2 0.59765625 0.3388671875 0.0244140625 0.080078125
2 0.7890625 0.4638671875 0.02734375 0.09765625
0 0.546875 0.22265625 0.0595703125 0.1083984375
2 0.6572265625 0.4912109375 0.0224609375 0.0595703125
0 0.4013671875 0.1435546875 0.04296875 0.087890625
2 0.2744140625 0.06640625 0.0166015625 0.0361328125
2 0.6005859375 0.24609375 0.0126953125 0.0595703125
2 0.62890625 0.46484375 0.0361328125 0.080078125
0 0.5029296875 0.0595703125 0.0234375 0.05859375
0 0.5712890625 0.513671875 0.087890625 0.21484375
0 0.5390625 0.068359375 0.05859375 0.076171875
0 0.41796875 0.0732421875 0.044921875 0.091796875
0 0.44140625 0.029296875 0.0224609375 0.046875
0 0.3740234375 0.240234375 0.0400390625 0.119140625
3 0.2314453125 0.5205078125 0.28515625 0.724609375
3 0.7822265625 0.748046875 0.2607421875 0.4873046875