2 0.7900390625 0.46484375 0.0302734375 0.095703125
2 0.607421875 0.2705078125 0.0185546875 0.0732421875
2 0.58984375 0.1474609375 0.0126953125 0.0458984375
2 0.6455078125 0.3837890625 0.0224609375 0.0849609375
2 0.5908203125 0.2060546875 0.017578125 0.068359375
0 0.548828125 0.224609375 0.05859375 0.111328125
2 0.619140625 0.1455078125 0.0146484375 0.033203125
2 0.7587890625 0.423828125 0.0400390625 0.0888671875
2 0.6640625 0.5234375 0.0205078125 0.0634765625
0 0.50390625 0.0634765625 0.0224609375 0.0654296875
0 0.44140625 0.02734375 0.0224609375 0.046875
0 0.4111328125 0.111328125 0.0400390625 0.0791015625
0 0.5712890625 0.513671875 0.0859375 0.2099609375
0 0.3857421875 0.1982421875 0.0498046875 0.1162109375
3 0.541015625 0.111328125 0.064453125 0.1552734375
3 0.23046875 0.5234375 0.2861328125 0.724609375
3 0.794921875 0.7490234375 0.228515625 0.482421875