0 0.5927734375 0.2080078125 0.0458984375 0.09765625
0 0.5546875 0.3115234375 0.0732421875 0.14453125
2 0.806640625 0.5 0.0380859375 0.119140625
2 0.59765625 0.3212890625 0.025390625 0.08203125
0 0.427734375 0.443359375 0.08984375 0.2138671875
0 0.66796875 0.4189453125 0.08984375 0.1904296875
0 0.546875 0.0908203125 0.0302734375 0.056640625
0 0.537109375 0.1767578125 0.0546875 0.0859375
0 0.5556640625 0.4423828125 0.08203125 0.154296875
0 0.4169921875 0.119140625 0.0400390625 0.0732421875
2 0.61328125 0.4052734375 0.0458984375 0.12890625
2 0.8447265625 0.6884765625 0.0419921875 0.1044921875
2 0.68359375 0.51953125 0.0361328125 0.0830078125
0 0.59765625 0.69140625 0.14453125 0.380859375
0 0.5029296875 0.017578125 0.0283203125 0.033203125
2 0.7607421875 0.47265625 0.0322265625 0.0986328125
0 0.39453125 0.017578125 0.017578125 0.0322265625
0 0.515625 0.080078125 0.01953125 0.05859375
2 0.708984375 0.58984375 0.0283203125 0.0791015625
2 0.650390625 0.5791015625 0.03125 0.0947265625
2 0.7392578125 0.5400390625 0.044921875 0.0849609375
0 0.28125 0.83984375 0.21875 0.306640625
0 0.7802734375 0.775390625 0.1728515625 0.4248046875
0 0.48046875 0.0126953125 0.0283203125 0.025390625
0 0.431640625 0.056640625 0.0341796875 0.0556640625
0 0.4462890625 0.015625 0.025390625 0.03125
3 0.3818359375 0.228515625 0.087890625 0.2236328125