2 0.1611328125 0.240234375 0.025390625 0.0615234375
2 0.2607421875 0.11328125 0.0283203125 0.0517578125
2 0.32421875 0.1669921875 0.017578125 0.0634765625
2 0.2265625 0.2099609375 0.0166015625 0.0458984375
2 0.3857421875 0.0361328125 0.013671875 0.0361328125
2 0.27734375 0.1640625 0.0166015625 0.05859375
2 0.3203125 0.103515625 0.0205078125 0.0517578125
0 0.419921875 0.1025390625 0.0419921875 0.0791015625
2 0.34765625 0.1162109375 0.0126953125 0.0517578125
0 0.515625 0.025390625 0.0185546875 0.02734375
0 0.5400390625 0.099609375 0.0205078125 0.056640625
2 0.58203125 0.2314453125 0.0185546875 0.0654296875
2 0.25390625 0.1953125 0.0263671875 0.0595703125
0 0.5546875 0.15234375 0.03515625 0.0849609375
2 0.2099609375 0.2412109375 0.0244140625 0.0517578125
2 0.349609375 0.0537109375 0.0185546875 0.0458984375
2 0.2958984375 0.0966796875 0.013671875 0.0400390625
2 0.36328125 0.0244140625 0.013671875 0.037109375
2 0.3046875 0.07421875 0.0126953125 0.04296875
0 0.43359375 0.6259765625 0.1328125 0.345703125
2 0.1904296875 0.2490234375 0.0185546875 0.0498046875
0 0.478515625 0.015625 0.02734375 0.02734375
0 0.521484375 0.1904296875 0.033203125 0.0615234375
2 0.1123046875 0.31640625 0.0234375 0.0791015625
0 0.521484375 0.0927734375 0.0224609375 0.048828125
2 0.2490234375 0.142578125 0.01171875 0.0400390625
3 0.2490234375 0.5419921875 0.2470703125 0.54296875
2 0.091796875 0.2568359375 0.01953125 0.078125
0 0.4306640625 0.0537109375 0.0283203125 0.044921875
2 0.1376953125 0.3369140625 0.01171875 0.0625
2 0.171875 0.2939453125 0.025390625 0.0625
3 0.3828125 0.24609375 0.0908203125 0.25390625
0 0.572265625 0.6357421875 0.0751953125 0.3330078125
0 0.4501953125 0.0126953125 0.02734375 0.025390625
3 0.4638671875 0.2958984375 0.091796875 0.275390625
3 0.716796875 0.744140625 0.31640625 0.5068359375