2 0.8076171875 0.423828125 0.05859375 0.087890625
2 0.541015625 0.0693359375 0.017578125 0.0556640625
2 0.625 0.400390625 0.0302734375 0.08203125
2 0.345703125 0.0419921875 0.017578125 0.0458984375
0 0.443359375 0.0322265625 0.0244140625 0.0537109375
2 0.572265625 0.1474609375 0.021484375 0.06640625
2 0.587890625 0.33203125 0.0244140625 0.080078125
0 0.5322265625 0.2216796875 0.05078125 0.109375
0 0.4140625 0.1044921875 0.0400390625 0.0712890625
0 0.5380859375 0.119140625 0.0244140625 0.0390625
2 0.55078125 0.15625 0.01953125 0.056640625
0 0.3896484375 0.201171875 0.0537109375 0.1181640625
0 0.548828125 0.353515625 0.0634765625 0.1572265625
0 0.6259765625 0.677734375 0.12109375 0.3525390625
0 0.380859375 0.05078125 0.0244140625 0.0517578125
0 0.4658203125 0.212890625 0.0634765625 0.109375
3 0.5068359375 0.0537109375 0.05078125 0.107421875