2 0.2861328125 0.134765625 0.015625 0.044921875
2 0.2666015625 0.1259765625 0.0146484375 0.0517578125
0 0.53515625 0.169921875 0.046875 0.0986328125
2 0.6318359375 0.3251953125 0.0244140625 0.0859375
2 0.2744140625 0.203125 0.01953125 0.0595703125
2 0.1279296875 0.26171875 0.0224609375 0.0595703125
2 0.302734375 0.1103515625 0.0126953125 0.04296875
0 0.3212890625 0.04296875 0.021484375 0.0390625
0 0.5166015625 0.1181640625 0.01953125 0.0615234375
2 0.3271484375 0.078125 0.015625 0.048828125
2 0.251953125 0.1337890625 0.017578125 0.052734375
2 0.5849609375 0.255859375 0.0205078125 0.0537109375
0 0.4755859375 0.015625 0.0185546875 0.025390625
2 0.681640625 0.5087890625 0.037109375 0.12890625
0 0.455078125 0.01171875 0.01953125 0.0234375
2 0.5810546875 0.169921875 0.0205078125 0.0556640625
0 0.376953125 0.0302734375 0.01953125 0.03515625
0 0.4150390625 0.1181640625 0.0390625 0.0751953125
0 0.4345703125 0.62890625 0.134765625 0.3427734375
0 0.57421875 0.4619140625 0.09375 0.20703125
0 0.3544921875 0.0224609375 0.0244140625 0.0400390625
0 0.3681640625 0.0634765625 0.0205078125 0.044921875
2 0.35546875 0.0732421875 0.01171875 0.03515625
0 0.54296875 0.080078125 0.021484375 0.0537109375
2 0.3056640625 0.064453125 0.013671875 0.037109375
2 0.62890625 0.8974609375 0.0625 0.201171875
2 0.5322265625 0.3349609375 0.0244140625 0.0927734375
2 0.5546875 0.2685546875 0.021484375 0.076171875
2 0.5625 0.1474609375 0.021484375 0.0556640625
0 0.4365234375 0.0400390625 0.0283203125 0.0498046875
2 0.6064453125 0.2578125 0.0224609375 0.0517578125
0 0.224609375 0.1728515625 0.05859375 0.0986328125
3 0.3994140625 0.01953125 0.0224609375 0.0390625
3 0.3828125 0.2412109375 0.0927734375 0.2607421875
0 0.490234375 0.013671875 0.01953125 0.0263671875
2 0.537109375 0.2587890625 0.01953125 0.052734375
2 0.1630859375 0.2080078125 0.01953125 0.0556640625
3 0.47265625 0.087890625 0.0791015625 0.14453125
0 0.2822265625 0.8408203125 0.21484375 0.3037109375
3 0.462890625 0.2958984375 0.09375 0.2861328125
0 0.1201171875 0.3642578125 0.0771484375 0.1484375