0 0.541015625 0.0888671875 0.0615234375 0.10546875
3 0.46484375 0.0615234375 0.06640625 0.1220703125
0 0.3720703125 0.2294921875 0.06640625 0.1142578125
0 0.3359375 0.330078125 0.083984375 0.173828125
0 0.55859375 0.4765625 0.0966796875 0.236328125
3 0.4169921875 0.0908203125 0.048828125 0.115234375
0 0.50390625 0.0732421875 0.02734375 0.109375
0 0.3271484375 0.0732421875 0.03515625 0.048828125
0 0.380859375 0.0302734375 0.0087890625 0.0302734375
3 0.4208984375 0.4150390625 0.12890625 0.365234375
0 0.55859375 0.2861328125 0.0673828125 0.1416015625
0 0.2744140625 0.494140625 0.123046875 0.2705078125
3 0.4658203125 0.1943359375 0.08203125 0.18359375
0 0.361328125 0.0615234375 0.013671875 0.04296875
0 0.26953125 0.052734375 0.044921875 0.052734375
0 0.1650390625 0.8076171875 0.1689453125 0.365234375
0 0.40234375 0.796875 0.169921875 0.3857421875