2 0.6171875 0.30078125 0.0166015625 0.0595703125
2 0.6015625 0.36328125 0.0234375 0.076171875
2 0.7890625 0.46484375 0.02734375 0.095703125
0 0.533203125 0.2490234375 0.0576171875 0.1123046875
2 0.6767578125 0.52734375 0.0380859375 0.1318359375
2 0.65625 0.482421875 0.0263671875 0.0693359375
0 0.4013671875 0.1494140625 0.0439453125 0.095703125
0 0.5712890625 0.5126953125 0.087890625 0.216796875
0 0.5029296875 0.05859375 0.0234375 0.0556640625
0 0.5458984375 0.181640625 0.0458984375 0.0615234375
0 0.5390625 0.06640625 0.056640625 0.072265625
3 0.26953125 0.109375 0.05078125 0.1083984375
0 0.44140625 0.0283203125 0.0224609375 0.0458984375
3 0.78125 0.7490234375 0.26171875 0.4892578125
3 0.234375 0.521484375 0.2900390625 0.7294921875