2 0.7041015625 0.70703125 0.0498046875 0.158203125
0 0.5205078125 0.087890625 0.0234375 0.046875
0 0.533203125 0.1826171875 0.0498046875 0.1044921875
2 0.6015625 0.26953125 0.0234375 0.0634765625
0 0.55078125 0.3193359375 0.06640625 0.158203125
2 0.5771484375 0.4482421875 0.0302734375 0.0927734375
2 0.66015625 0.3232421875 0.01953125 0.0400390625
2 0.609375 0.3515625 0.01953125 0.06640625
0 0.51953125 0.0146484375 0.01953125 0.029296875
0 0.67578125 0.4716796875 0.1064453125 0.2509765625
2 0.7578125 0.888671875 0.0576171875 0.18359375
0 0.4296875 0.44140625 0.0908203125 0.2041015625
2 0.51953125 0.5576171875 0.041015625 0.1376953125
0 0.41796875 0.1181640625 0.0419921875 0.0751953125
3 0.5244140625 0.0439453125 0.0185546875 0.0400390625
0 0.478515625 0.0107421875 0.0234375 0.021484375
0 0.447265625 0.0166015625 0.0224609375 0.0302734375
0 0.595703125 0.6845703125 0.1474609375 0.3779296875
2 0.546875 0.9482421875 0.0654296875 0.099609375
0 0.4345703125 0.0546875 0.0302734375 0.0517578125
0 0.5048828125 0.013671875 0.015625 0.0263671875
3 0.25 0.548828125 0.248046875 0.525390625
3 0.380859375 0.25390625 0.0869140625 0.203125
0 0.716796875 0.98046875 0.123046875 0.0390625
3 0.47265625 0.0927734375 0.0830078125 0.1552734375