0 0.5693359375 0.1591796875 0.0419921875 0.0849609375
0 0.4130859375 0.1103515625 0.04296875 0.0791015625
0 0.390625 0.1865234375 0.0546875 0.107421875
2 0.2021484375 0.1884765625 0.017578125 0.0419921875
0 0.3310546875 0.0537109375 0.037109375 0.04296875
0 0.44140625 0.0302734375 0.0205078125 0.046875
0 0.33984375 0.087890625 0.0234375 0.0458984375
0 0.3896484375 0.03125 0.0244140625 0.0400390625
0 0.52734375 0.060546875 0.029296875 0.068359375
0 0.5849609375 0.3056640625 0.0703125 0.1337890625
0 0.521484375 0.140625 0.0390625 0.0859375
0 0.5029296875 0.0263671875 0.0224609375 0.0390625
0 0.5439453125 0.1123046875 0.0205078125 0.0634765625
3 0.232421875 0.525390625 0.2890625 0.73046875