2 0.6279296875 0.4169921875 0.0224609375 0.0712890625
2 0.7900390625 0.470703125 0.0263671875 0.0830078125
2 0.6484375 0.486328125 0.037109375 0.048828125
2 0.5859375 0.21484375 0.0126953125 0.056640625
2 0.759765625 0.4267578125 0.0419921875 0.08203125
0 0.533203125 0.2470703125 0.05859375 0.10546875
0 0.41015625 0.1171875 0.04296875 0.08203125
0 0.5029296875 0.0625 0.0234375 0.0634765625
0 0.44140625 0.0302734375 0.0224609375 0.046875
0 0.5712890625 0.513671875 0.0849609375 0.212890625
0 0.263671875 0.140625 0.0458984375 0.0498046875
3 0.5400390625 0.1142578125 0.0625 0.158203125
0 0.38671875 0.1982421875 0.0517578125 0.115234375
0 0.5009765625 0.017578125 0.021484375 0.03515625
3 0.79296875 0.75390625 0.23828125 0.48046875
3 0.234375 0.5234375 0.291015625 0.7275390625