2 0.6142578125 0.4365234375 0.02734375 0.08203125
2 0.791015625 0.46484375 0.0322265625 0.1015625
2 0.662109375 0.5107421875 0.03515625 0.0888671875
0 0.412109375 0.11328125 0.0400390625 0.076171875
0 0.50390625 0.064453125 0.0224609375 0.056640625
0 0.572265625 0.5126953125 0.0869140625 0.2109375
0 0.369140625 0.03515625 0.0185546875 0.03515625
3 0.541015625 0.107421875 0.0625 0.14453125
0 0.5322265625 0.2490234375 0.056640625 0.1015625
0 0.44140625 0.02734375 0.0224609375 0.04296875
0 0.3876953125 0.1943359375 0.052734375 0.1083984375
3 0.34765625 0.0673828125 0.03515625 0.068359375
0 0.5029296875 0.017578125 0.0224609375 0.03515625
3 0.7841796875 0.7548828125 0.259765625 0.4873046875
3 0.2392578125 0.5244140625 0.296875 0.7294921875
3 0.4697265625 0.052734375 0.0654296875 0.10546875