2 0.609375 0.310546875 0.01953125 0.0654296875
2 0.7900390625 0.462890625 0.0341796875 0.10546875
2 0.59765625 0.1591796875 0.013671875 0.037109375
2 0.75390625 0.4267578125 0.02734375 0.076171875
2 0.5849609375 0.205078125 0.017578125 0.0517578125
0 0.533203125 0.2490234375 0.056640625 0.1083984375
2 0.6318359375 0.14453125 0.025390625 0.0361328125
0 0.5029296875 0.0595703125 0.021484375 0.0556640625
0 0.412109375 0.1142578125 0.041015625 0.0849609375
0 0.5390625 0.068359375 0.05859375 0.0732421875
0 0.44140625 0.03125 0.0224609375 0.0517578125
0 0.5703125 0.51171875 0.083984375 0.20703125
0 0.38671875 0.1943359375 0.0498046875 0.1083984375
0 0.546875 0.171875 0.041015625 0.044921875
0 0.501953125 0.0205078125 0.0244140625 0.0400390625
3 0.2333984375 0.525390625 0.2890625 0.7265625