2 0.650390625 0.296875 0.01953125 0.0625
2 0.7587890625 0.470703125 0.0302734375 0.091796875
2 0.798828125 0.5419921875 0.037109375 0.091796875
0 0.544921875 0.076171875 0.033203125 0.0498046875
0 0.6689453125 0.419921875 0.0830078125 0.18359375
0 0.427734375 0.447265625 0.087890625 0.216796875
0 0.4140625 0.119140625 0.041015625 0.0732421875
2 0.5185546875 0.5693359375 0.03515625 0.10546875
0 0.58984375 0.19140625 0.0419921875 0.0830078125
0 0.2861328125 0.0927734375 0.03515625 0.068359375
2 0.5634765625 0.1787109375 0.0205078125 0.0625
2 0.8466796875 0.6953125 0.0322265625 0.0986328125
0 0.53515625 0.17578125 0.0498046875 0.08203125
0 0.5556640625 0.3134765625 0.072265625 0.1474609375
2 0.6103515625 0.3984375 0.041015625 0.1083984375
0 0.5546875 0.4345703125 0.08203125 0.14453125
2 0.59765625 0.306640625 0.0283203125 0.087890625
0 0.3193359375 0.046875 0.0244140625 0.0419921875
3 0.34375 0.06640625 0.0302734375 0.087890625
2 0.541015625 0.5185546875 0.0263671875 0.076171875
0 0.4345703125 0.0244140625 0.025390625 0.03515625
0 0.5966796875 0.693359375 0.146484375 0.384765625
0 0.525390625 0.1240234375 0.033203125 0.0400390625
0 0.2392578125 0.2158203125 0.06640625 0.08984375
0 0.5048828125 0.0185546875 0.0283203125 0.037109375
0 0.515625 0.0849609375 0.01953125 0.0615234375
2 0.70703125 0.5859375 0.02734375 0.0888671875
2 0.380859375 0.0361328125 0.01171875 0.033203125
2 0.734375 0.53515625 0.03125 0.080078125
2 0.505859375 0.306640625 0.013671875 0.0986328125
0 0.48046875 0.0126953125 0.0244140625 0.025390625
3 0.3818359375 0.2373046875 0.0869140625 0.2333984375
0 0.78125 0.775390625 0.171875 0.421875
0 0.2783203125 0.83984375 0.2216796875 0.3056640625