2 0.322265625 0.08203125 0.0185546875 0.0498046875
2 0.3681640625 0.0791015625 0.0126953125 0.0390625
0 0.3408203125 0.0673828125 0.02734375 0.056640625
0 0.4150390625 0.1142578125 0.0341796875 0.06640625
0 0.58984375 0.1962890625 0.04296875 0.091796875
0 0.5390625 0.0654296875 0.0234375 0.046875
0 0.5556640625 0.3203125 0.076171875 0.1484375
0 0.5341796875 0.17578125 0.0498046875 0.0849609375
2 0.763671875 0.47265625 0.02734375 0.0927734375
0 0.427734375 0.4462890625 0.0869140625 0.2177734375
0 0.6669921875 0.419921875 0.087890625 0.193359375
2 0.25390625 0.12890625 0.01171875 0.03515625
2 0.302734375 0.087890625 0.015625 0.05859375
2 0.546875 0.9287109375 0.06640625 0.1357421875
2 0.224609375 0.205078125 0.015625 0.0458984375
2 0.5947265625 0.125 0.01171875 0.0361328125
2 0.79296875 0.357421875 0.03125 0.0625
0 0.59765625 0.6943359375 0.1474609375 0.388671875
2 0.5947265625 0.25390625 0.025390625 0.0625
2 0.533203125 0.1025390625 0.0205078125 0.04296875
2 0.841796875 0.7001953125 0.0478515625 0.1474609375
0 0.515625 0.0830078125 0.0185546875 0.0615234375
0 0.4326171875 0.060546875 0.029296875 0.0595703125
2 0.61328125 0.4150390625 0.0458984375 0.1259765625
2 0.80859375 0.5078125 0.03125 0.0986328125
0 0.5029296875 0.017578125 0.0234375 0.0322265625
2 0.59375 0.306640625 0.01953125 0.06640625
2 0.5546875 0.1337890625 0.01953125 0.044921875
2 0.404296875 0.015625 0.0078125 0.03125
2 0.3701171875 0.044921875 0.01171875 0.02734375
0 0.7802734375 0.7734375 0.1689453125 0.4248046875
0 0.2822265625 0.8408203125 0.21484375 0.306640625
3 0.380859375 0.244140625 0.0869140625 0.2109375
0 0.4794921875 0.0126953125 0.025390625 0.025390625
0 0.43359375 0.0205078125 0.021484375 0.033203125
3 0.47265625 0.0908203125 0.08203125 0.142578125
3 0.107421875 0.2275390625 0.0458984375 0.1162109375
3 0.0947265625 0.3759765625 0.0234375 0.171875