2 0.609375 0.326171875 0.01953125 0.0732421875
2 0.6064453125 0.1552734375 0.017578125 0.033203125
2 0.7900390625 0.4716796875 0.0263671875 0.08203125
2 0.58984375 0.21484375 0.0146484375 0.0517578125
2 0.6494140625 0.3623046875 0.029296875 0.0693359375
2 0.7587890625 0.4267578125 0.0390625 0.0791015625
0 0.552734375 0.2236328125 0.052734375 0.1083984375
0 0.4111328125 0.1123046875 0.0400390625 0.080078125
0 0.5029296875 0.0625 0.0234375 0.0634765625
0 0.5712890625 0.513671875 0.0849609375 0.2080078125
0 0.3515625 0.0224609375 0.0166015625 0.037109375
0 0.44140625 0.0302734375 0.021484375 0.046875
0 0.50390625 0.01953125 0.02734375 0.0390625
0 0.3857421875 0.19921875 0.0498046875 0.115234375
0 0.54296875 0.169921875 0.029296875 0.0361328125
3 0.232421875 0.525390625 0.2919921875 0.7265625