0 0.5595703125 0.134765625 0.0380859375 0.078125
0 0.5556640625 0.439453125 0.080078125 0.1513671875
0 0.556640625 0.3125 0.07421875 0.158203125
0 0.5244140625 0.1162109375 0.0302734375 0.046875
0 0.5908203125 0.2158203125 0.056640625 0.1259765625
0 0.4296875 0.4423828125 0.09375 0.2099609375
2 0.6171875 0.4775390625 0.0380859375 0.06640625
0 0.5341796875 0.1962890625 0.048828125 0.119140625
2 0.5234375 0.568359375 0.0458984375 0.138671875
2 0.673828125 0.6474609375 0.033203125 0.1142578125
0 0.416015625 0.1162109375 0.041015625 0.072265625
2 0.76171875 0.4697265625 0.03515625 0.10546875
2 0.482421875 0.4423828125 0.0419921875 0.109375
0 0.5966796875 0.69140625 0.1474609375 0.384765625
0 0.2802734375 0.8427734375 0.2158203125 0.302734375
0 0.48046875 0.01171875 0.025390625 0.0234375
0 0.50390625 0.0166015625 0.0185546875 0.0302734375
0 0.4326171875 0.0224609375 0.025390625 0.033203125
2 0.888671875 0.923828125 0.056640625 0.1513671875
0 0.7841796875 0.775390625 0.1708984375 0.421875
3 0.4736328125 0.0849609375 0.083984375 0.134765625
3 0.380859375 0.240234375 0.0859375 0.2197265625