2 0.626953125 0.296875 0.025390625 0.08203125
0 0.5498046875 0.2587890625 0.060546875 0.1181640625
0 0.5703125 0.1640625 0.04296875 0.0888671875
0 0.5556640625 0.43359375 0.08203125 0.1455078125
0 0.5244140625 0.1162109375 0.0341796875 0.046875
0 0.4287109375 0.44140625 0.0888671875 0.2080078125
2 0.76171875 0.4638671875 0.033203125 0.1025390625
2 0.5986328125 0.2900390625 0.03125 0.08984375
0 0.53515625 0.171875 0.044921875 0.0712890625
0 0.5068359375 0.01953125 0.02734375 0.0390625
2 0.6162109375 0.43359375 0.0322265625 0.072265625
0 0.71875 0.541015625 0.1220703125 0.1982421875
0 0.4189453125 0.099609375 0.044921875 0.0849609375
0 0.595703125 0.693359375 0.146484375 0.3837890625
2 0.51953125 0.560546875 0.0400390625 0.1123046875
0 0.5390625 0.0244140625 0.01953125 0.0322265625
2 0.68359375 0.6962890625 0.0400390625 0.1083984375
0 0.43359375 0.0224609375 0.0263671875 0.0361328125
3 0.2509765625 0.5517578125 0.2509765625 0.537109375
0 0.48046875 0.0126953125 0.02734375 0.025390625
0 0.779296875 0.775390625 0.16796875 0.412109375
3 0.4736328125 0.0849609375 0.08203125 0.1376953125
3 0.380859375 0.232421875 0.0908203125 0.2294921875