2 0.7607421875 0.486328125 0.0302734375 0.0859375
2 0.8056640625 0.4873046875 0.033203125 0.0947265625
0 0.3251953125 0.10546875 0.0419921875 0.0693359375
0 0.34765625 0.078125 0.0224609375 0.048828125
0 0.4140625 0.1162109375 0.03515625 0.0634765625
2 0.8505859375 0.69140625 0.0380859375 0.08984375
0 0.3203125 0.0439453125 0.025390625 0.0400390625
0 0.59375 0.20703125 0.0439453125 0.09765625
0 0.42578125 0.4453125 0.08984375 0.21484375
3 0.2744140625 0.072265625 0.0439453125 0.052734375
0 0.5546875 0.43359375 0.08203125 0.150390625
0 0.5478515625 0.091796875 0.03125 0.05859375
0 0.5361328125 0.1787109375 0.0517578125 0.0888671875
0 0.669921875 0.4169921875 0.091796875 0.1962890625
2 0.376953125 0.0439453125 0.013671875 0.0400390625
0 0.59765625 0.6962890625 0.1474609375 0.3837890625
0 0.50390625 0.037109375 0.0244140625 0.033203125
0 0.1826171875 0.224609375 0.06640625 0.0986328125
2 0.5185546875 0.5673828125 0.04296875 0.1181640625
0 0.43359375 0.025390625 0.0224609375 0.0322265625
2 0.708984375 0.5869140625 0.0341796875 0.08984375
0 0.515625 0.0791015625 0.0185546875 0.0556640625
2 0.8837890625 0.9375 0.0419921875 0.1142578125
2 0.8779296875 0.76953125 0.041015625 0.099609375
2 0.515625 0.2646484375 0.021484375 0.0625
2 0.5732421875 0.1708984375 0.01953125 0.05859375
0 0.5576171875 0.31640625 0.072265625 0.1318359375
0 0.2802734375 0.83984375 0.21875 0.3056640625
0 0.375 0.27734375 0.0703125 0.142578125
0 0.7802734375 0.775390625 0.1728515625 0.4248046875
0 0.48046875 0.0126953125 0.0263671875 0.025390625
0 0.41015625 0.0087890625 0.017578125 0.0166015625