2 0.2490234375 0.1650390625 0.015625 0.0537109375
2 0.326171875 0.173828125 0.0185546875 0.052734375
0 0.5888671875 0.1982421875 0.04296875 0.0947265625
2 0.60546875 0.1337890625 0.013671875 0.03515625
0 0.53515625 0.17578125 0.048828125 0.08203125
0 0.55078125 0.244140625 0.0615234375 0.099609375
0 0.556640625 0.4384765625 0.08203125 0.1572265625
0 0.416015625 0.11328125 0.0361328125 0.0732421875
0 0.6669921875 0.419921875 0.083984375 0.18359375
0 0.5390625 0.0595703125 0.0234375 0.044921875
0 0.427734375 0.44140625 0.0888671875 0.2099609375
0 0.525390625 0.1279296875 0.0341796875 0.0390625
2 0.7607421875 0.4755859375 0.0322265625 0.107421875
2 0.5185546875 0.5654296875 0.0390625 0.1142578125
2 0.11328125 0.3076171875 0.025390625 0.0849609375
2 0.3388671875 0.0888671875 0.0166015625 0.0498046875
2 0.201171875 0.2080078125 0.0166015625 0.0537109375
2 0.7041015625 0.3017578125 0.03125 0.0654296875
2 0.80859375 0.5009765625 0.033203125 0.1083984375
2 0.32421875 0.130859375 0.015625 0.0498046875
2 0.564453125 0.1884765625 0.0224609375 0.0537109375
2 0.5166015625 0.263671875 0.0205078125 0.0791015625
2 0.609375 0.4072265625 0.0400390625 0.1123046875
2 0.2890625 0.12890625 0.0126953125 0.0537109375
0 0.5947265625 0.689453125 0.1455078125 0.384765625
2 0.23046875 0.1552734375 0.017578125 0.048828125
2 0.263671875 0.12890625 0.0126953125 0.0400390625
0 0.43359375 0.0224609375 0.0234375 0.033203125
2 0.8876953125 0.919921875 0.052734375 0.1552734375
0 0.50390625 0.041015625 0.0224609375 0.0400390625
0 0.7802734375 0.7734375 0.1689453125 0.4248046875
2 0.5458984375 0.951171875 0.064453125 0.0927734375
0 0.431640625 0.0595703125 0.0302734375 0.0556640625
3 0.380859375 0.2509765625 0.08203125 0.201171875
0 0.515625 0.0810546875 0.01953125 0.056640625
0 0.28125 0.8408203125 0.21484375 0.306640625
3 0.33984375 0.0478515625 0.0517578125 0.0712890625
0 0.4794921875 0.0126953125 0.025390625 0.025390625
3 0.474609375 0.0830078125 0.076171875 0.1259765625