0 0.5556640625 0.4423828125 0.0830078125 0.173828125
2 0.8486328125 0.724609375 0.0341796875 0.0986328125
0 0.548828125 0.23828125 0.0576171875 0.0849609375
0 0.53515625 0.173828125 0.044921875 0.080078125
0 0.4296875 0.4404296875 0.09765625 0.205078125
0 0.6728515625 0.4375 0.0947265625 0.224609375
2 0.435546875 0.931640625 0.0712890625 0.1318359375
0 0.537109375 0.0654296875 0.0234375 0.0498046875
0 0.4169921875 0.115234375 0.044921875 0.0693359375
2 0.7353515625 0.4951171875 0.0341796875 0.1240234375
2 0.548828125 0.9326171875 0.068359375 0.134765625
0 0.43359375 0.0234375 0.025390625 0.033203125
0 0.50390625 0.025390625 0.0205078125 0.033203125
3 0.4755859375 0.0830078125 0.083984375 0.1376953125
2 0.7626953125 0.4638671875 0.0302734375 0.1162109375
0 0.2841796875 0.837890625 0.21484375 0.306640625
2 0.517578125 0.291015625 0.0263671875 0.12890625
2 0.5625 0.1796875 0.0146484375 0.04296875
0 0.59765625 0.6923828125 0.1455078125 0.3876953125
0 0.7802734375 0.7724609375 0.1669921875 0.4169921875
0 0.48046875 0.0126953125 0.02734375 0.025390625
3 0.3818359375 0.2421875 0.0908203125 0.232421875