2 0.3505859375 0.02734375 0.009765625 0.033203125
0 0.59375 0.2080078125 0.0439453125 0.0947265625
2 0.251953125 0.166015625 0.0205078125 0.0517578125
0 0.4130859375 0.130859375 0.0302734375 0.056640625
2 0.3291015625 0.044921875 0.0087890625 0.02734375
2 0.5166015625 0.5634765625 0.04296875 0.12890625
0 0.5361328125 0.1748046875 0.0478515625 0.080078125
2 0.365234375 0.05859375 0.01171875 0.0322265625
2 0.333984375 0.0751953125 0.015625 0.0390625
0 0.427734375 0.443359375 0.08984375 0.212890625
2 0.1494140625 0.2060546875 0.0263671875 0.0654296875
0 0.669921875 0.41796875 0.0908203125 0.19140625
0 0.5546875 0.439453125 0.083984375 0.16015625
0 0.5498046875 0.2431640625 0.05859375 0.09765625
2 0.27734375 0.044921875 0.0146484375 0.0390625
2 0.3046875 0.03125 0.0146484375 0.0322265625
2 0.763671875 0.474609375 0.02734375 0.091796875
0 0.14453125 0.3369140625 0.09765625 0.16015625
0 0.5478515625 0.08984375 0.03125 0.056640625
2 0.806640625 0.4931640625 0.0341796875 0.0888671875
2 0.55078125 0.9248046875 0.0693359375 0.1474609375
2 0.236328125 0.14453125 0.0126953125 0.0390625
2 0.8759765625 0.7626953125 0.0458984375 0.1337890625
0 0.5966796875 0.6923828125 0.146484375 0.384765625
0 0.1962890625 0.244140625 0.0751953125 0.0859375
0 0.431640625 0.05859375 0.0341796875 0.056640625
2 0.515625 0.263671875 0.0224609375 0.0654296875
0 0.5029296875 0.015625 0.025390625 0.03125
3 0.3828125 0.24609375 0.0859375 0.2099609375
2 0.57421875 0.162109375 0.0205078125 0.0537109375
0 0.4794921875 0.0126953125 0.025390625 0.025390625
0 0.2802734375 0.83984375 0.21875 0.3056640625
0 0.4453125 0.015625 0.0234375 0.03125
0 0.5166015625 0.0791015625 0.0185546875 0.0556640625
0 0.7802734375 0.775390625 0.1689453125 0.423828125
3 0.47265625 0.0888671875 0.08203125 0.1416015625