2 0.6669921875 0.4111328125 0.0341796875 0.0947265625
2 0.560546875 0.2490234375 0.01953125 0.0498046875
2 0.568359375 0.169921875 0.015625 0.0556640625
2 0.591796875 0.265625 0.01953125 0.06640625
0 0.3740234375 0.212890625 0.05859375 0.115234375
2 0.52734375 0.4482421875 0.033203125 0.109375
2 0.7412109375 0.7607421875 0.056640625 0.1552734375
0 0.4453125 0.3125 0.0576171875 0.1337890625
0 0.5078125 0.2041015625 0.052734375 0.1083984375
3 0.470703125 0.056640625 0.033203125 0.099609375
2 0.7333984375 0.5576171875 0.037109375 0.095703125
0 0.32421875 0.369140625 0.0859375 0.173828125
0 0.4091796875 0.111328125 0.04296875 0.0849609375
0 0.5224609375 0.119140625 0.03515625 0.0615234375
0 0.408203125 0.431640625 0.08984375 0.19140625
2 0.62890625 0.3857421875 0.033203125 0.0986328125
2 0.3642578125 0.6044921875 0.046875 0.142578125
0 0.5087890625 0.0302734375 0.01953125 0.037109375
0 0.4404296875 0.0439453125 0.029296875 0.0537109375
0 0.5078125 0.06640625 0.025390625 0.0537109375
2 0.8212890625 0.6767578125 0.0546875 0.150390625
2 0.81640625 0.9482421875 0.064453125 0.0986328125
2 0.59375 0.3212890625 0.0185546875 0.0693359375
0 0.2431640625 0.5244140625 0.140625 0.267578125
2 0.5380859375 0.06640625 0.0126953125 0.037109375
0 0.5634765625 0.361328125 0.07421875 0.177734375
0 0.6220703125 0.560546875 0.1064453125 0.265625
0 0.140625 0.2275390625 0.083984375 0.1162109375
2 0.4814453125 0.4404296875 0.041015625 0.1162109375
0 0.4736328125 0.69921875 0.1533203125 0.41015625