2 0.3466796875 0.0732421875 0.013671875 0.037109375
0 0.416015625 0.111328125 0.0361328125 0.068359375
2 0.27734375 0.0947265625 0.0146484375 0.04296875
2 0.361328125 0.0556640625 0.01171875 0.0390625
0 0.5908203125 0.1962890625 0.0419921875 0.0888671875
2 0.634765625 0.2197265625 0.025390625 0.0625
0 0.5341796875 0.173828125 0.0498046875 0.080078125
2 0.81640625 0.373046875 0.0283203125 0.0849609375
0 0.556640625 0.3212890625 0.076171875 0.150390625
0 0.5400390625 0.06640625 0.0263671875 0.046875
0 0.6669921875 0.4208984375 0.0859375 0.1943359375
2 0.3232421875 0.0634765625 0.01171875 0.0419921875
0 0.427734375 0.4482421875 0.08984375 0.220703125
2 0.759765625 0.482421875 0.03125 0.1044921875
2 0.51953125 0.5615234375 0.044921875 0.12890625
2 0.80859375 0.4990234375 0.0302734375 0.1044921875
2 0.3818359375 0.05859375 0.0126953125 0.0498046875
2 0.517578125 0.267578125 0.0224609375 0.08203125
0 0.43359375 0.021484375 0.0234375 0.0322265625
0 0.515625 0.08203125 0.01953125 0.0615234375
0 0.431640625 0.0615234375 0.0322265625 0.0615234375
0 0.5966796875 0.6943359375 0.1484375 0.388671875
2 0.25 0.15234375 0.0185546875 0.0634765625
2 0.59375 0.302734375 0.0244140625 0.0830078125
2 0.41015625 0.0107421875 0.0068359375 0.0205078125
2 0.8466796875 0.7177734375 0.0390625 0.1357421875
2 0.3408203125 0.03125 0.009765625 0.0322265625
0 0.50390625 0.0166015625 0.0263671875 0.033203125
0 0.283203125 0.8427734375 0.2138671875 0.306640625
0 0.779296875 0.7734375 0.169921875 0.4248046875
3 0.3818359375 0.236328125 0.0888671875 0.22265625
0 0.4794921875 0.0126953125 0.025390625 0.025390625
3 0.4736328125 0.0927734375 0.0810546875 0.1455078125