2 0.3427734375 0.0576171875 0.0185546875 0.0458984375
2 0.6640625 0.2607421875 0.0234375 0.056640625
2 0.3662109375 0.046875 0.01953125 0.037109375
2 0.62109375 0.1533203125 0.0146484375 0.0322265625
2 0.302734375 0.0634765625 0.0126953125 0.0361328125
2 0.6064453125 0.1328125 0.013671875 0.03515625
2 0.6220703125 0.2060546875 0.015625 0.0458984375
0 0.5361328125 0.1728515625 0.05078125 0.08203125
0 0.58984375 0.1943359375 0.041015625 0.0830078125
2 0.3857421875 0.0302734375 0.01171875 0.0361328125
2 0.3125 0.0361328125 0.0126953125 0.033203125
2 0.8408203125 0.408203125 0.0302734375 0.09765625
0 0.5576171875 0.31640625 0.07421875 0.1455078125
0 0.4267578125 0.4482421875 0.0888671875 0.220703125
0 0.5556640625 0.439453125 0.08203125 0.1513671875
0 0.669921875 0.419921875 0.08984375 0.193359375
0 0.541015625 0.0693359375 0.025390625 0.0498046875
2 0.55078125 0.9287109375 0.0732421875 0.1337890625
0 0.421875 0.0947265625 0.041015625 0.080078125
0 0.59765625 0.6923828125 0.150390625 0.384765625
2 0.759765625 0.4775390625 0.03125 0.1083984375
2 0.5146484375 0.287109375 0.0234375 0.10546875
2 0.51953125 0.5732421875 0.0419921875 0.115234375
0 0.50390625 0.0166015625 0.02734375 0.033203125
2 0.275390625 0.119140625 0.0185546875 0.05859375
0 0.43359375 0.0234375 0.0234375 0.033203125
2 0.5927734375 0.30078125 0.0224609375 0.0712890625
2 0.5634765625 0.1767578125 0.01953125 0.0556640625
2 0.61328125 0.419921875 0.0478515625 0.12890625
2 0.84765625 0.7197265625 0.0361328125 0.134765625
2 0.8837890625 0.9365234375 0.0439453125 0.119140625
0 0.2822265625 0.8408203125 0.2158203125 0.306640625
3 0.4736328125 0.0947265625 0.08203125 0.1474609375
0 0.4794921875 0.0126953125 0.025390625 0.025390625
0 0.515625 0.0791015625 0.01953125 0.05859375
3 0.3818359375 0.2421875 0.0869140625 0.21484375
0 0.779296875 0.775390625 0.169921875 0.4248046875
3 0.173828125 0.2099609375 0.14453125 0.28515625