2 0.4482421875 0.7021484375 0.0458984375 0.173828125
0 0.4814453125 0.099609375 0.041015625 0.068359375
2 0.69140625 0.5625 0.0380859375 0.1337890625
2 0.533203125 0.05859375 0.01171875 0.0302734375
0 0.447265625 0.275390625 0.0712890625 0.15234375
0 0.4130859375 0.4755859375 0.0966796875 0.2265625
0 0.4423828125 0.033203125 0.0361328125 0.0634765625
0 0.2685546875 0.5029296875 0.12109375 0.2802734375
3 0.4853515625 0.025390625 0.021484375 0.05078125
0 0.5068359375 0.048828125 0.017578125 0.0361328125
2 0.5439453125 0.025390625 0.0146484375 0.0322265625
3 0.3984375 0.16015625 0.0810546875 0.1845703125
0 0.5322265625 0.17578125 0.041015625 0.0791015625
2 0.5419921875 0.1240234375 0.009765625 0.0400390625
0 0.5048828125 0.015625 0.0126953125 0.02734375
0 0.169921875 0.794921875 0.17578125 0.3876953125
0 0.58984375 0.4365234375 0.0888671875 0.244140625
0 0.5341796875 0.2607421875 0.0576171875 0.1259765625
2 0.318359375 0.9423828125 0.0712890625 0.109375
0 0.5810546875 0.744140625 0.13671875 0.337890625