2 0.34765625 0.087890625 0.013671875 0.046875
2 0.3076171875 0.1259765625 0.013671875 0.0458984375
2 0.2509765625 0.150390625 0.0146484375 0.0458984375
2 0.3662109375 0.044921875 0.01171875 0.0390625
2 0.7607421875 0.47265625 0.0322265625 0.0986328125
2 0.21484375 0.2333984375 0.01953125 0.044921875
2 0.197265625 0.193359375 0.017578125 0.0498046875
0 0.5361328125 0.1748046875 0.052734375 0.0830078125
0 0.5361328125 0.0634765625 0.02734375 0.0517578125
2 0.267578125 0.119140625 0.013671875 0.044921875
2 0.7998046875 0.517578125 0.0400390625 0.095703125
0 0.43359375 0.025390625 0.0244140625 0.0361328125
0 0.587890625 0.1884765625 0.04296875 0.0830078125
0 0.6728515625 0.423828125 0.0888671875 0.1875
2 0.740234375 0.3349609375 0.0283203125 0.076171875
2 0.353515625 0.0234375 0.01171875 0.0361328125
0 0.4169921875 0.115234375 0.0380859375 0.0693359375
2 0.384765625 0.0458984375 0.0087890625 0.0361328125
2 0.517578125 0.5634765625 0.0478515625 0.130859375
0 0.427734375 0.431640625 0.0869140625 0.1943359375
0 0.515625 0.08203125 0.01953125 0.0615234375
0 0.556640625 0.443359375 0.08203125 0.162109375
2 0.154296875 0.2822265625 0.0185546875 0.0654296875
2 0.591796875 0.2919921875 0.0224609375 0.0732421875
0 0.5576171875 0.3134765625 0.0751953125 0.150390625
2 0.16015625 0.2294921875 0.013671875 0.052734375
2 0.8837890625 0.919921875 0.0556640625 0.15234375
2 0.1171875 0.4296875 0.0283203125 0.087890625
0 0.50390625 0.015625 0.02734375 0.03125
2 0.3447265625 0.0537109375 0.01171875 0.0390625
2 0.859375 0.71875 0.02734375 0.095703125
3 0.4033203125 0.017578125 0.029296875 0.03515625
2 0.60546875 0.400390625 0.029296875 0.0927734375
3 0.47265625 0.0888671875 0.08203125 0.138671875
2 0.32421875 0.1787109375 0.015625 0.037109375
2 0.2939453125 0.0927734375 0.013671875 0.0361328125
0 0.59765625 0.693359375 0.1455078125 0.384765625
0 0.48046875 0.013671875 0.02734375 0.0263671875
0 0.28125 0.8427734375 0.2177734375 0.3037109375
0 0.7802734375 0.7763671875 0.171875 0.421875
3 0.3828125 0.234375 0.083984375 0.2275390625