2 0.587890625 0.169921875 0.017578125 0.048828125
2 0.6171875 0.1435546875 0.0146484375 0.03515625
2 0.6640625 0.5166015625 0.02734375 0.080078125
2 0.7900390625 0.4609375 0.0322265625 0.1025390625
2 0.669921875 0.412109375 0.0302734375 0.0927734375
0 0.5322265625 0.2509765625 0.0595703125 0.1123046875
2 0.615234375 0.3994140625 0.033203125 0.12890625
2 0.62109375 0.2822265625 0.0244140625 0.0791015625
0 0.4111328125 0.1240234375 0.0419921875 0.0927734375
2 0.111328125 0.2626953125 0.025390625 0.0634765625
0 0.50390625 0.0615234375 0.021484375 0.0615234375
0 0.44140625 0.0322265625 0.021484375 0.0498046875
0 0.541015625 0.06640625 0.05859375 0.0693359375
0 0.5693359375 0.513671875 0.08203125 0.2138671875
0 0.384765625 0.19921875 0.0478515625 0.1123046875
0 0.26953125 0.1376953125 0.04296875 0.05859375
0 0.345703125 0.0400390625 0.0244140625 0.0390625
3 0.232421875 0.5263671875 0.2890625 0.7275390625
3 0.7919921875 0.751953125 0.2412109375 0.4873046875