0 0.423828125 0.0966796875 0.0361328125 0.0537109375
2 0.6826171875 0.517578125 0.03515625 0.1279296875
2 0.3046875 0.1171875 0.009765625 0.0400390625
0 0.33984375 0.041015625 0.037109375 0.048828125
2 0.1259765625 0.4189453125 0.0283203125 0.107421875
2 0.7509765625 0.8515625 0.052734375 0.18359375
0 0.57421875 0.3291015625 0.0693359375 0.1552734375
0 0.5166015625 0.0302734375 0.0224609375 0.048828125
2 0.16015625 0.296875 0.021484375 0.0615234375
0 0.4345703125 0.62890625 0.1337890625 0.3447265625
2 0.09375 0.30078125 0.01953125 0.0625
3 0.47265625 0.1962890625 0.06640625 0.2001953125
3 0.478515625 0.0478515625 0.0615234375 0.08984375
0 0.439453125 0.0478515625 0.0322265625 0.068359375
0 0.5185546875 0.1162109375 0.015625 0.0654296875
2 0.181640625 0.296875 0.0302734375 0.0537109375
2 0.5458984375 0.63671875 0.0478515625 0.181640625
3 0.3876953125 0.236328125 0.083984375 0.21484375
2 0.232421875 0.1669921875 0.0166015625 0.0517578125
3 0.2470703125 0.541015625 0.2490234375 0.5732421875
3 0.5439453125 0.12890625 0.05078125 0.142578125
2 0.25 0.201171875 0.013671875 0.0419921875
2 0.2158203125 0.2431640625 0.0166015625 0.0419921875
2 0.21875 0.205078125 0.01953125 0.0400390625
0 0.5048828125 0.0068359375 0.015625 0.013671875
0 0.6201171875 0.8642578125 0.1865234375 0.265625