0 0.5390625 0.181640625 0.0546875 0.0888671875
0 0.556640625 0.3115234375 0.0751953125 0.1572265625
0 0.5556640625 0.439453125 0.0859375 0.1484375
0 0.43359375 0.4267578125 0.0986328125 0.181640625
0 0.505859375 0.015625 0.021484375 0.0302734375
0 0.41796875 0.111328125 0.0439453125 0.0693359375
2 0.76171875 0.4619140625 0.0322265625 0.1123046875
2 0.61328125 0.2587890625 0.0244140625 0.0654296875
2 0.5380859375 0.111328125 0.01953125 0.0517578125
0 0.69140625 0.4833984375 0.107421875 0.18359375
0 0.43359375 0.0205078125 0.0234375 0.033203125
0 0.5966796875 0.6953125 0.1474609375 0.384765625
0 0.48046875 0.0126953125 0.02734375 0.025390625
0 0.541015625 0.0234375 0.01953125 0.0302734375
0 0.3349609375 0.056640625 0.03515625 0.0654296875
0 0.283203125 0.841796875 0.21484375 0.3056640625
0 0.77734375 0.7705078125 0.171875 0.4140625
3 0.380859375 0.2412109375 0.087890625 0.2177734375
3 0.4755859375 0.0849609375 0.0791015625 0.1279296875