2 0.3486328125 0.06640625 0.01171875 0.04296875
0 0.30078125 0.1435546875 0.046875 0.0712890625
2 0.369140625 0.06640625 0.0126953125 0.0419921875
0 0.5576171875 0.3330078125 0.0693359375 0.16796875
2 0.5126953125 0.1884765625 0.0166015625 0.076171875
0 0.416015625 0.12109375 0.041015625 0.0791015625
0 0.3583984375 0.021484375 0.033203125 0.037109375
0 0.53125 0.1162109375 0.021484375 0.052734375
0 0.427734375 0.44140625 0.0947265625 0.2041015625
2 0.548828125 0.6884765625 0.04296875 0.1484375
0 0.4326171875 0.0205078125 0.021484375 0.0322265625
2 0.5302734375 0.189453125 0.017578125 0.068359375
0 0.62109375 0.494140625 0.107421875 0.2470703125
0 0.1484375 0.22265625 0.060546875 0.0927734375
2 0.2568359375 0.1171875 0.015625 0.0263671875
0 0.43359375 0.056640625 0.029296875 0.0517578125
3 0.5732421875 0.169921875 0.076171875 0.203125
0 0.4130859375 0.0107421875 0.01953125 0.0205078125
2 0.6103515625 0.3369140625 0.021484375 0.0654296875
0 0.330078125 0.05859375 0.02734375 0.048828125
0 0.4775390625 0.013671875 0.021484375 0.0234375
2 0.3271484375 0.2177734375 0.025390625 0.0693359375
0 0.09765625 0.3447265625 0.033203125 0.1572265625
2 0.2548828125 0.1455078125 0.0205078125 0.04296875
3 0.3798828125 0.234375 0.0869140625 0.234375
0 0.71875 0.78515625 0.1669921875 0.41015625
3 0.4755859375 0.087890625 0.0859375 0.140625
0 0.283203125 0.83984375 0.21484375 0.30859375
0 0.5078125 0.021484375 0.0185546875 0.029296875
3 0.541015625 0.048828125 0.03515625 0.0732421875