2 0.5458984375 0.3857421875 0.0263671875 0.0888671875
2 0.484375 0.1787109375 0.02734375 0.0556640625
2 0.55078125 0.173828125 0.0205078125 0.048828125
2 0.6083984375 0.3642578125 0.029296875 0.0732421875
0 0.51171875 0.06640625 0.029296875 0.048828125
2 0.6767578125 0.642578125 0.0478515625 0.1474609375
2 0.6494140625 0.451171875 0.03125 0.119140625
2 0.61328125 0.2353515625 0.017578125 0.037109375
0 0.4267578125 0.0712890625 0.0341796875 0.0615234375
2 0.6767578125 0.419921875 0.03125 0.0859375
2 0.7373046875 0.640625 0.044921875 0.158203125
2 0.5205078125 0.1318359375 0.0244140625 0.046875
2 0.5751953125 0.1962890625 0.0185546875 0.056640625
2 0.681640625 0.5205078125 0.0390625 0.0947265625
0 0.39453125 0.1533203125 0.0556640625 0.08203125
2 0.54296875 0.099609375 0.01171875 0.0361328125
0 0.521484375 0.205078125 0.046875 0.111328125
0 0.5 0.0224609375 0.021484375 0.0419921875
2 0.5732421875 0.1494140625 0.017578125 0.0517578125
0 0.4716796875 0.0810546875 0.02734375 0.0625
0 0.4453125 0.0224609375 0.02734375 0.0419921875
0 0.5927734375 0.4814453125 0.08984375 0.2041015625
3 0.2666015625 0.0791015625 0.044921875 0.0693359375
3 0.3369140625 0.587890625 0.3310546875 0.8134765625