0 0.4111328125 0.1025390625 0.037109375 0.0634765625
0 0.2548828125 0.138671875 0.033203125 0.0498046875
0 0.287109375 0.09375 0.048828125 0.0595703125
0 0.6171875 0.3740234375 0.08984375 0.158203125
0 0.5390625 0.197265625 0.04296875 0.0947265625
0 0.38671875 0.2021484375 0.052734375 0.12109375
0 0.515625 0.1083984375 0.025390625 0.05859375
0 0.5263671875 0.068359375 0.01953125 0.0390625
0 0.5625 0.1337890625 0.025390625 0.0595703125
0 0.578125 0.255859375 0.0634765625 0.1259765625
0 0.44140625 0.033203125 0.0205078125 0.044921875
3 0.19921875 0.2138671875 0.04296875 0.046875
3 0.234375 0.5205078125 0.2880859375 0.7265625