0 0.4423828125 0.02734375 0.021484375 0.044921875
0 0.50390625 0.0419921875 0.01953125 0.046875
0 0.5234375 0.099609375 0.03515625 0.0791015625
0 0.572265625 0.26953125 0.0576171875 0.1162109375
2 0.5322265625 0.0390625 0.01953125 0.0419921875
0 0.41015625 0.1162109375 0.0390625 0.072265625
0 0.3125 0.064453125 0.033203125 0.0537109375
0 0.6376953125 0.3740234375 0.083984375 0.1845703125
0 0.390625 0.021484375 0.025390625 0.037109375
0 0.5625 0.1591796875 0.046875 0.1044921875
0 0.388671875 0.1982421875 0.05078125 0.1162109375
0 0.548828125 0.4482421875 0.05859375 0.2265625
3 0.232421875 0.5234375 0.28515625 0.724609375
3 0.470703125 0.1767578125 0.0712890625 0.1640625