0 0.53125 0.244140625 0.052734375 0.095703125
2 0.1201171875 0.2275390625 0.0224609375 0.0537109375
2 0.791015625 0.4677734375 0.0302734375 0.0927734375
0 0.5029296875 0.05859375 0.02734375 0.087890625
0 0.5390625 0.0654296875 0.05859375 0.0693359375
0 0.44140625 0.0322265625 0.0244140625 0.0537109375
0 0.4111328125 0.1142578125 0.0439453125 0.0859375
0 0.5703125 0.51171875 0.083984375 0.212890625
0 0.6259765625 0.6787109375 0.1201171875 0.3525390625
3 0.7880859375 0.7568359375 0.2490234375 0.48046875
3 0.23046875 0.525390625 0.283203125 0.7275390625