0 0.5361328125 0.171875 0.046875 0.06640625
0 0.576171875 0.1669921875 0.0400390625 0.0654296875
2 0.8466796875 0.5166015625 0.0302734375 0.0751953125
0 0.556640625 0.439453125 0.0830078125 0.1650390625
2 0.7607421875 0.4697265625 0.033203125 0.107421875
2 0.80859375 0.50390625 0.03125 0.0888671875
0 0.525390625 0.12890625 0.033203125 0.0400390625
0 0.4169921875 0.115234375 0.0380859375 0.06640625
0 0.556640625 0.30859375 0.072265625 0.1376953125
0 0.6708984375 0.4248046875 0.0908203125 0.1943359375
0 0.4296875 0.4453125 0.0947265625 0.2177734375
2 0.5927734375 0.2294921875 0.0341796875 0.0693359375
0 0.5986328125 0.693359375 0.1494140625 0.3857421875
2 0.623046875 0.150390625 0.013671875 0.0400390625
2 0.853515625 0.640625 0.0546875 0.080078125
2 0.8544921875 0.4287109375 0.0283203125 0.0556640625
0 0.515625 0.0849609375 0.01953125 0.0654296875
2 0.611328125 0.3984375 0.0439453125 0.1162109375
2 0.51953125 0.56640625 0.04296875 0.1142578125
2 0.59375 0.291015625 0.021484375 0.0625
2 0.5517578125 0.951171875 0.099609375 0.091796875
0 0.28125 0.8427734375 0.216796875 0.3056640625
0 0.43359375 0.05859375 0.0302734375 0.052734375
0 0.51953125 0.0205078125 0.029296875 0.033203125
0 0.779296875 0.7734375 0.169921875 0.427734375
3 0.47265625 0.0849609375 0.0830078125 0.1357421875
0 0.48046875 0.013671875 0.0263671875 0.0263671875
3 0.3798828125 0.2548828125 0.0869140625 0.2099609375