2 0.5693359375 0.0693359375 0.0205078125 0.0595703125
2 0.6396484375 0.0625 0.0166015625 0.0478515625
3 0.78125 0.5693359375 0.2451171875 0.603515625
2 0.7421875 0.0322265625 0.0087890625 0.0263671875
0 0.544921875 0.1826171875 0.0615234375 0.1357421875
0 0.3525390625 0.16796875 0.0703125 0.123046875
2 0.5458984375 0.0537109375 0.0234375 0.0537109375
2 0.6748046875 0.0556640625 0.01953125 0.046875
0 0.3857421875 0.0595703125 0.0546875 0.076171875
2 0.8203125 0.2578125 0.0439453125 0.1435546875
0 0.439453125 0.1591796875 0.0634765625 0.1328125
2 0.79296875 0.1611328125 0.0234375 0.0625
0 0.591796875 0.2724609375 0.08203125 0.1845703125
0 0.421875 0.2919921875 0.08203125 0.142578125
0 0.7275390625 0.1025390625 0.0576171875 0.0498046875
2 0.611328125 0.0166015625 0.01171875 0.0322265625
2 0.6201171875 0.0732421875 0.0166015625 0.0478515625
0 0.287109375 0.4208984375 0.1142578125 0.2783203125
2 0.3876953125 0.15234375 0.0234375 0.080078125
2 0.419921875 0.044921875 0.0146484375 0.044921875
0 0.115234375 0.138671875 0.0654296875 0.1279296875
2 0.5380859375 0.017578125 0.013671875 0.03515625
0 0.642578125 0.4140625 0.0595703125 0.2509765625
2 0.8701171875 0.392578125 0.0498046875 0.0595703125
0 0.4189453125 0.548828125 0.126953125 0.3505859375
2 0.3525390625 0.3779296875 0.029296875 0.080078125
0 0.2109375 0.06640625 0.0830078125 0.09375
0 0.6982421875 0.234375 0.083984375 0.119140625
0 0.5986328125 0.6728515625 0.14453125 0.41796875
2 0.4775390625 0.3681640625 0.03515625 0.1005859375
0 0.3974609375 0.017578125 0.0361328125 0.03515625
2 0.7119140625 0.015625 0.013671875 0.029296875
2 0.3056640625 0.015625 0.017578125 0.03125