2 0.7998046875 0.2607421875 0.02734375 0.076171875
2 0.70703125 0.1650390625 0.0224609375 0.068359375
2 0.73046875 0.1513671875 0.01953125 0.0625
2 0.8330078125 0.3642578125 0.03125 0.0810546875
2 0.7705078125 0.310546875 0.03125 0.046875
0 0.802734375 0.4521484375 0.11328125 0.2431640625
2 0.3359375 0.171875 0.02734375 0.0537109375
2 0.6201171875 0.3974609375 0.033203125 0.111328125
0 0.494140625 0.1650390625 0.0576171875 0.14453125
0 0.4208984375 0.1865234375 0.06640625 0.162109375
0 0.53515625 0.34375 0.08984375 0.197265625
0 0.626953125 0.2509765625 0.0751953125 0.17578125
0 0.3310546875 0.2958984375 0.0908203125 0.203125
0 0.685546875 0.4453125 0.08984375 0.251953125
0 0.458984375 0.083984375 0.0546875 0.099609375
0 0.2021484375 0.10546875 0.0615234375 0.0791015625
2 0.6748046875 0.076171875 0.015625 0.046875
2 0.72265625 0.3486328125 0.02734375 0.06640625
0 0.5634765625 0.171875 0.0712890625 0.140625
2 0.2568359375 0.021484375 0.01953125 0.04296875
0 0.8623046875 0.6708984375 0.107421875 0.3759765625
2 0.8837890625 0.4482421875 0.044921875 0.0849609375
2 0.7158203125 0.0166015625 0.013671875 0.033203125
0 0.5927734375 0.7119140625 0.1416015625 0.365234375
2 0.2236328125 0.021484375 0.013671875 0.04296875
0 0.525390625 0.037109375 0.0615234375 0.072265625
0 0.7431640625 0.685546875 0.1513671875 0.353515625
0 0.236328125 0.6796875 0.154296875 0.375
2 0.4208984375 0.1005859375 0.029296875 0.0322265625
0 0.4208984375 0.52734375 0.1201171875 0.3154296875
2 0.7060546875 0.1220703125 0.0146484375 0.0390625
2 0.482421875 0.478515625 0.0302734375 0.09375
2 0.3447265625 0.1220703125 0.015625 0.0546875
2 0.845703125 0.4375 0.0146484375 0.0517578125
2 0.4228515625 0.3447265625 0.046875 0.0859375