2 0.50390625 0.1943359375 0.029296875 0.0849609375
2 0.5849609375 0.0615234375 0.013671875 0.04296875
3 0.779296875 0.57421875 0.2373046875 0.591796875
2 0.513671875 0.0947265625 0.0224609375 0.0654296875
2 0.4736328125 0.1181640625 0.0205078125 0.0634765625
0 0.353515625 0.1474609375 0.0673828125 0.111328125
0 0.3857421875 0.0537109375 0.05078125 0.064453125
2 0.6298828125 0.025390625 0.0107421875 0.037109375
2 0.478515625 0.369140625 0.0380859375 0.1025390625
0 0.5478515625 0.1796875 0.05859375 0.125
2 0.4326171875 0.0263671875 0.0146484375 0.044921875
2 0.4931640625 0.11328125 0.0166015625 0.05859375
2 0.52734375 0.2470703125 0.0341796875 0.0576171875
0 0.4755859375 0.033203125 0.0400390625 0.06640625
0 0.59375 0.26953125 0.0791015625 0.1787109375
0 0.3369140625 0.263671875 0.0771484375 0.1591796875
0 0.1513671875 0.0322265625 0.0634765625 0.0634765625
2 0.384765625 0.2802734375 0.0322265625 0.109375
2 0.603515625 0.1669921875 0.0234375 0.048828125
2 0.5009765625 0.0146484375 0.0087890625 0.029296875
0 0.6982421875 0.23828125 0.0830078125 0.119140625
2 0.404296875 0.203125 0.029296875 0.0634765625
2 0.6396484375 0.263671875 0.0234375 0.052734375
2 0.744140625 0.255859375 0.0263671875 0.0400390625
0 0.23828125 0.0205078125 0.0390625 0.041015625
2 0.896484375 0.3828125 0.0400390625 0.0830078125
2 0.359375 0.369140625 0.033203125 0.09765625
0 0.216796875 0.091796875 0.05859375 0.115234375
2 0.39453125 0.1533203125 0.0283203125 0.0654296875
2 0.78125 0.2666015625 0.0244140625 0.04296875
3 0.548828125 0.060546875 0.064453125 0.12109375
2 0.4287109375 0.2080078125 0.03125 0.0478515625
0 0.2880859375 0.419921875 0.1142578125 0.2763671875
0 0.1435546875 0.2041015625 0.0810546875 0.1396484375
0 0.689453125 0.087890625 0.0537109375 0.0830078125
0 0.6435546875 0.4189453125 0.0576171875 0.2470703125
0 0.419921875 0.55078125 0.12890625 0.349609375
2 0.84375 0.3701171875 0.0322265625 0.0830078125
2 0.71875 0.1826171875 0.017578125 0.044921875
2 0.41796875 0.0224609375 0.0146484375 0.044921875
0 0.599609375 0.6748046875 0.1416015625 0.416015625
2 0.513671875 0.0322265625 0.0166015625 0.0400390625
3 0.7705078125 0.1943359375 0.0703125 0.1279296875
2 0.4892578125 0.158203125 0.017578125 0.0439453125
2 0.447265625 0.017578125 0.0205078125 0.0341796875
0 0.4423828125 0.091796875 0.05859375 0.0712890625
2 0.57421875 0.11328125 0.0087890625 0.033203125
2 0.6640625 0.27734375 0.0205078125 0.044921875