0 0.376953125 0.1044921875 0.0517578125 0.1025390625
3 0.6767578125 0.400390625 0.16796875 0.455078125
2 0.5791015625 0.0244140625 0.017578125 0.0478515625
0 0.560546875 0.0927734375 0.0498046875 0.10546875
2 0.69140625 0.1279296875 0.0205078125 0.0546875
2 0.53125 0.1484375 0.0166015625 0.0576171875
2 0.7060546875 0.1494140625 0.01953125 0.0625
2 0.623046875 0.0986328125 0.01953125 0.0478515625
0 0.5087890625 0.201171875 0.0703125 0.1328125
2 0.6748046875 0.1552734375 0.0234375 0.0546875
0 0.521484375 0.392578125 0.115234375 0.2734375
2 0.3994140625 0.419921875 0.037109375 0.1279296875
0 0.3427734375 0.20703125 0.080078125 0.1455078125
0 0.5947265625 0.1748046875 0.05859375 0.1240234375
2 0.8251953125 0.2490234375 0.0322265625 0.0849609375
2 0.4755859375 0.3154296875 0.033203125 0.080078125
0 0.875 0.5400390625 0.0849609375 0.291015625
0 0.306640625 0.380859375 0.111328125 0.271484375
2 0.2822265625 0.6884765625 0.0546875 0.203125
0 0.4541015625 0.607421875 0.142578125 0.3515625
0 0.4814453125 0.1064453125 0.0615234375 0.12890625
2 0.5986328125 0.0126953125 0.013671875 0.025390625
0 0.6220703125 0.029296875 0.0341796875 0.0537109375
2 0.7451171875 0.03125 0.01171875 0.0283203125
0 0.396484375 0.029296875 0.03515625 0.048828125
2 0.763671875 0.21484375 0.0234375 0.056640625
2 0.2607421875 0.02734375 0.0146484375 0.0400390625
3 0.4462890625 0.044921875 0.02734375 0.0849609375
2 0.7958984375 0.330078125 0.0263671875 0.099609375
2 0.6416015625 0.0205078125 0.013671875 0.0361328125
2 0.912109375 0.4033203125 0.009765625 0.0537109375
2 0.65234375 0.1591796875 0.0205078125 0.044921875
2 0.7158203125 0.0166015625 0.013671875 0.0322265625
0 0.5078125 0.017578125 0.0185546875 0.0341796875
2 0.77734375 0.3837890625 0.0302734375 0.0869140625
2 0.3056640625 0.8564453125 0.0546875 0.1904296875
0 0.7099609375 0.98828125 0.1083984375 0.021484375
2 0.67578125 0.107421875 0.0146484375 0.044921875
2 0.53125 0.10546875 0.01953125 0.0478515625