2 0.6103515625 0.0302734375 0.0166015625 0.037109375
2 0.685546875 0.1015625 0.013671875 0.041015625
2 0.5908203125 0.021484375 0.0146484375 0.04296875
2 0.5693359375 0.03125 0.0126953125 0.041015625
2 0.74609375 0.029296875 0.013671875 0.03125
2 0.6337890625 0.0576171875 0.01953125 0.044921875
2 0.357421875 0.537109375 0.0439453125 0.1533203125
0 0.5263671875 0.041015625 0.0419921875 0.080078125
0 0.4921875 0.1201171875 0.05859375 0.109375
2 0.6572265625 0.0927734375 0.01953125 0.046875
0 0.4755859375 0.7666015625 0.1728515625 0.4599609375
2 0.71484375 0.0166015625 0.015625 0.033203125
3 0.6201171875 0.388671875 0.19140625 0.6337890625
2 0.6376953125 0.013671875 0.013671875 0.02734375
2 0.7578125 0.03515625 0.0126953125 0.029296875