2 0.7666015625 0.19140625 0.0244140625 0.0771484375
2 0.7001953125 0.1123046875 0.0146484375 0.0380859375
2 0.5224609375 0.0849609375 0.0166015625 0.044921875
2 0.7275390625 0.18359375 0.0224609375 0.0712890625
0 0.376953125 0.140625 0.056640625 0.138671875
0 0.564453125 0.080078125 0.0439453125 0.0927734375
3 0.45703125 0.0673828125 0.0791015625 0.1328125
0 0.51171875 0.0234375 0.0244140625 0.046875
0 0.712890625 0.2783203125 0.0771484375 0.140625
0 0.4208984375 0.212890625 0.0703125 0.169921875
0 0.6953125 0.173828125 0.0634765625 0.10546875
0 0.5048828125 0.2119140625 0.078125 0.1337890625
0 0.5341796875 0.04296875 0.03515625 0.07421875
0 0.193359375 0.1279296875 0.06640625 0.107421875
0 0.640625 0.3466796875 0.0927734375 0.193359375
0 0.580078125 0.1640625 0.06640625 0.126953125
0 0.1259765625 0.1162109375 0.0634765625 0.0947265625
2 0.43359375 0.119140625 0.015625 0.033203125
0 0.330078125 0.2958984375 0.095703125 0.2060546875
0 0.427734375 0.455078125 0.1064453125 0.25390625
3 0.6357421875 0.08203125 0.080078125 0.1640625
2 0.7138671875 0.017578125 0.013671875 0.0341796875
0 0.83984375 0.306640625 0.091796875 0.1875
2 0.4033203125 0.322265625 0.0458984375 0.1240234375
2 0.7431640625 0.0322265625 0.009765625 0.0263671875
0 0.8515625 0.5732421875 0.126953125 0.318359375
2 0.0869140625 0.068359375 0.0107421875 0.0546875
2 0.33984375 0.166015625 0.021484375 0.048828125
2 0.8193359375 0.8349609375 0.0576171875 0.1767578125
0 0.236328125 0.681640625 0.154296875 0.376953125
2 0.4921875 0.0771484375 0.01171875 0.0498046875
2 0.08984375 0.015625 0.0146484375 0.03125
2 0.2890625 0.2509765625 0.0224609375 0.0537109375
2 0.666015625 0.4970703125 0.0576171875 0.0791015625
2 0.9072265625 0.4150390625 0.01953125 0.123046875
3 0.5986328125 0.7021484375 0.3662109375 0.5888671875