2 0.736328125 0.1806640625 0.0244140625 0.0615234375
2 0.26171875 0.4375 0.0302734375 0.1064453125
2 0.2138671875 0.6337890625 0.052734375 0.1875
2 0.4365234375 0.404296875 0.041015625 0.1435546875
2 0.328125 0.6552734375 0.05859375 0.189453125
2 0.310546875 0.482421875 0.044921875 0.1376953125
2 0.8251953125 0.322265625 0.0263671875 0.0859375
3 0.67578125 0.1337890625 0.0888671875 0.2529296875
2 0.8681640625 0.3818359375 0.0244140625 0.0908203125
0 0.35546875 0.265625 0.0859375 0.2109375
0 0.7666015625 0.27734375 0.0869140625 0.1552734375
2 0.2412109375 0.8935546875 0.06640625 0.201171875
0 0.7890625 0.427734375 0.1025390625 0.181640625
0 0.6220703125 0.3017578125 0.0869140625 0.2001953125
2 0.6787109375 0.416015625 0.037109375 0.044921875
3 0.470703125 0.134765625 0.10546875 0.26953125
0 0.556640625 0.0947265625 0.0546875 0.130859375
0 0.8544921875 0.619140625 0.1201171875 0.296875
0 0.447265625 0.767578125 0.162109375 0.443359375
0 0.552734375 0.5302734375 0.1259765625 0.314453125
0 0.708984375 0.6025390625 0.1298828125 0.34375
0 0.583984375 0.189453125 0.064453125 0.1416015625
0 0.5224609375 0.0302734375 0.0380859375 0.060546875
2 0.9072265625 0.4375 0.0205078125 0.1083984375
0 0.388671875 0.03515625 0.0537109375 0.0693359375
0 0.21875 0.025390625 0.07421875 0.05078125
2 0.5615234375 0.3583984375 0.0390625 0.044921875
0 0.5888671875 0.0185546875 0.03125 0.037109375
2 0.197265625 0.248046875 0.01953125 0.056640625
0 0.8408203125 0.951171875 0.154296875 0.0888671875