2 0.4296875 0.2001953125 0.025390625 0.0830078125
2 0.626953125 0.0166015625 0.013671875 0.0322265625
2 0.4111328125 0.4912109375 0.0419921875 0.150390625
2 0.8720703125 0.345703125 0.0380859375 0.0869140625
2 0.6025390625 0.052734375 0.021484375 0.0498046875
2 0.5009765625 0.046875 0.0166015625 0.0625
2 0.7412109375 0.14453125 0.0322265625 0.05078125
0 0.37109375 0.1513671875 0.0654296875 0.13671875
0 0.5283203125 0.0546875 0.044921875 0.0888671875
0 0.57421875 0.1650390625 0.064453125 0.1318359375
2 0.5712890625 0.0673828125 0.015625 0.052734375
0 0.1396484375 0.181640625 0.0849609375 0.1337890625
0 0.5751953125 0.0263671875 0.0380859375 0.0517578125
0 0.248046875 0.04296875 0.0478515625 0.0703125
0 0.732421875 0.220703125 0.0556640625 0.140625
0 0.474609375 0.03515625 0.046875 0.0693359375
0 0.181640625 0.0546875 0.0458984375 0.0966796875
2 0.5966796875 0.1015625 0.017578125 0.0654296875
3 0.5263671875 0.59765625 0.189453125 0.744140625
0 0.4892578125 0.1904296875 0.064453125 0.091796875
2 0.7158203125 0.0166015625 0.013671875 0.0302734375
2 0.6123046875 0.01171875 0.01171875 0.0234375
0 0.3232421875 0.4638671875 0.1044921875 0.2548828125
0 0.6455078125 0.1630859375 0.0615234375 0.1220703125
0 0.779296875 0.4833984375 0.1298828125 0.2890625
2 0.1064453125 0.041015625 0.0166015625 0.0439453125
2 0.4248046875 0.0302734375 0.0224609375 0.060546875
0 0.67578125 0.5732421875 0.1298828125 0.349609375
0 0.8603515625 0.7900390625 0.1103515625 0.396484375
0 0.8779296875 0.5078125 0.0791015625 0.2412109375
0 0.630859375 0.30859375 0.0830078125 0.1982421875
0 0.689453125 0.111328125 0.0498046875 0.126953125
0 0.47265625 0.103515625 0.0537109375 0.09765625
0 0.2744140625 0.6767578125 0.14453125 0.3232421875
0 0.44921875 0.0244140625 0.01953125 0.0478515625