3 0.7783203125 0.5712890625 0.240234375 0.611328125
2 0.7939453125 0.16015625 0.0263671875 0.06640625
2 0.798828125 0.2783203125 0.02734375 0.076171875
0 0.3369140625 0.26953125 0.0791015625 0.1708984375
2 0.63671875 0.025390625 0.013671875 0.044921875
0 0.4716796875 0.2431640625 0.08203125 0.1669921875
0 0.6943359375 0.2451171875 0.0888671875 0.1220703125
2 0.533203125 0.1806640625 0.0234375 0.080078125
0 0.2861328125 0.4169921875 0.11328125 0.2802734375
0 0.6416015625 0.4169921875 0.0615234375 0.2548828125
0 0.5087890625 0.0205078125 0.03515625 0.041015625
0 0.5419921875 0.037109375 0.041015625 0.07421875
0 0.8896484375 0.37109375 0.0556640625 0.1298828125
0 0.544921875 0.3818359375 0.0947265625 0.2314453125
0 0.4189453125 0.548828125 0.1259765625 0.3515625
0 0.6005859375 0.67578125 0.1396484375 0.4189453125
2 0.7431640625 0.03125 0.0107421875 0.02734375
2 0.8779296875 0.29296875 0.029296875 0.0712890625
0 0.3544921875 0.14453125 0.0615234375 0.1103515625
3 0.4375 0.0859375 0.0576171875 0.044921875