0 0.373046875 0.142578125 0.0576171875 0.1494140625
0 0.41796875 0.2119140625 0.068359375 0.1669921875
0 0.5205078125 0.0263671875 0.033203125 0.052734375
0 0.4814453125 0.162109375 0.0634765625 0.1240234375
0 0.509765625 0.33203125 0.0869140625 0.2099609375
0 0.603515625 0.244140625 0.0712890625 0.185546875
0 0.5478515625 0.103515625 0.0556640625 0.1044921875
0 0.2900390625 0.4404296875 0.1181640625 0.275390625
0 0.6884765625 0.2177734375 0.064453125 0.083984375
0 0.4248046875 0.44140625 0.10546875 0.24609375
2 0.3349609375 0.169921875 0.025390625 0.0537109375
0 0.501953125 0.017578125 0.015625 0.0341796875
2 0.8173828125 0.287109375 0.04296875 0.0908203125
3 0.6181640625 0.0693359375 0.0732421875 0.1376953125
3 0.7568359375 0.1826171875 0.0712890625 0.162109375
0 0.6728515625 0.142578125 0.0576171875 0.11328125
0 0.3701171875 0.0576171875 0.05078125 0.060546875
3 0.453125 0.0517578125 0.076171875 0.1005859375
0 0.2265625 0.021484375 0.03125 0.04296875
0 0.8154296875 0.501953125 0.1142578125 0.3037109375
0 0.1240234375 0.0390625 0.0478515625 0.076171875
2 0.3876953125 0.3427734375 0.0224609375 0.0849609375
0 0.7626953125 0.3203125 0.0869140625 0.162109375
2 0.908203125 0.375 0.017578125 0.0751953125
0 0.2333984375 0.6787109375 0.154296875 0.376953125
2 0.2861328125 0.2529296875 0.0234375 0.052734375
2 0.7119140625 0.017578125 0.017578125 0.0341796875
0 0.4091796875 0.6982421875 0.146484375 0.3779296875
3 0.888671875 0.6533203125 0.0546875 0.5146484375
3 0.61328125 0.5986328125 0.3271484375 0.7958984375