2 0.427734375 0.03515625 0.021484375 0.044921875
2 0.50390625 0.1962890625 0.0283203125 0.083984375
3 0.7763671875 0.57421875 0.23046875 0.5927734375
2 0.7197265625 0.1513671875 0.0224609375 0.07421875
0 0.38671875 0.0517578125 0.048828125 0.0625
2 0.58984375 0.14453125 0.0234375 0.0673828125
0 0.5458984375 0.1796875 0.0634765625 0.130859375
2 0.4794921875 0.3740234375 0.03515625 0.0986328125
2 0.63671875 0.263671875 0.0205078125 0.0625
0 0.3388671875 0.2685546875 0.0771484375 0.1748046875
0 0.353515625 0.1533203125 0.0673828125 0.1064453125
0 0.59375 0.2666015625 0.078125 0.177734375
2 0.90234375 0.3955078125 0.0283203125 0.05859375
2 0.75390625 0.2490234375 0.044921875 0.056640625
0 0.46484375 0.072265625 0.044921875 0.0849609375
2 0.5146484375 0.0908203125 0.0224609375 0.0810546875
2 0.8662109375 0.3916015625 0.02734375 0.0556640625
2 0.494140625 0.080078125 0.021484375 0.05859375
0 0.630859375 0.138671875 0.0546875 0.1015625
2 0.5283203125 0.2587890625 0.029296875 0.0419921875
2 0.3974609375 0.1982421875 0.0439453125 0.080078125
2 0.384765625 0.2705078125 0.029296875 0.09765625
0 0.1572265625 0.080078125 0.064453125 0.107421875
0 0.6298828125 0.025390625 0.044921875 0.0498046875
0 0.6982421875 0.2392578125 0.080078125 0.1181640625
0 0.2900390625 0.419921875 0.1162109375 0.27734375
0 0.64453125 0.41796875 0.05859375 0.2490234375
2 0.84375 0.37109375 0.029296875 0.07421875
0 0.419921875 0.5478515625 0.12890625 0.349609375
3 0.44140625 0.15234375 0.068359375 0.1337890625
2 0.873046875 0.2587890625 0.0234375 0.0517578125
3 0.548828125 0.0625 0.064453125 0.125
2 0.404296875 0.1337890625 0.0224609375 0.076171875
2 0.4521484375 0.0166015625 0.017578125 0.0322265625
0 0.599609375 0.67578125 0.1416015625 0.408203125
0 0.095703125 0.291015625 0.0283203125 0.171875
2 0.6650390625 0.2744140625 0.01953125 0.048828125
2 0.5830078125 0.0341796875 0.0078125 0.0263671875
2 0.744140625 0.0234375 0.0107421875 0.0419921875
0 0.240234375 0.0546875 0.064453125 0.1064453125
2 0.5751953125 0.119140625 0.0087890625 0.0390625
2 0.7939453125 0.158203125 0.015625 0.04296875
3 0.1005859375 0.037109375 0.041015625 0.07421875
2 0.6298828125 0.2138671875 0.01953125 0.0625
2 0.513671875 0.037109375 0.0166015625 0.0478515625
3 0.8876953125 0.634765625 0.060546875 0.4052734375