2 0.5185546875 0.337890625 0.03515625 0.1015625
2 0.7353515625 0.2802734375 0.033203125 0.1005859375
2 0.5625 0.37890625 0.0361328125 0.083984375
0 0.5458984375 0.59765625 0.150390625 0.392578125
0 0.6484375 0.3779296875 0.111328125 0.2412109375
0 0.607421875 0.021484375 0.03515625 0.04296875
0 0.5205078125 0.025390625 0.037109375 0.0498046875
0 0.3486328125 0.3388671875 0.1015625 0.2392578125
0 0.5361328125 0.08203125 0.0498046875 0.09765625
0 0.443359375 0.087890625 0.048828125 0.095703125
0 0.560546875 0.1943359375 0.0654296875 0.1328125