2 0.6494140625 0.0322265625 0.0146484375 0.03125
2 0.673828125 0.0869140625 0.01953125 0.0400390625
2 0.7470703125 0.1748046875 0.0205078125 0.05078125
3 0.8193359375 0.4296875 0.1826171875 0.443359375
2 0.794921875 0.1865234375 0.0244140625 0.048828125
2 0.6943359375 0.1318359375 0.0224609375 0.0576171875
2 0.724609375 0.1171875 0.02734375 0.0537109375
2 0.6083984375 0.1796875 0.01953125 0.072265625
2 0.7216796875 0.1650390625 0.0224609375 0.056640625
0 0.587890625 0.029296875 0.0390625 0.05859375
2 0.6357421875 0.029296875 0.0146484375 0.0380859375
3 0.5673828125 0.220703125 0.0888671875 0.2255859375
0 0.3203125 0.3056640625 0.1005859375 0.212890625
0 0.4560546875 0.3232421875 0.0947265625 0.24609375
0 0.5478515625 0.0380859375 0.0419921875 0.076171875
0 0.45703125 0.1669921875 0.0673828125 0.1201171875
0 0.6123046875 0.107421875 0.0517578125 0.08984375
2 0.4013671875 0.4462890625 0.0361328125 0.119140625
0 0.3974609375 0.0458984375 0.048828125 0.087890625
0 0.2314453125 0.0458984375 0.0419921875 0.0869140625
0 0.4951171875 0.0400390625 0.0439453125 0.0791015625
2 0.7646484375 0.158203125 0.0205078125 0.0458984375
2 0.71484375 0.2431640625 0.0234375 0.0625
0 0.3603515625 0.1728515625 0.078125 0.1611328125
2 0.5869140625 0.07421875 0.0166015625 0.0537109375
2 0.5546875 0.08984375 0.01953125 0.044921875
2 0.53125 0.3818359375 0.029296875 0.0908203125
2 0.615234375 0.0126953125 0.01171875 0.025390625
0 0.2724609375 0.55078125 0.1513671875 0.3662109375
0 0.4365234375 0.6474609375 0.146484375 0.4111328125
2 0.732421875 0.283203125 0.0185546875 0.0517578125
2 0.744140625 0.025390625 0.013671875 0.044921875
0 0.888671875 0.8134765625 0.0537109375 0.341796875
2 0.6904296875 0.0234375 0.0107421875 0.044921875
3 0.6611328125 0.2236328125 0.087890625 0.224609375
0 0.6201171875 0.4462890625 0.1220703125 0.2470703125
2 0.7119140625 0.091796875 0.01171875 0.0283203125
3 0.7109375 0.7880859375 0.2060546875 0.40625
0 0.5673828125 0.0146484375 0.01953125 0.029296875
2 0.6962890625 0.0947265625 0.01171875 0.029296875
2 0.7451171875 0.19921875 0.1025390625 0.236328125
2 0.6875 0.0849609375 0.0849609375 0.1357421875
3 0.90625 0.53515625 0.0205078125 0.1904296875
3 0.857421875 0.23828125 0.0927734375 0.099609375