2 0.7021484375 0.1611328125 0.0205078125 0.0654296875
2 0.734375 0.1845703125 0.0244140625 0.07421875
0 0.5419921875 0.0810546875 0.0498046875 0.1025390625
2 0.5146484375 0.1875 0.0263671875 0.080078125
3 0.6611328125 0.5673828125 0.208984375 0.705078125
0 0.4609375 0.080078125 0.0537109375 0.11328125
2 0.4931640625 0.0771484375 0.013671875 0.052734375
2 0.5703125 0.0078125 0.0107421875 0.015625
0 0.3662109375 0.2001953125 0.0751953125 0.15625
0 0.515625 0.0322265625 0.03515625 0.0634765625
0 0.41796875 0.580078125 0.134765625 0.3720703125
2 0.71875 0.01953125 0.0146484375 0.0283203125
0 0.4873046875 0.353515625 0.0986328125 0.2548828125
0 0.7412109375 0.33984375 0.0830078125 0.189453125
2 0.6357421875 0.0126953125 0.0185546875 0.025390625
2 0.48046875 0.0537109375 0.01171875 0.0419921875
2 0.900390625 0.390625 0.0322265625 0.1025390625
0 0.4287109375 0.009765625 0.033203125 0.01953125
0 0.18359375 0.9248046875 0.1669921875 0.1455078125
2 0.4609375 0.013671875 0.01171875 0.02734375
2 0.744140625 0.03125 0.01171875 0.0283203125
2 0.7578125 0.0341796875 0.01171875 0.02734375