2 0.52734375 0.2373046875 0.033203125 0.0673828125
2 0.4345703125 0.0361328125 0.01953125 0.044921875
2 0.4990234375 0.17578125 0.0234375 0.064453125
3 0.775390625 0.572265625 0.2333984375 0.595703125
2 0.59765625 0.1640625 0.0224609375 0.044921875
0 0.38671875 0.0537109375 0.0498046875 0.064453125
0 0.353515625 0.1552734375 0.0673828125 0.10546875
2 0.4794921875 0.37109375 0.0361328125 0.099609375
2 0.3857421875 0.2705078125 0.0302734375 0.1044921875
2 0.15234375 0.0302734375 0.0126953125 0.03125
0 0.3369140625 0.259765625 0.0771484375 0.1552734375
0 0.4716796875 0.236328125 0.0771484375 0.1513671875
2 0.1396484375 0.20703125 0.025390625 0.0732421875
0 0.626953125 0.1455078125 0.0615234375 0.119140625
0 0.5927734375 0.26953125 0.080078125 0.177734375
2 0.396484375 0.1337890625 0.033203125 0.0947265625
2 0.35546875 0.3828125 0.0322265625 0.09765625
2 0.8955078125 0.3876953125 0.0400390625 0.0732421875
0 0.4755859375 0.0244140625 0.0390625 0.048828125
2 0.7451171875 0.244140625 0.0322265625 0.0625
0 0.697265625 0.236328125 0.083984375 0.1162109375
2 0.7900390625 0.1669921875 0.0234375 0.0537109375
2 0.63671875 0.263671875 0.01953125 0.052734375
0 0.138671875 0.1103515625 0.064453125 0.091796875
2 0.111328125 0.0361328125 0.0205078125 0.041015625
0 0.2890625 0.4189453125 0.1142578125 0.275390625
2 0.48828125 0.0712890625 0.0224609375 0.05859375
2 0.4072265625 0.2001953125 0.0322265625 0.0751953125
2 0.7705078125 0.259765625 0.0185546875 0.0400390625
0 0.646484375 0.416015625 0.0595703125 0.2470703125
3 0.546875 0.064453125 0.06640625 0.12890625
0 0.4208984375 0.5517578125 0.1259765625 0.3486328125
2 0.517578125 0.1025390625 0.015625 0.064453125
0 0.599609375 0.6748046875 0.1416015625 0.4111328125
0 0.83203125 0.3095703125 0.09765625 0.19140625
2 0.7294921875 0.19921875 0.0185546875 0.044921875
2 0.783203125 0.224609375 0.03515625 0.0634765625
2 0.666015625 0.2744140625 0.0205078125 0.05078125
2 0.4853515625 0.1484375 0.013671875 0.0322265625
0 0.4404296875 0.0986328125 0.060546875 0.08203125
2 0.66796875 0.091796875 0.0166015625 0.0341796875
2 0.6953125 0.0927734375 0.0126953125 0.0390625
2 0.58203125 0.0322265625 0.0087890625 0.03125
0 0.236328125 0.01171875 0.0234375 0.0234375
2 0.51171875 0.02734375 0.013671875 0.0361328125
2 0.474609375 0.1025390625 0.0166015625 0.052734375
2 0.4306640625 0.208984375 0.0263671875 0.0419921875
2 0.7138671875 0.017578125 0.013671875 0.03515625