2 0.662109375 0.0732421875 0.0146484375 0.04296875
2 0.583984375 0.0263671875 0.0146484375 0.041015625
2 0.625 0.01953125 0.013671875 0.0390625
3 0.837890625 0.2314453125 0.1171875 0.2412109375
2 0.681640625 0.2021484375 0.0234375 0.0703125
2 0.59765625 0.0341796875 0.0166015625 0.052734375
2 0.6181640625 0.3818359375 0.0322265625 0.1044921875
2 0.5087890625 0.091796875 0.01953125 0.056640625
2 0.4306640625 0.2509765625 0.0234375 0.068359375
0 0.5341796875 0.341796875 0.0859375 0.1923828125
0 0.4765625 0.0283203125 0.0380859375 0.0546875
0 0.5869140625 0.1201171875 0.05078125 0.11328125
0 0.5166015625 0.029296875 0.0380859375 0.05859375
0 0.7978515625 0.4609375 0.111328125 0.2451171875
2 0.10546875 0.2294921875 0.0234375 0.0810546875
0 0.330078125 0.30078125 0.0927734375 0.201171875
0 0.8623046875 0.677734375 0.1083984375 0.369140625
0 0.46484375 0.0966796875 0.052734375 0.1025390625
2 0.71484375 0.015625 0.013671875 0.03125
2 0.662109375 0.01171875 0.0234375 0.0234375
0 0.591796875 0.7109375 0.142578125 0.3662109375
2 0.8876953125 0.1826171875 0.0107421875 0.05078125
0 0.681640625 0.4453125 0.0927734375 0.25390625
2 0.47265625 0.4482421875 0.0400390625 0.138671875
0 0.90625 0.498046875 0.021484375 0.109375
0 0.236328125 0.6787109375 0.154296875 0.3759765625
2 0.7236328125 0.3583984375 0.0185546875 0.0380859375
0 0.7431640625 0.69140625 0.1455078125 0.3212890625
2 0.7470703125 0.0244140625 0.0146484375 0.04296875