2 0.619140625 0.3955078125 0.03515625 0.1171875
2 0.8564453125 0.4384765625 0.0302734375 0.08203125
2 0.7392578125 0.3515625 0.029296875 0.0703125
0 0.6357421875 0.2783203125 0.07421875 0.16015625
2 0.88671875 0.466796875 0.03515625 0.0615234375
2 0.6943359375 0.296875 0.029296875 0.056640625
0 0.5205078125 0.2373046875 0.068359375 0.140625
0 0.2919921875 0.4384765625 0.1162109375 0.2763671875
0 0.1455078125 0.0224609375 0.033203125 0.044921875
2 0.7158203125 0.3408203125 0.029296875 0.080078125
0 0.419921875 0.18359375 0.06640625 0.15234375
2 0.119140625 0.1025390625 0.0263671875 0.056640625
0 0.4716796875 0.126953125 0.0576171875 0.1162109375
2 0.8798828125 0.3798828125 0.033203125 0.0703125
0 0.802734375 0.455078125 0.1083984375 0.2412109375
0 0.1728515625 0.060546875 0.0380859375 0.0869140625
0 0.5185546875 0.052734375 0.0302734375 0.103515625
3 0.572265625 0.083984375 0.107421875 0.1669921875
0 0.8623046875 0.6708984375 0.107421875 0.3740234375
0 0.1025390625 0.185546875 0.044921875 0.134765625
3 0.7509765625 0.2802734375 0.0791015625 0.15625
0 0.68359375 0.4443359375 0.0927734375 0.251953125
2 0.7861328125 0.3232421875 0.02734375 0.0439453125
2 0.38671875 0.4326171875 0.0361328125 0.130859375
2 0.28515625 0.2705078125 0.025390625 0.0625
0 0.6689453125 0.0556640625 0.0537109375 0.083984375
2 0.310546875 0.1796875 0.017578125 0.05078125
2 0.48046875 0.47265625 0.03125 0.109375
2 0.6201171875 0.0234375 0.01953125 0.046875
2 0.634765625 0.1708984375 0.021484375 0.056640625
0 0.412109375 0.0205078125 0.0361328125 0.041015625
0 0.591796875 0.7109375 0.1416015625 0.365234375
2 0.4453125 0.361328125 0.0322265625 0.0654296875
2 0.8623046875 0.2939453125 0.0244140625 0.0703125
0 0.236328125 0.681640625 0.1533203125 0.3740234375
2 0.84765625 0.3603515625 0.03125 0.07421875
2 0.2021484375 0.2470703125 0.0126953125 0.052734375
2 0.1259765625 0.03125 0.0146484375 0.0556640625
3 0.0947265625 0.0341796875 0.02734375 0.064453125