2 0.59375 0.125 0.01953125 0.05078125
0 0.38671875 0.0517578125 0.044921875 0.0625
3 0.77734375 0.576171875 0.2412109375 0.59375
2 0.49609375 0.1787109375 0.0234375 0.0673828125
2 0.587890625 0.0390625 0.0146484375 0.0498046875
2 0.4287109375 0.205078125 0.029296875 0.0537109375
2 0.38671875 0.2265625 0.02734375 0.0888671875
0 0.3525390625 0.158203125 0.0673828125 0.1123046875
0 0.5498046875 0.1123046875 0.0546875 0.0751953125
0 0.423828125 0.2958984375 0.0849609375 0.1484375
2 0.7568359375 0.248046875 0.044921875 0.0625
0 0.4638671875 0.0703125 0.046875 0.080078125
2 0.5107421875 0.0712890625 0.0166015625 0.0673828125
2 0.7568359375 0.162109375 0.01953125 0.0556640625
0 0.3369140625 0.26171875 0.0771484375 0.1533203125
0 0.59375 0.2744140625 0.07421875 0.1796875
0 0.6298828125 0.142578125 0.0556640625 0.1103515625
2 0.791015625 0.169921875 0.0205078125 0.0478515625
0 0.4404296875 0.14453125 0.0634765625 0.12109375
2 0.25 0.0244140625 0.0146484375 0.044921875
2 0.4052734375 0.1064453125 0.0205078125 0.056640625
2 0.4541015625 0.015625 0.0146484375 0.0302734375
0 0.69921875 0.234375 0.0830078125 0.107421875
2 0.2333984375 0.1025390625 0.0166015625 0.0546875
2 0.5390625 0.2451171875 0.02734375 0.0576171875
2 0.9052734375 0.400390625 0.0234375 0.0576171875
2 0.1142578125 0.068359375 0.0166015625 0.0615234375
2 0.361328125 0.0419921875 0.0205078125 0.0439453125
0 0.2890625 0.419921875 0.1142578125 0.2763671875
0 0.0888671875 0.0458984375 0.013671875 0.05078125
0 0.181640625 0.0498046875 0.0322265625 0.0732421875
0 0.6435546875 0.4150390625 0.05859375 0.2509765625
2 0.7626953125 0.205078125 0.0224609375 0.05859375
2 0.126953125 0.1982421875 0.0234375 0.0673828125
0 0.4189453125 0.546875 0.1279296875 0.349609375
2 0.3583984375 0.369140625 0.0322265625 0.1005859375
2 0.4404296875 0.0107421875 0.013671875 0.021484375
2 0.478515625 0.365234375 0.0361328125 0.0888671875
0 0.599609375 0.6728515625 0.1416015625 0.419921875
2 0.8056640625 0.203125 0.017578125 0.0341796875
3 0.8330078125 0.3125 0.09375 0.1943359375
2 0.3896484375 0.1552734375 0.0234375 0.0595703125
2 0.2060546875 0.1015625 0.009765625 0.0322265625
2 0.720703125 0.1845703125 0.0166015625 0.0439453125
2 0.5068359375 0.017578125 0.013671875 0.03515625
2 0.0859375 0.083984375 0.0078125 0.048828125
2 0.1513671875 0.015625 0.0166015625 0.0302734375
2 0.6650390625 0.2734375 0.0224609375 0.056640625
2 0.8447265625 0.3759765625 0.025390625 0.0615234375
2 0.8720703125 0.3916015625 0.0380859375 0.0625
2 0.63671875 0.2646484375 0.01953125 0.0546875
2 0.7431640625 0.03125 0.009765625 0.02734375
2 0.791015625 0.123046875 0.013671875 0.0341796875
2 0.71484375 0.017578125 0.0126953125 0.0341796875
2 0.1064453125 0.0302734375 0.0234375 0.037109375
3 0.7646484375 0.0263671875 0.0419921875 0.052734375