2 0.673828125 0.10546875 0.0185546875 0.052734375
2 0.7041015625 0.1201171875 0.017578125 0.044921875
2 0.646484375 0.0322265625 0.013671875 0.0390625
2 0.802734375 0.275390625 0.0322265625 0.080078125
2 0.625 0.0283203125 0.0146484375 0.04296875
2 0.744140625 0.0302734375 0.0107421875 0.0263671875
2 0.634765625 0.38671875 0.037109375 0.1201171875
2 0.87109375 0.4384765625 0.0341796875 0.078125
2 0.708984375 0.1943359375 0.0263671875 0.0732421875
2 0.6591796875 0.0576171875 0.0146484375 0.0556640625
2 0.61328125 0.0263671875 0.01171875 0.0390625
0 0.8564453125 0.638671875 0.12109375 0.353515625
0 0.126953125 0.107421875 0.08203125 0.1201171875
2 0.7138671875 0.0166015625 0.013671875 0.033203125
2 0.837890625 0.4384765625 0.0341796875 0.0615234375
2 0.912109375 0.478515625 0.009765625 0.09375
3 0.708984375 0.58203125 0.1298828125 0.2880859375
2 0.6494140625 0.79296875 0.0546875 0.2060546875
2 0.703125 0.0888671875 0.013671875 0.0263671875