2 0.37890625 0.12109375 0.0224609375 0.07421875
2 0.6630859375 0.119140625 0.0263671875 0.0625
2 0.7001953125 0.1494140625 0.0234375 0.064453125
2 0.6328125 0.025390625 0.0224609375 0.048828125
0 0.6328125 0.1650390625 0.060546875 0.12890625
0 0.5419921875 0.1376953125 0.0576171875 0.123046875
2 0.56640625 0.021484375 0.015625 0.04296875
2 0.384765625 0.62890625 0.0478515625 0.1552734375
2 0.7236328125 0.125 0.0283203125 0.0771484375
0 0.7548828125 0.189453125 0.0625 0.1220703125
0 0.6083984375 0.064453125 0.044921875 0.083984375
2 0.6826171875 0.1171875 0.0185546875 0.05859375
0 0.8720703125 0.3837890625 0.0830078125 0.1591796875
0 0.5380859375 0.056640625 0.048828125 0.0791015625
0 0.6806640625 0.2236328125 0.0693359375 0.1533203125
2 0.341796875 0.9287109375 0.064453125 0.1337890625
0 0.4873046875 0.4619140625 0.119140625 0.2294921875
3 0.6416015625 0.4521484375 0.138671875 0.3115234375
2 0.6376953125 0.0888671875 0.015625 0.0400390625
2 0.8232421875 0.2705078125 0.0302734375 0.0615234375
0 0.484375 0.712890625 0.140625 0.3828125
3 0.76953125 0.3994140625 0.140625 0.294921875
3 0.771484375 0.7216796875 0.220703125 0.5400390625
2 0.732421875 0.0224609375 0.0302734375 0.0439453125
0 0.2734375 0.6796875 0.1455078125 0.3232421875
0 0.5810546875 0.296875 0.0849609375 0.189453125
0 0.3232421875 0.46484375 0.1044921875 0.2587890625
2 0.5927734375 0.111328125 0.0166015625 0.05078125
0 0.6708984375 0.0146484375 0.037109375 0.029296875
2 0.5859375 0.076171875 0.0107421875 0.0556640625
2 0.5322265625 0.556640625 0.0205078125 0.0703125
3 0.4775390625 0.1611328125 0.06640625 0.080078125