2 0.470703125 0.0361328125 0.015625 0.05078125
2 0.5126953125 0.1767578125 0.01953125 0.0751953125
3 0.78125 0.568359375 0.2451171875 0.607421875
2 0.271484375 0.0205078125 0.013671875 0.0380859375
2 0.5693359375 0.048828125 0.015625 0.05859375
0 0.3369140625 0.267578125 0.078125 0.169921875
2 0.48046875 0.34375 0.044921875 0.1025390625
0 0.5712890625 0.1787109375 0.0673828125 0.15234375
2 0.7392578125 0.18359375 0.0185546875 0.060546875
0 0.4716796875 0.2373046875 0.0732421875 0.1533203125
2 0.5107421875 0.0556640625 0.015625 0.056640625
0 0.697265625 0.234375 0.0849609375 0.1103515625
2 0.5703125 0.013671875 0.0126953125 0.0263671875
0 0.5478515625 0.3818359375 0.0966796875 0.2333984375
0 0.2900390625 0.4140625 0.11328125 0.2763671875
0 0.6435546875 0.4140625 0.0634765625 0.2529296875
2 0.794921875 0.1630859375 0.0244140625 0.072265625
0 0.41796875 0.548828125 0.1259765625 0.3466796875
2 0.7041015625 0.1005859375 0.01953125 0.0576171875
0 0.6025390625 0.6787109375 0.1396484375 0.41015625
2 0.7431640625 0.029296875 0.009765625 0.029296875
2 0.5966796875 0.013671875 0.0087890625 0.0263671875
2 0.09375 0.0458984375 0.013671875 0.0478515625
2 0.4833984375 0.3984375 0.0244140625 0.046875
2 0.2919921875 0.017578125 0.013671875 0.0341796875
2 0.16015625 0.01171875 0.01171875 0.0234375
2 0.3115234375 0.0126953125 0.01171875 0.025390625
2 0.71484375 0.0166015625 0.013671875 0.033203125
3 0.765625 0.025390625 0.0390625 0.0498046875