2 0.6298828125 0.0244140625 0.017578125 0.03515625
2 0.4501953125 0.140625 0.021484375 0.0703125
2 0.654296875 0.0322265625 0.015625 0.0361328125
2 0.67578125 0.126953125 0.0185546875 0.056640625
2 0.5361328125 0.373046875 0.029296875 0.1044921875
2 0.8515625 0.2783203125 0.0205078125 0.0595703125
0 0.611328125 0.1318359375 0.056640625 0.1201171875
2 0.6591796875 0.15625 0.01953125 0.05078125
0 0.6025390625 0.0380859375 0.0419921875 0.0634765625
2 0.6923828125 0.123046875 0.0146484375 0.0400390625
2 0.75390625 0.2138671875 0.02734375 0.0771484375
2 0.732421875 0.1826171875 0.0224609375 0.0634765625
3 0.6494140625 0.560546875 0.1611328125 0.4375
2 0.5712890625 0.4033203125 0.033203125 0.134765625
0 0.3759765625 0.1357421875 0.064453125 0.13671875
0 0.5634765625 0.048828125 0.048828125 0.09375
0 0.408203125 0.037109375 0.0390625 0.07421875
2 0.8291015625 0.2275390625 0.0224609375 0.04296875
0 0.814453125 0.3330078125 0.0986328125 0.1943359375
2 0.689453125 0.0234375 0.0107421875 0.0419921875
0 0.50390625 0.0341796875 0.0380859375 0.0673828125
0 0.5166015625 0.1552734375 0.06640625 0.1357421875
2 0.7470703125 0.021484375 0.013671875 0.041015625
2 0.7880859375 0.2216796875 0.0244140625 0.0537109375
0 0.470703125 0.681640625 0.1630859375 0.462890625
2 0.8203125 0.52734375 0.04296875 0.1259765625
2 0.771484375 0.1884765625 0.0234375 0.0458984375
0 0.25390625 0.666015625 0.1630859375 0.4462890625
2 0.7080078125 0.138671875 0.0205078125 0.044921875
3 0.1416015625 0.0283203125 0.0498046875 0.056640625
2 0.466796875 0.0244140625 0.0146484375 0.0439453125
0 0.3271484375 0.3095703125 0.1044921875 0.2333984375
0 0.466796875 0.3642578125 0.095703125 0.248046875
2 0.7705078125 0.369140625 0.0244140625 0.0771484375
2 0.7236328125 0.0322265625 0.01171875 0.029296875
2 0.73046875 0.109375 0.01953125 0.0390625
0 0.4462890625 0.013671875 0.029296875 0.02734375
3 0.8837890625 0.662109375 0.068359375 0.62890625