0 0.623046875 0.1416015625 0.0458984375 0.123046875
0 0.6123046875 0.0595703125 0.0478515625 0.0869140625
0 0.5322265625 0.1328125 0.05859375 0.1494140625
0 0.73046875 0.3017578125 0.0888671875 0.1748046875
3 0.6875 0.16015625 0.111328125 0.2392578125
0 0.5302734375 0.0546875 0.041015625 0.0546875
0 0.80859375 0.466796875 0.134765625 0.2705078125
0 0.4619140625 0.0322265625 0.044921875 0.064453125
0 0.4580078125 0.12109375 0.05859375 0.1103515625
0 0.3740234375 0.1171875 0.0615234375 0.130859375
2 0.63671875 0.0283203125 0.013671875 0.0283203125
2 0.5693359375 0.02734375 0.015625 0.052734375
0 0.7138671875 0.833984375 0.1875 0.3212890625
2 0.6494140625 0.02734375 0.017578125 0.041015625
0 0.7255859375 0.142578125 0.0283203125 0.08203125
0 0.5478515625 0.45703125 0.1015625 0.25
2 0.67578125 0.0380859375 0.0166015625 0.037109375
0 0.4033203125 0.0283203125 0.0498046875 0.0546875
0 0.8876953125 0.7734375 0.0595703125 0.3486328125
2 0.6259765625 0.0146484375 0.0126953125 0.0283203125
0 0.33984375 0.2421875 0.0810546875 0.16015625
0 0.6884765625 0.5078125 0.1318359375 0.337890625
0 0.3037109375 0.40625 0.1142578125 0.2421875
0 0.4599609375 0.25390625 0.083984375 0.1826171875
0 0.1787109375 0.900390625 0.173828125 0.193359375
2 0.56640625 0.1279296875 0.0126953125 0.0380859375