2 0.6845703125 0.1162109375 0.009765625 0.0478515625
0 0.537109375 0.08984375 0.0478515625 0.103515625
2 0.6552734375 0.0341796875 0.0146484375 0.0400390625
3 0.734375 0.21484375 0.103515625 0.248046875
2 0.626953125 0.1953125 0.0224609375 0.076171875
2 0.6064453125 0.1455078125 0.01953125 0.0615234375
2 0.720703125 0.017578125 0.017578125 0.033203125
2 0.6474609375 0.1298828125 0.021484375 0.052734375
2 0.6513671875 0.22265625 0.0244140625 0.076171875
2 0.7431640625 0.02734375 0.013671875 0.0322265625
0 0.810546875 0.4951171875 0.12890625 0.251953125
0 0.794921875 0.783203125 0.1923828125 0.4169921875
0 0.5126953125 0.0107421875 0.029296875 0.021484375
2 0.6416015625 0.05078125 0.017578125 0.0546875
2 0.6435546875 0.0849609375 0.0166015625 0.0263671875