2 0.6357421875 0.103515625 0.0166015625 0.0478515625
2 0.6259765625 0.029296875 0.0166015625 0.041015625
2 0.603515625 0.13671875 0.017578125 0.0625
2 0.7412109375 0.154296875 0.0234375 0.0615234375
2 0.8076171875 0.427734375 0.0380859375 0.1328125
2 0.6728515625 0.2998046875 0.033203125 0.0830078125
2 0.796875 0.271484375 0.021484375 0.072265625
0 0.3720703125 0.2705078125 0.0849609375 0.2158203125
0 0.421875 0.1240234375 0.0576171875 0.1298828125
0 0.2646484375 0.5380859375 0.126953125 0.2958984375
2 0.29296875 0.3525390625 0.0361328125 0.087890625
0 0.22265625 0.8876953125 0.189453125 0.22265625
0 0.7939453125 0.802734375 0.2041015625 0.3798828125
0 0.451171875 0.5361328125 0.1298828125 0.3466796875
3 0.5029296875 0.201171875 0.07421875 0.2353515625
0 0.1240234375 0.1142578125 0.07421875 0.1044921875
2 0.7451171875 0.03125 0.0087890625 0.0263671875
0 0.6259765625 0.4482421875 0.103515625 0.234375
0 0.75 0.4482421875 0.1025390625 0.2314453125
2 0.7158203125 0.015625 0.013671875 0.03125