2 0.7333984375 0.173828125 0.017578125 0.05859375
3 0.455078125 0.06640625 0.0751953125 0.1298828125
0 0.541015625 0.0576171875 0.037109375 0.08203125
0 0.3759765625 0.138671875 0.0576171875 0.142578125
0 0.5888671875 0.19921875 0.07421875 0.1376953125
0 0.419921875 0.2138671875 0.0693359375 0.1708984375
0 0.5693359375 0.1015625 0.0498046875 0.0966796875
0 0.25 0.046875 0.044921875 0.076171875
2 0.77734375 0.23828125 0.0263671875 0.0859375
0 0.7197265625 0.296875 0.080078125 0.138671875
0 0.5107421875 0.3359375 0.087890625 0.205078125
0 0.7041015625 0.1875 0.064453125 0.1162109375
2 0.09375 0.0634765625 0.01171875 0.037109375
2 0.5205078125 0.103515625 0.017578125 0.0498046875
2 0.4326171875 0.1201171875 0.0224609375 0.0244140625
3 0.64453125 0.0888671875 0.0810546875 0.1767578125
0 0.29296875 0.4384765625 0.123046875 0.28125
0 0.4853515625 0.1689453125 0.064453125 0.130859375
0 0.4267578125 0.46484375 0.109375 0.265625
0 0.6533203125 0.44921875 0.1025390625 0.275390625
3 0.693359375 0.064453125 0.0400390625 0.1181640625
0 0.8798828125 0.375 0.07421875 0.1884765625
2 0.3408203125 0.16796875 0.021484375 0.0556640625
2 0.71484375 0.015625 0.009765625 0.0302734375
0 0.171875 0.0576171875 0.0341796875 0.076171875
2 0.501953125 0.0556640625 0.017578125 0.0625
0 0.8515625 0.6025390625 0.125 0.333984375
2 0.7314453125 0.1298828125 0.0224609375 0.044921875
0 0.7978515625 0.396484375 0.09765625 0.197265625
2 0.2880859375 0.2529296875 0.021484375 0.0517578125
2 0.3046875 0.2158203125 0.025390625 0.052734375
2 0.12890625 0.021484375 0.0224609375 0.04296875
2 0.8193359375 0.2626953125 0.0107421875 0.0615234375
2 0.203125 0.2490234375 0.013671875 0.05078125
2 0.12890625 0.05859375 0.013671875 0.0419921875
2 0.7421875 0.0322265625 0.0107421875 0.0263671875
0 0.234375 0.6865234375 0.1552734375 0.376953125
2 0.5146484375 0.0400390625 0.015625 0.044921875
3 0.5908203125 0.0166015625 0.03125 0.0322265625
3 0.6171875 0.7900390625 0.3740234375 0.41796875