2 0.13671875 0.017578125 0.0146484375 0.03125
2 0.86328125 0.4072265625 0.02734375 0.072265625
2 0.888671875 0.3955078125 0.0283203125 0.091796875
0 0.515625 0.0361328125 0.046875 0.072265625
0 0.251953125 0.0517578125 0.0546875 0.08984375
0 0.578125 0.1337890625 0.0595703125 0.1279296875
0 0.7099609375 0.2275390625 0.0654296875 0.134765625
2 0.5078125 0.169921875 0.0244140625 0.064453125
0 0.5751953125 0.0478515625 0.0458984375 0.0654296875
0 0.6484375 0.150390625 0.060546875 0.130859375
0 0.5224609375 0.107421875 0.05078125 0.1025390625
0 0.173828125 0.041015625 0.0380859375 0.0634765625
2 0.0947265625 0.23828125 0.0234375 0.080078125
0 0.8427734375 0.564453125 0.1103515625 0.3173828125
2 0.404296875 0.591796875 0.0546875 0.1923828125
0 0.7998046875 0.294921875 0.091796875 0.169921875
2 0.59765625 0.5888671875 0.0517578125 0.1787109375
0 0.1171875 0.119140625 0.044921875 0.103515625
0 0.3896484375 0.091796875 0.0517578125 0.103515625
2 0.591796875 0.4638671875 0.0400390625 0.09765625
2 0.41015625 0.923828125 0.0712890625 0.1435546875
0 0.3310546875 0.3271484375 0.1005859375 0.228515625
0 0.4462890625 0.298828125 0.0888671875 0.2392578125
2 0.4326171875 0.1142578125 0.015625 0.0673828125
2 0.6474609375 0.0126953125 0.0166015625 0.025390625
0 0.517578125 0.6064453125 0.1318359375 0.3779296875
2 0.4912109375 0.125 0.0166015625 0.06640625
0 0.45703125 0.0400390625 0.0478515625 0.080078125
0 0.4619140625 0.1416015625 0.0576171875 0.1142578125
0 0.150390625 0.08203125 0.03515625 0.05078125
0 0.6220703125 0.318359375 0.0947265625 0.2333984375
0 0.2841796875 0.6201171875 0.15625 0.4111328125
0 0.16796875 0.15625 0.07421875 0.1513671875
2 0.5693359375 0.412109375 0.029296875 0.0966796875
0 0.732421875 0.6875 0.1630859375 0.4169921875
2 0.68359375 0.0224609375 0.0146484375 0.044921875
0 0.22265625 0.8955078125 0.2041015625 0.19921875
2 0.52734375 0.373046875 0.041015625 0.09765625
0 0.35546875 0.185546875 0.068359375 0.115234375
0 0.6015625 0.013671875 0.0380859375 0.02734375
2 0.26953125 0.015625 0.017578125 0.0302734375
2 0.505859375 0.2802734375 0.033203125 0.111328125