2 0.46875 0.03515625 0.0146484375 0.04296875
2 0.7373046875 0.1806640625 0.01953125 0.0576171875
2 0.5048828125 0.1689453125 0.025390625 0.0712890625
2 0.607421875 0.0166015625 0.01171875 0.03125
2 0.4140625 0.021484375 0.0146484375 0.04296875
2 0.623046875 0.1162109375 0.013671875 0.0458984375
2 0.4794921875 0.357421875 0.0390625 0.09765625
3 0.779296875 0.5751953125 0.244140625 0.599609375
2 0.5419921875 0.201171875 0.025390625 0.07421875
0 0.5908203125 0.2578125 0.0771484375 0.181640625
2 0.892578125 0.373046875 0.0341796875 0.0888671875
2 0.845703125 0.279296875 0.0263671875 0.072265625
2 0.685546875 0.1396484375 0.01953125 0.0478515625
2 0.583984375 0.013671875 0.009765625 0.0263671875
0 0.353515625 0.1630859375 0.072265625 0.1474609375
0 0.47265625 0.2412109375 0.07421875 0.1611328125
0 0.6435546875 0.416015625 0.0625 0.2568359375
2 0.744140625 0.0322265625 0.009765625 0.0263671875
2 0.794921875 0.1650390625 0.0234375 0.0615234375
2 0.6484375 0.0576171875 0.0146484375 0.0478515625
0 0.287109375 0.41796875 0.111328125 0.28125
0 0.4189453125 0.5458984375 0.1259765625 0.34765625
0 0.6845703125 0.2138671875 0.08984375 0.162109375
2 0.62109375 0.0390625 0.01171875 0.0234375
0 0.5986328125 0.673828125 0.142578125 0.4140625
2 0.7138671875 0.0166015625 0.0126953125 0.033203125
2 0.59765625 0.0068359375 0.009765625 0.0126953125
2 0.3095703125 0.013671875 0.01953125 0.02734375