2 0.537109375 0.53515625 0.0576171875 0.15234375
0 0.619140625 0.072265625 0.0517578125 0.12109375
2 0.50390625 0.1845703125 0.03125 0.0732421875
0 0.521484375 0.0517578125 0.0498046875 0.083984375
0 0.580078125 0.0537109375 0.0478515625 0.0712890625
0 0.5712890625 0.234375 0.0703125 0.1591796875
2 0.4072265625 0.728515625 0.0595703125 0.2236328125
2 0.7763671875 0.1845703125 0.01953125 0.0625
2 0.5927734375 0.517578125 0.03515625 0.09765625
0 0.70703125 0.2451171875 0.0654296875 0.1533203125
2 0.6201171875 0.6357421875 0.0498046875 0.12890625
0 0.8046875 0.3017578125 0.08984375 0.169921875
2 0.9013671875 0.4658203125 0.03125 0.1396484375
2 0.6376953125 0.8037109375 0.0654296875 0.21875
0 0.3916015625 0.08984375 0.0546875 0.099609375
2 0.8837890625 0.3955078125 0.0263671875 0.068359375
0 0.654296875 0.1630859375 0.06640625 0.1416015625
0 0.16796875 0.07421875 0.0478515625 0.091796875
0 0.4482421875 0.3603515625 0.09765625 0.26953125
0 0.2216796875 0.0791015625 0.0712890625 0.1259765625
2 0.5302734375 0.4052734375 0.044921875 0.1083984375
2 0.173828125 0.1455078125 0.0224609375 0.0625
0 0.845703125 0.578125 0.1376953125 0.3291015625
0 0.345703125 0.21875 0.076171875 0.1376953125
2 0.640625 0.015625 0.013671875 0.03125
0 0.54296875 0.8076171875 0.1689453125 0.3720703125
0 0.4560546875 0.0498046875 0.048828125 0.0908203125
0 0.322265625 0.3828125 0.109375 0.2607421875
0 0.638671875 0.3740234375 0.1015625 0.263671875
0 0.462890625 0.1669921875 0.060546875 0.125
2 0.689453125 0.0185546875 0.013671875 0.037109375
2 0.4248046875 0.1396484375 0.0205078125 0.087890625
2 0.1259765625 0.029296875 0.015625 0.03125
0 0.26171875 0.7509765625 0.1787109375 0.4775390625
0 0.599609375 0.015625 0.0380859375 0.03125
3 0.283203125 0.0244140625 0.0458984375 0.0478515625
0 0.8134765625 0.8515625 0.2041015625 0.2841796875
2 0.498046875 0.2548828125 0.021484375 0.0751953125
2 0.5361328125 0.0146484375 0.0146484375 0.0283203125
0 0.71484375 0.125 0.0625 0.103515625
3 0.1025390625 0.1240234375 0.0380859375 0.171875
0 0.392578125 0.0283203125 0.04296875 0.052734375
2 0.5087890625 0.1328125 0.0234375 0.060546875
2 0.732421875 0.0244140625 0.0234375 0.0361328125