2 0.5927734375 0.119140625 0.0205078125 0.0712890625
3 0.779296875 0.5732421875 0.2412109375 0.60546875
2 0.4931640625 0.18359375 0.0244140625 0.0625
0 0.384765625 0.0546875 0.0478515625 0.0654296875
0 0.421875 0.298828125 0.083984375 0.1591796875
2 0.7734375 0.2548828125 0.025390625 0.05078125
0 0.5439453125 0.18359375 0.0654296875 0.1357421875
0 0.626953125 0.1474609375 0.05859375 0.1103515625
2 0.357421875 0.0439453125 0.017578125 0.04296875
2 0.5107421875 0.05859375 0.0185546875 0.0830078125
0 0.3388671875 0.265625 0.080078125 0.1669921875
0 0.3505859375 0.1533203125 0.0673828125 0.099609375
2 0.427734375 0.0390625 0.015625 0.04296875
0 0.58984375 0.2724609375 0.08203125 0.1806640625
0 0.4619140625 0.0712890625 0.0458984375 0.0810546875
2 0.4013671875 0.1083984375 0.0244140625 0.064453125
2 0.6513671875 0.0849609375 0.017578125 0.048828125
0 0.2880859375 0.421875 0.1171875 0.2783203125
0 0.6943359375 0.23046875 0.0791015625 0.103515625
2 0.634765625 0.2607421875 0.0205078125 0.0625
2 0.4072265625 0.2041015625 0.025390625 0.05078125
2 0.453125 0.0146484375 0.013671875 0.029296875
2 0.744140625 0.2451171875 0.0361328125 0.0634765625
2 0.4755859375 0.36328125 0.0322265625 0.0947265625
2 0.388671875 0.1513671875 0.0234375 0.0556640625
2 0.572265625 0.1142578125 0.0107421875 0.0458984375
0 0.4384765625 0.150390625 0.0673828125 0.12890625
2 0.3564453125 0.3681640625 0.0302734375 0.095703125
0 0.4169921875 0.548828125 0.12890625 0.353515625
0 0.63671875 0.419921875 0.05859375 0.251953125
3 0.544921875 0.0615234375 0.0673828125 0.1220703125
0 0.1591796875 0.01953125 0.0263671875 0.0390625
2 0.1474609375 0.076171875 0.0166015625 0.07421875
2 0.7724609375 0.189453125 0.0224609375 0.0625
2 0.7412109375 0.025390625 0.01171875 0.041015625
0 0.5986328125 0.673828125 0.142578125 0.4189453125
2 0.90625 0.3974609375 0.0205078125 0.060546875
3 0.8330078125 0.3095703125 0.099609375 0.19140625
0 0.626953125 0.03125 0.0380859375 0.0625
2 0.4267578125 0.21484375 0.025390625 0.0302734375
2 0.1220703125 0.0400390625 0.0126953125 0.03125
2 0.3818359375 0.2119140625 0.0302734375 0.05078125
2 0.80078125 0.302734375 0.0302734375 0.0556640625
3 0.8935546875 0.69140625 0.044921875 0.3291015625