2 0.7109375 0.1552734375 0.017578125 0.05078125
2 0.6728515625 0.109375 0.0146484375 0.0400390625
2 0.7578125 0.1416015625 0.0185546875 0.041015625
2 0.6875 0.1015625 0.0146484375 0.0439453125
2 0.6337890625 0.0322265625 0.013671875 0.04296875
0 0.6640625 0.1884765625 0.06640625 0.1337890625
0 0.7470703125 0.203125 0.0693359375 0.146484375
2 0.833984375 0.2568359375 0.0234375 0.072265625
0 0.1650390625 0.0615234375 0.0419921875 0.087890625
0 0.3857421875 0.107421875 0.0625 0.1162109375
0 0.533203125 0.3447265625 0.087890625 0.1923828125
0 0.8623046875 0.6767578125 0.1083984375 0.3671875
0 0.2919921875 0.4443359375 0.1142578125 0.2841796875
0 0.5908203125 0.7099609375 0.140625 0.3681640625
0 0.2353515625 0.6796875 0.154296875 0.3720703125
2 0.2314453125 0.044921875 0.0185546875 0.044921875
0 0.7412109375 0.6943359375 0.1513671875 0.3271484375
2 0.7177734375 0.017578125 0.0146484375 0.0302734375