0 0.537109375 0.1376953125 0.056640625 0.126953125
3 0.3427734375 0.2822265625 0.107421875 0.2529296875
2 0.392578125 0.44921875 0.044921875 0.158203125
0 0.5087890625 0.029296875 0.033203125 0.05859375
2 0.8994140625 0.3408203125 0.033203125 0.1201171875
0 0.609375 0.09765625 0.046875 0.076171875
2 0.7333984375 0.12890625 0.01953125 0.041015625
0 0.16015625 0.0712890625 0.0517578125 0.09375
0 0.3662109375 0.1337890625 0.064453125 0.10546875
0 0.6259765625 0.0283203125 0.033203125 0.056640625
0 0.6728515625 0.224609375 0.0615234375 0.1513671875
2 0.8046875 0.1767578125 0.0185546875 0.03515625
2 0.8466796875 0.25390625 0.033203125 0.056640625
0 0.236328125 0.05859375 0.0517578125 0.0791015625
3 0.771484375 0.3984375 0.1298828125 0.2822265625
0 0.26953125 0.0244140625 0.0322265625 0.048828125
0 0.484375 0.4677734375 0.1181640625 0.244140625
0 0.1220703125 0.2314453125 0.080078125 0.1416015625
3 0.4638671875 0.0703125 0.068359375 0.1396484375
0 0.5673828125 0.033203125 0.033203125 0.06640625
2 0.763671875 0.1640625 0.01953125 0.0478515625
3 0.6337890625 0.4619140625 0.1376953125 0.32421875
0 0.7998046875 0.2412109375 0.08984375 0.1220703125
2 0.4130859375 0.275390625 0.0263671875 0.068359375
2 0.2236328125 0.017578125 0.01171875 0.03125
0 0.47265625 0.2763671875 0.0927734375 0.2001953125
2 0.1513671875 0.0146484375 0.0126953125 0.029296875
0 0.2705078125 0.6806640625 0.1455078125 0.326171875
0 0.6865234375 0.1171875 0.0673828125 0.0849609375
2 0.873046875 0.2763671875 0.0224609375 0.0517578125
0 0.205078125 0.1162109375 0.0625 0.076171875
3 0.7685546875 0.72265625 0.2177734375 0.53515625
0 0.58203125 0.1875 0.0703125 0.1337890625
0 0.0966796875 0.126953125 0.0322265625 0.0859375
2 0.8974609375 0.2763671875 0.0185546875 0.046875
2 0.8173828125 0.19140625 0.0166015625 0.0419921875
0 0.7294921875 0.1943359375 0.06640625 0.0927734375
2 0.6611328125 0.044921875 0.013671875 0.033203125
2 0.908203125 0.435546875 0.0166015625 0.099609375