0 0.662109375 0.0419921875 0.0419921875 0.06640625
2 0.6416015625 0.0908203125 0.0185546875 0.041015625
2 0.865234375 0.27734375 0.0302734375 0.05859375
2 0.8154296875 0.26953125 0.0390625 0.0615234375
2 0.48828125 0.0673828125 0.01953125 0.0537109375
2 0.7900390625 0.244140625 0.02734375 0.0458984375
2 0.4130859375 0.1513671875 0.0244140625 0.0810546875
2 0.4091796875 0.0205078125 0.0146484375 0.0361328125
2 0.57421875 0.0478515625 0.013671875 0.041015625
2 0.7578125 0.23046875 0.0234375 0.0576171875
2 0.6708984375 0.1318359375 0.017578125 0.0419921875
2 0.90234375 0.3154296875 0.021484375 0.064453125
0 0.5390625 0.13671875 0.0576171875 0.123046875
0 0.6298828125 0.166015625 0.060546875 0.1259765625
2 0.75390625 0.1259765625 0.0185546875 0.037109375
0 0.716796875 0.287109375 0.0771484375 0.1640625
0 0.87109375 0.3818359375 0.08203125 0.158203125
2 0.6943359375 0.14453125 0.01953125 0.044921875
0 0.1650390625 0.0625 0.04296875 0.0888671875
0 0.537109375 0.0498046875 0.0458984375 0.0625
2 0.810546875 0.208984375 0.0126953125 0.0458984375
3 0.4755859375 0.26171875 0.0947265625 0.271484375
3 0.640625 0.4560546875 0.1357421875 0.310546875
2 0.6953125 0.0419921875 0.0107421875 0.0302734375
3 0.76953125 0.7216796875 0.220703125 0.5390625
0 0.607421875 0.0625 0.0419921875 0.078125
2 0.6748046875 0.0107421875 0.0087890625 0.021484375
2 0.8466796875 0.4326171875 0.0205078125 0.0556640625
2 0.6376953125 0.0400390625 0.0107421875 0.029296875
0 0.3447265625 0.25 0.0927734375 0.21875
0 0.484375 0.7138671875 0.1474609375 0.3828125
0 0.271484375 0.67578125 0.146484375 0.3291015625
2 0.6591796875 0.095703125 0.015625 0.0517578125
0 0.6875 0.09765625 0.0458984375 0.0771484375
0 0.580078125 0.2998046875 0.0849609375 0.185546875
2 0.8251953125 0.220703125 0.01953125 0.0595703125