0 0.771484375 0.4482421875 0.115234375 0.2509765625
0 0.671875 0.2119140625 0.076171875 0.138671875
0 0.5849609375 0.029296875 0.0400390625 0.05859375
0 0.8544921875 0.6533203125 0.123046875 0.3486328125
2 0.728515625 0.1689453125 0.029296875 0.103515625
3 0.8388671875 0.3232421875 0.1123046875 0.2001953125
0 0.6484375 0.3916015625 0.1064453125 0.2451171875
0 0.5830078125 0.2529296875 0.0859375 0.220703125
0 0.27734375 0.5869140625 0.1416015625 0.361328125
0 0.4541015625 0.3916015625 0.1083984375 0.2412109375
0 0.708984375 0.7109375 0.1650390625 0.373046875
2 0.634765625 0.0341796875 0.0146484375 0.041015625
0 0.462890625 0.0185546875 0.03515625 0.037109375
0 0.1025390625 0.14453125 0.0419921875 0.103515625
0 0.494140625 0.6328125 0.1298828125 0.3291015625
3 0.3125 0.3125 0.1337890625 0.3486328125
2 0.896484375 0.3330078125 0.041015625 0.1220703125
2 0.7431640625 0.0322265625 0.01171875 0.029296875