2 0.6005859375 0.1318359375 0.021484375 0.0712890625
2 0.736328125 0.193359375 0.025390625 0.07421875
2 0.40234375 0.142578125 0.025390625 0.080078125
2 0.6376953125 0.0537109375 0.017578125 0.0400390625
2 0.70703125 0.1220703125 0.01953125 0.056640625
0 0.359375 0.12109375 0.0546875 0.09765625
0 0.541015625 0.107421875 0.046875 0.1005859375
2 0.4013671875 0.078125 0.025390625 0.056640625
0 0.353515625 0.2451171875 0.07421875 0.1904296875
2 0.673828125 0.1201171875 0.01953125 0.06640625
2 0.365234375 0.052734375 0.0224609375 0.05078125
0 0.6474609375 0.1328125 0.05078125 0.109375
0 0.3291015625 0.4150390625 0.1103515625 0.240234375
2 0.638671875 0.0185546875 0.013671875 0.037109375
2 0.8935546875 0.5712890625 0.0458984375 0.1396484375
2 0.5654296875 0.6904296875 0.046875 0.1025390625
0 0.625 0.314453125 0.0888671875 0.197265625
2 0.736328125 0.951171875 0.0703125 0.09375
0 0.58984375 0.8671875 0.169921875 0.255859375
2 0.6748046875 0.21875 0.0205078125 0.0771484375
2 0.8037109375 0.310546875 0.0263671875 0.080078125
2 0.7685546875 0.23828125 0.021484375 0.0703125
2 0.8515625 0.8974609375 0.068359375 0.1318359375
3 0.4873046875 0.337890625 0.1396484375 0.5205078125
0 0.4404296875 0.1484375 0.0517578125 0.1298828125
3 0.724609375 0.6201171875 0.13671875 0.279296875
0 0.2041015625 0.8095703125 0.201171875 0.369140625
2 0.51953125 0.0146484375 0.01171875 0.0283203125
2 0.5546875 0.3525390625 0.0224609375 0.1123046875
2 0.50390625 0.10546875 0.01171875 0.044921875
2 0.4208984375 0.06640625 0.0205078125 0.05078125