2 0.8486328125 0.4150390625 0.0361328125 0.0869140625
2 0.619140625 0.3994140625 0.033203125 0.1171875
2 0.365234375 0.1240234375 0.0166015625 0.0595703125
2 0.48046875 0.470703125 0.0322265625 0.1201171875
0 0.6357421875 0.2802734375 0.0791015625 0.1630859375
2 0.673828125 0.1064453125 0.0126953125 0.0498046875
2 0.7197265625 0.3408203125 0.0283203125 0.078125
0 0.494140625 0.171875 0.0595703125 0.1376953125
2 0.0888671875 0.0966796875 0.013671875 0.0498046875
0 0.4208984375 0.169921875 0.0634765625 0.1240234375
0 0.328125 0.298828125 0.1005859375 0.2041015625
0 0.80078125 0.455078125 0.1083984375 0.24609375
0 0.5341796875 0.3427734375 0.08984375 0.201171875
3 0.712890625 0.189453125 0.0859375 0.19921875
2 0.8876953125 0.44921875 0.0390625 0.08984375
0 0.140625 0.1953125 0.0859375 0.14453125
0 0.685546875 0.443359375 0.09375 0.248046875
2 0.1513671875 0.0224609375 0.0146484375 0.0302734375
2 0.78515625 0.32421875 0.0234375 0.0439453125
0 0.5107421875 0.0263671875 0.0234375 0.0517578125
3 0.5703125 0.0849609375 0.103515625 0.169921875
2 0.677734375 0.291015625 0.017578125 0.0615234375
2 0.2578125 0.021484375 0.0166015625 0.0380859375
0 0.7958984375 0.2109375 0.076171875 0.1337890625
2 0.123046875 0.0556640625 0.0146484375 0.05078125
0 0.634765625 0.1142578125 0.0361328125 0.0751953125
0 0.8623046875 0.6689453125 0.1064453125 0.3720703125
2 0.2861328125 0.2705078125 0.02734375 0.0673828125
2 0.10546875 0.0595703125 0.0146484375 0.046875
2 0.748046875 0.3203125 0.02734375 0.060546875
2 0.6552734375 0.083984375 0.0146484375 0.0498046875
0 0.591796875 0.70703125 0.142578125 0.369140625
2 0.7197265625 0.01953125 0.0126953125 0.02734375
2 0.3662109375 0.0751953125 0.0126953125 0.0380859375
2 0.2451171875 0.015625 0.01171875 0.03125
0 0.236328125 0.6767578125 0.1533203125 0.3759765625
0 0.7412109375 0.6865234375 0.1513671875 0.3466796875
2 0.130859375 0.017578125 0.0244140625 0.0341796875
0 0.4208984375 0.529296875 0.1181640625 0.30078125
2 0.7421875 0.0302734375 0.0087890625 0.0263671875
2 0.279296875 0.0126953125 0.013671875 0.025390625
2 0.388671875 0.4111328125 0.03515625 0.1044921875
2 0.423828125 0.34375 0.0419921875 0.091796875
2 0.19140625 0.0166015625 0.015625 0.0322265625