2 0.6220703125 0.033203125 0.013671875 0.0380859375
0 0.5390625 0.125 0.0625 0.142578125
2 0.6611328125 0.123046875 0.0166015625 0.0517578125
2 0.662109375 0.048828125 0.01171875 0.037109375
0 0.587890625 0.1962890625 0.0712890625 0.1396484375
2 0.76171875 0.1611328125 0.0234375 0.0693359375
0 0.720703125 0.1416015625 0.0673828125 0.109375
2 0.6904296875 0.0283203125 0.0146484375 0.03515625
0 0.6767578125 0.2265625 0.064453125 0.1513671875
0 0.56640625 0.048828125 0.048828125 0.0791015625
2 0.607421875 0.0166015625 0.0107421875 0.0322265625
2 0.48828125 0.091796875 0.017578125 0.052734375
3 0.642578125 0.462890625 0.1337890625 0.302734375
0 0.8544921875 0.3525390625 0.0732421875 0.14453125
2 0.7314453125 0.029296875 0.021484375 0.037109375
0 0.2685546875 0.6787109375 0.1416015625 0.328125
3 0.7724609375 0.373046875 0.123046875 0.224609375
2 0.103515625 0.056640625 0.0166015625 0.0517578125
3 0.76953125 0.7177734375 0.22265625 0.5361328125
0 0.8310546875 0.2294921875 0.0859375 0.1279296875
0 0.4736328125 0.2177734375 0.0732421875 0.1513671875
0 0.5146484375 0.0244140625 0.0390625 0.0478515625
0 0.322265625 0.466796875 0.0966796875 0.2587890625
2 0.765625 0.1162109375 0.0166015625 0.037109375
0 0.4833984375 0.705078125 0.1474609375 0.3798828125
2 0.4296875 0.0146484375 0.0107421875 0.025390625
2 0.7587890625 0.0341796875 0.0107421875 0.02734375
2 0.5146484375 0.0927734375 0.0078125 0.05078125