2 0.7314453125 0.1962890625 0.0244140625 0.060546875
2 0.67578125 0.12109375 0.0185546875 0.05078125
2 0.6064453125 0.0322265625 0.013671875 0.041015625
2 0.62109375 0.10546875 0.01953125 0.056640625
2 0.5927734375 0.0498046875 0.015625 0.0458984375
2 0.830078125 0.4453125 0.0390625 0.1240234375
3 0.5283203125 0.654296875 0.1591796875 0.560546875
2 0.1806640625 0.8349609375 0.0703125 0.2099609375
2 0.7431640625 0.0322265625 0.0087890625 0.0263671875
0 0.4384765625 0.294921875 0.0888671875 0.2109375
0 0.3154296875 0.517578125 0.1337890625 0.34375
0 0.544921875 0.115234375 0.052734375 0.1005859375
0 0.8349609375 0.7998046875 0.1533203125 0.3828125
2 0.71484375 0.0166015625 0.01171875 0.0322265625
0 0.1796875 0.0537109375 0.0234375 0.0751953125