2 0.6396484375 0.1162109375 0.0205078125 0.0625
2 0.6005859375 0.021484375 0.0166015625 0.037109375
2 0.802734375 0.23828125 0.0283203125 0.080078125
2 0.654296875 0.1982421875 0.01953125 0.0703125
2 0.5068359375 0.205078125 0.0244140625 0.0703125
2 0.671875 0.1572265625 0.0224609375 0.0634765625
2 0.5673828125 0.017578125 0.0126953125 0.03125
2 0.6220703125 0.0791015625 0.017578125 0.0517578125
2 0.619140625 0.3974609375 0.0302734375 0.11328125
2 0.67578125 0.09375 0.01953125 0.0419921875
2 0.63671875 0.013671875 0.017578125 0.0263671875
2 0.6865234375 0.29296875 0.0263671875 0.060546875
2 0.0947265625 0.0751953125 0.013671875 0.0498046875
0 0.5341796875 0.3427734375 0.0859375 0.1923828125
0 0.80078125 0.4541015625 0.1103515625 0.2412109375
2 0.1162109375 0.0625 0.013671875 0.044921875
0 0.5771484375 0.1640625 0.0615234375 0.1318359375
0 0.2919921875 0.439453125 0.12109375 0.283203125
2 0.4208984375 0.3310546875 0.0263671875 0.091796875
0 0.8623046875 0.6728515625 0.107421875 0.3681640625
0 0.474609375 0.0556640625 0.0458984375 0.1005859375
2 0.71484375 0.015625 0.013671875 0.03125
0 0.451171875 0.154296875 0.0615234375 0.1337890625
2 0.478515625 0.45703125 0.0361328125 0.142578125
0 0.236328125 0.677734375 0.154296875 0.3759765625
0 0.5224609375 0.0498046875 0.04296875 0.09375
0 0.591796875 0.70703125 0.1435546875 0.3681640625
2 0.2333984375 0.0341796875 0.0146484375 0.0361328125
0 0.6826171875 0.44140625 0.0927734375 0.248046875
2 0.720703125 0.3515625 0.0263671875 0.0556640625
0 0.4208984375 0.53515625 0.1162109375 0.2939453125
2 0.619140625 0.03125 0.0224609375 0.0537109375
0 0.740234375 0.6826171875 0.1513671875 0.341796875
0 0.9072265625 0.4970703125 0.021484375 0.1044921875
2 0.74609375 0.0283203125 0.013671875 0.037109375