2 0.765625 0.1787109375 0.021484375 0.064453125
2 0.6552734375 0.1181640625 0.021484375 0.0546875
2 0.640625 0.0888671875 0.015625 0.0419921875
0 0.669921875 0.2138671875 0.07421875 0.1435546875
0 0.76953125 0.4482421875 0.1142578125 0.2490234375
2 0.1171875 0.0478515625 0.0146484375 0.0439453125
0 0.8525390625 0.6513671875 0.1259765625 0.3505859375
2 0.16015625 0.017578125 0.013671875 0.0341796875
3 0.8369140625 0.3232421875 0.11328125 0.197265625
0 0.5703125 0.185546875 0.06640625 0.1103515625
2 0.5869140625 0.0078125 0.01171875 0.015625
0 0.646484375 0.3896484375 0.1044921875 0.244140625
2 0.654296875 0.0380859375 0.0126953125 0.0263671875
0 0.4521484375 0.361328125 0.1025390625 0.232421875
2 0.611328125 0.0126953125 0.0107421875 0.025390625
0 0.705078125 0.7109375 0.1640625 0.3720703125
2 0.73828125 0.0322265625 0.0078125 0.0263671875
2 0.6552734375 0.0703125 0.0146484375 0.046875
0 0.275390625 0.5859375 0.1455078125 0.3662109375
2 0.9013671875 0.36328125 0.03125 0.0693359375
2 0.7919921875 0.228515625 0.0205078125 0.0498046875
2 0.7138671875 0.01953125 0.0146484375 0.0322265625
0 0.4921875 0.6318359375 0.130859375 0.3251953125
2 0.666015625 0.2919921875 0.0224609375 0.0458984375