2 0.7021484375 0.1591796875 0.0234375 0.0654296875
2 0.4013671875 0.2021484375 0.029296875 0.095703125
2 0.5673828125 0.0146484375 0.017578125 0.029296875
3 0.6015625 0.1689453125 0.095703125 0.255859375
2 0.50390625 0.3115234375 0.03125 0.0966796875
0 0.3837890625 0.0732421875 0.0537109375 0.091796875
0 0.3525390625 0.1787109375 0.076171875 0.15234375
2 0.6005859375 0.0224609375 0.017578125 0.0439453125
2 0.7353515625 0.1591796875 0.0322265625 0.0703125
0 0.5009765625 0.1689453125 0.0625 0.1494140625
2 0.3701171875 0.384765625 0.0380859375 0.1123046875
2 0.4228515625 0.1025390625 0.017578125 0.0537109375
2 0.7763671875 0.220703125 0.02734375 0.046875
2 0.23046875 0.7255859375 0.0673828125 0.16015625
2 0.5830078125 0.0146484375 0.0126953125 0.0283203125
2 0.419921875 0.166015625 0.0205078125 0.068359375
2 0.5126953125 0.8974609375 0.0654296875 0.1875
2 0.39453125 0.326171875 0.0234375 0.0556640625
0 0.451171875 0.2353515625 0.078125 0.146484375
0 0.7939453125 0.34375 0.095703125 0.205078125
2 0.6162109375 0.0302734375 0.0224609375 0.0380859375
0 0.66015625 0.138671875 0.03515625 0.1181640625
0 0.2919921875 0.4462890625 0.1142578125 0.2509765625
0 0.525390625 0.0234375 0.0380859375 0.046875
3 0.4697265625 0.0478515625 0.052734375 0.095703125
2 0.533203125 0.1494140625 0.01953125 0.068359375
0 0.443359375 0.60546875 0.1328125 0.3232421875
0 0.8779296875 0.3251953125 0.0771484375 0.1904296875
0 0.6611328125 0.6220703125 0.1357421875 0.365234375
0 0.1103515625 0.142578125 0.0595703125 0.1064453125
0 0.5908203125 0.38671875 0.095703125 0.20703125
0 0.166015625 0.0595703125 0.0498046875 0.09375
0 0.3974609375 0.0234375 0.0380859375 0.0458984375
2 0.548828125 0.0625 0.0302734375 0.078125
2 0.7431640625 0.03125 0.009765625 0.0263671875
2 0.1396484375 0.025390625 0.021484375 0.046875
2 0.4189453125 0.30078125 0.0341796875 0.068359375
0 0.890625 0.5068359375 0.0537109375 0.1748046875
0 0.1728515625 0.908203125 0.1748046875 0.1806640625
2 0.712890625 0.015625 0.013671875 0.03125