2 0.6513671875 0.1376953125 0.017578125 0.0556640625
3 0.7109375 0.2177734375 0.115234375 0.2978515625
3 0.2158203125 0.625 0.205078125 0.6513671875
0 0.3125 0.3662109375 0.08203125 0.2529296875
2 0.7421875 0.0341796875 0.0107421875 0.0263671875
0 0.818359375 0.390625 0.0966796875 0.2109375
3 0.45703125 0.0322265625 0.0556640625 0.0634765625
2 0.552734375 0.0439453125 0.0107421875 0.0361328125
0 0.583984375 0.1806640625 0.06640625 0.138671875
0 0.541015625 0.109375 0.0517578125 0.115234375
0 0.6181640625 0.31640625 0.0869140625 0.185546875
0 0.8076171875 0.2392578125 0.0859375 0.166015625
0 0.505859375 0.0146484375 0.033203125 0.029296875
0 0.5732421875 0.017578125 0.033203125 0.03515625
3 0.365234375 0.0830078125 0.0703125 0.16015625
2 0.6162109375 0.033203125 0.0146484375 0.0361328125
0 0.66015625 0.4873046875 0.1083984375 0.27734375
0 0.7021484375 0.771484375 0.169921875 0.4404296875
0 0.8642578125 0.6279296875 0.10546875 0.2529296875
2 0.0888671875 0.06640625 0.015625 0.0517578125
2 0.5322265625 0.0126953125 0.013671875 0.025390625
3 0.3984375 0.0458984375 0.0185546875 0.0888671875
3 0.4619140625 0.4013671875 0.212890625 0.6923828125