2 0.724609375 0.1044921875 0.017578125 0.0537109375
0 0.541015625 0.138671875 0.05859375 0.1240234375
3 0.3447265625 0.283203125 0.10546875 0.2666015625
0 0.6923828125 0.087890625 0.0546875 0.091796875
2 0.576171875 0.111328125 0.0224609375 0.044921875
2 0.77734375 0.2412109375 0.02734375 0.0478515625
0 0.6328125 0.1640625 0.056640625 0.12890625
2 0.7080078125 0.150390625 0.0205078125 0.0625
2 0.666015625 0.1318359375 0.0224609375 0.046875
0 0.607421875 0.095703125 0.0458984375 0.083984375
2 0.810546875 0.2724609375 0.03125 0.0576171875
0 0.5361328125 0.0556640625 0.048828125 0.0712890625
2 0.654296875 0.1005859375 0.013671875 0.04296875
0 0.759765625 0.16796875 0.0732421875 0.1259765625
0 0.6767578125 0.2236328125 0.0673828125 0.15234375
3 0.7744140625 0.3984375 0.1337890625 0.2744140625
0 0.63671875 0.02734375 0.0390625 0.0546875
2 0.4072265625 0.2578125 0.02734375 0.091796875
0 0.873046875 0.3212890625 0.0859375 0.162109375
3 0.4765625 0.2705078125 0.0927734375 0.2587890625
0 0.150390625 0.021484375 0.0380859375 0.04296875
2 0.1220703125 0.1669921875 0.0234375 0.068359375
3 0.4638671875 0.05859375 0.05859375 0.1171875
0 0.47265625 0.140625 0.0615234375 0.078125
3 0.6416015625 0.4599609375 0.1328125 0.3095703125
2 0.73046875 0.0361328125 0.029296875 0.044921875
2 0.8544921875 0.431640625 0.03515625 0.05859375
3 0.76953125 0.720703125 0.220703125 0.53515625
0 0.2314453125 0.0244140625 0.0302734375 0.048828125
0 0.484375 0.7158203125 0.1484375 0.3779296875
0 0.2724609375 0.6787109375 0.146484375 0.32421875
2 0.21484375 0.125 0.0224609375 0.0791015625
0 0.580078125 0.2978515625 0.0849609375 0.19140625
2 0.7734375 0.107421875 0.0107421875 0.0302734375
2 0.794921875 0.2109375 0.02734375 0.0556640625
0 0.6015625 0.0322265625 0.029296875 0.0419921875