2 0.6962890625 0.2099609375 0.021484375 0.0654296875
2 0.7197265625 0.1298828125 0.0185546875 0.0556640625
2 0.7939453125 0.2802734375 0.029296875 0.087890625
2 0.4833984375 0.12890625 0.0205078125 0.064453125
2 0.64453125 0.158203125 0.0234375 0.07421875
2 0.4775390625 0.0498046875 0.0185546875 0.0556640625
2 0.69921875 0.1552734375 0.0205078125 0.0546875
2 0.4365234375 0.361328125 0.03515625 0.123046875
0 0.431640625 0.1826171875 0.0703125 0.15234375
0 0.5205078125 0.0517578125 0.017578125 0.0859375
2 0.6181640625 0.0166015625 0.0107421875 0.0283203125
2 0.744140625 0.029296875 0.0146484375 0.0322265625
3 0.5634765625 0.1328125 0.0947265625 0.2646484375
0 0.283203125 0.5986328125 0.1435546875 0.3779296875
0 0.716796875 0.822265625 0.169921875 0.3408203125
2 0.7138671875 0.0166015625 0.0146484375 0.0322265625
2 0.6982421875 0.123046875 0.017578125 0.0263671875
2 0.296875 0.115234375 0.0224609375 0.0869140625