2 0.5458984375 0.5634765625 0.048828125 0.15234375
2 0.384765625 0.349609375 0.0380859375 0.1298828125
2 0.650390625 0.0224609375 0.0185546875 0.041015625
0 0.6083984375 0.0478515625 0.0576171875 0.0849609375
2 0.587890625 0.87890625 0.0576171875 0.22265625
0 0.533203125 0.103515625 0.0615234375 0.1142578125
2 0.5751953125 0.119140625 0.021484375 0.068359375
0 0.7177734375 0.2802734375 0.07421875 0.173828125
2 0.8798828125 0.3486328125 0.0380859375 0.0947265625
2 0.794921875 0.2021484375 0.0244140625 0.0390625
0 0.455078125 0.03125 0.0419921875 0.0625
0 0.6064453125 0.2333984375 0.0771484375 0.1787109375
0 0.388671875 0.1064453125 0.0537109375 0.1064453125
0 0.80859375 0.3046875 0.091796875 0.1796875
2 0.7314453125 0.53125 0.0400390625 0.0673828125
0 0.142578125 0.1064453125 0.0791015625 0.1083984375
2 0.3994140625 0.5078125 0.0361328125 0.138671875
0 0.8564453125 0.6298828125 0.1181640625 0.3642578125
0 0.4580078125 0.1123046875 0.05859375 0.1171875
0 0.673828125 0.189453125 0.0625 0.14453125
0 0.4248046875 0.015625 0.03125 0.0302734375
0 0.3603515625 0.1923828125 0.0732421875 0.1474609375
0 0.451171875 0.6904296875 0.1533203125 0.4716796875
0 0.3017578125 0.38671875 0.1025390625 0.19921875
0 0.4658203125 0.287109375 0.080078125 0.1845703125
0 0.728515625 0.76953125 0.19140625 0.43359375
2 0.705078125 0.06640625 0.02734375 0.0595703125
0 0.3935546875 0.0263671875 0.0400390625 0.0498046875
2 0.6220703125 0.01171875 0.017578125 0.0234375
2 0.7314453125 0.0234375 0.0224609375 0.0400390625
2 0.5615234375 0.0126953125 0.0107421875 0.025390625
0 0.2705078125 0.7451171875 0.16796875 0.3828125
2 0.68359375 0.017578125 0.017578125 0.03515625
0 0.5751953125 0.0263671875 0.0283203125 0.0517578125
2 0.8955078125 0.4873046875 0.0419921875 0.078125