2 0.103515625 0.0537109375 0.0166015625 0.048828125
2 0.1689453125 0.1708984375 0.0205078125 0.0634765625
2 0.453125 0.154296875 0.0263671875 0.0732421875
0 0.4150390625 0.2080078125 0.072265625 0.1513671875
0 0.4921875 0.1650390625 0.060546875 0.115234375
0 0.376953125 0.11328125 0.056640625 0.1162109375
0 0.5234375 0.064453125 0.0400390625 0.0986328125
2 0.595703125 0.3837890625 0.0361328125 0.130859375
0 0.330078125 0.291015625 0.1015625 0.19140625
2 0.525390625 0.12890625 0.017578125 0.0576171875
0 0.515625 0.2744140625 0.072265625 0.1787109375
2 0.857421875 0.673828125 0.048828125 0.1494140625
2 0.62890625 0.0263671875 0.0146484375 0.033203125
2 0.8515625 0.3720703125 0.0234375 0.091796875
2 0.123046875 0.2490234375 0.02734375 0.087890625
0 0.2236328125 0.021484375 0.029296875 0.04296875
0 0.4208984375 0.35546875 0.08984375 0.2177734375
2 0.5126953125 0.7333984375 0.064453125 0.1748046875
2 0.15234375 0.0830078125 0.0146484375 0.0380859375
3 0.4521484375 0.056640625 0.0771484375 0.1083984375
3 0.6005859375 0.162109375 0.123046875 0.322265625
2 0.2861328125 0.2587890625 0.02734375 0.0576171875
0 0.6748046875 0.4423828125 0.1171875 0.2626953125
2 0.4775390625 0.3408203125 0.037109375 0.1123046875
3 0.685546875 0.2119140625 0.0556640625 0.1767578125
0 0.7529296875 0.6962890625 0.1591796875 0.3974609375
3 0.76171875 0.271484375 0.1103515625 0.275390625
2 0.244140625 0.0234375 0.013671875 0.044921875
0 0.283203125 0.013671875 0.03125 0.02734375
0 0.103515625 0.1474609375 0.04296875 0.126953125
0 0.412109375 0.015625 0.017578125 0.0302734375
2 0.689453125 0.1025390625 0.0185546875 0.0576171875
2 0.896484375 0.5537109375 0.0400390625 0.109375
2 0.3037109375 0.1865234375 0.021484375 0.044921875
0 0.4111328125 0.646484375 0.13671875 0.3505859375
2 0.2998046875 0.0400390625 0.013671875 0.0283203125
0 0.2314453125 0.6767578125 0.15234375 0.3740234375
0 0.83984375 0.275390625 0.068359375 0.1513671875
0 0.537109375 0.01171875 0.0224609375 0.0234375
2 0.1982421875 0.107421875 0.0126953125 0.05859375
2 0.84765625 0.546875 0.04296875 0.12109375
2 0.6640625 0.0556640625 0.017578125 0.0458984375
2 0.30859375 0.015625 0.01171875 0.0302734375
0 0.1376953125 0.0146484375 0.05078125 0.0283203125
0 0.638671875 0.9091796875 0.1669921875 0.1748046875
0 0.8984375 0.8125 0.037109375 0.3369140625
2 0.15234375 0.037109375 0.0107421875 0.0380859375
2 0.4013671875 0.0498046875 0.0087890625 0.033203125