2 0.712890625 0.1494140625 0.017578125 0.0615234375
2 0.7216796875 0.3505859375 0.029296875 0.0625
2 0.1357421875 0.037109375 0.017578125 0.05078125
2 0.6201171875 0.3974609375 0.03125 0.107421875
2 0.84765625 0.4111328125 0.0380859375 0.091796875
0 0.63671875 0.2705078125 0.076171875 0.15625
0 0.53515625 0.341796875 0.087890625 0.197265625
2 0.4814453125 0.4765625 0.029296875 0.103515625
0 0.4189453125 0.19140625 0.0693359375 0.162109375
2 0.15625 0.130859375 0.025390625 0.0703125
0 0.4931640625 0.1708984375 0.0615234375 0.14453125
0 0.6494140625 0.107421875 0.0517578125 0.1064453125
2 0.1767578125 0.060546875 0.021484375 0.05078125
0 0.3291015625 0.296875 0.09765625 0.2001953125
0 0.68359375 0.4453125 0.0947265625 0.2529296875
2 0.1044921875 0.1357421875 0.0185546875 0.0517578125
2 0.1552734375 0.0322265625 0.013671875 0.04296875
2 0.8876953125 0.458984375 0.0361328125 0.0712890625
0 0.861328125 0.673828125 0.1083984375 0.376953125
2 0.4462890625 0.349609375 0.033203125 0.05859375
0 0.7998046875 0.45703125 0.1142578125 0.2451171875
3 0.5693359375 0.0830078125 0.1064453125 0.1640625
0 0.5947265625 0.7099609375 0.1416015625 0.369140625
2 0.0966796875 0.0478515625 0.015625 0.0380859375
2 0.7890625 0.3271484375 0.0302734375 0.0361328125
2 0.1953125 0.1162109375 0.0244140625 0.078125
0 0.236328125 0.6787109375 0.154296875 0.373046875
2 0.71484375 0.0166015625 0.013671875 0.033203125
2 0.376953125 0.267578125 0.0224609375 0.0888671875
2 0.642578125 0.4013671875 0.0205078125 0.09765625
0 0.4228515625 0.5283203125 0.119140625 0.3134765625
0 0.7421875 0.6845703125 0.150390625 0.3515625
2 0.388671875 0.4013671875 0.03515625 0.0986328125