3 0.638671875 0.2705078125 0.1103515625 0.3056640625
2 0.7080078125 0.109375 0.017578125 0.0517578125
2 0.71484375 0.19140625 0.0234375 0.0732421875
0 0.859375 0.2724609375 0.072265625 0.142578125
2 0.7431640625 0.0322265625 0.0087890625 0.0263671875
2 0.6005859375 0.0224609375 0.013671875 0.0400390625
2 0.8818359375 0.451171875 0.03515625 0.109375
3 0.78515625 0.3544921875 0.1103515625 0.2626953125
0 0.5712890625 0.1162109375 0.04296875 0.1201171875
2 0.634765625 0.04296875 0.0126953125 0.037109375
2 0.5078125 0.015625 0.013671875 0.0283203125
2 0.640625 0.0751953125 0.0166015625 0.037109375
0 0.3076171875 0.330078125 0.1025390625 0.2255859375
0 0.4228515625 0.3876953125 0.0986328125 0.2607421875
0 0.4716796875 0.0322265625 0.0361328125 0.060546875
2 0.71484375 0.017578125 0.0126953125 0.0341796875
2 0.80078125 0.212890625 0.0166015625 0.0390625
0 0.4248046875 0.7626953125 0.1669921875 0.4560546875
0 0.90625 0.5322265625 0.021484375 0.14453125