2 0.61328125 0.0419921875 0.01171875 0.037109375
2 0.5712890625 0.091796875 0.0146484375 0.0517578125
2 0.7939453125 0.166015625 0.0224609375 0.0595703125
0 0.544921875 0.185546875 0.0615234375 0.13671875
3 0.7802734375 0.568359375 0.2470703125 0.6044921875
0 0.4404296875 0.1572265625 0.0673828125 0.134765625
0 0.3427734375 0.26953125 0.0869140625 0.17578125
0 0.6572265625 0.0439453125 0.0400390625 0.06640625
0 0.5927734375 0.271484375 0.0830078125 0.18359375
2 0.62890625 0.0869140625 0.0185546875 0.0390625
0 0.4228515625 0.3017578125 0.08203125 0.16015625
2 0.7744140625 0.1640625 0.015625 0.056640625
0 0.6923828125 0.23828125 0.0810546875 0.1259765625
0 0.3837890625 0.0576171875 0.0517578125 0.0732421875
2 0.5576171875 0.0087890625 0.009765625 0.017578125
2 0.388671875 0.154296875 0.0234375 0.0791015625
2 0.4248046875 0.05078125 0.013671875 0.029296875
0 0.64453125 0.4140625 0.060546875 0.2529296875
0 0.2880859375 0.4189453125 0.11328125 0.2763671875
0 0.6796875 0.1220703125 0.0537109375 0.0810546875
2 0.7041015625 0.1591796875 0.017578125 0.0537109375
2 0.4658203125 0.3515625 0.021484375 0.078125
0 0.3525390625 0.1533203125 0.0673828125 0.1064453125
2 0.6298828125 0.0458984375 0.0087890625 0.0283203125
0 0.4189453125 0.544921875 0.1259765625 0.3515625
2 0.544921875 0.01171875 0.0126953125 0.0224609375
2 0.7197265625 0.1005859375 0.0224609375 0.037109375
0 0.1162109375 0.1982421875 0.0693359375 0.1181640625
0 0.5986328125 0.6728515625 0.142578125 0.4189453125
2 0.7421875 0.0322265625 0.0078125 0.0263671875
2 0.3984375 0.2060546875 0.0185546875 0.0673828125
2 0.46875 0.109375 0.0146484375 0.0537109375
2 0.712890625 0.0166015625 0.01171875 0.033203125
0 0.0888671875 0.294921875 0.0146484375 0.1162109375
2 0.8212890625 0.3310546875 0.029296875 0.083984375
2 0.5732421875 0.0498046875 0.013671875 0.033203125
2 0.7919921875 0.12109375 0.01171875 0.02734375
2 0.1103515625 0.0302734375 0.0146484375 0.0546875
2 0.5048828125 0.30859375 0.0166015625 0.078125
2 0.1572265625 0.0166015625 0.0166015625 0.033203125