0 0.5869140625 0.20703125 0.0712890625 0.1357421875
0 0.541015625 0.13671875 0.05859375 0.1259765625
0 0.6796875 0.2294921875 0.0703125 0.1513671875
0 0.6064453125 0.099609375 0.0517578125 0.087890625
2 0.71484375 0.15234375 0.0224609375 0.05859375
0 0.8701171875 0.3740234375 0.080078125 0.1396484375
2 0.7626953125 0.2333984375 0.0205078125 0.0556640625
2 0.3828125 0.2978515625 0.0322265625 0.1044921875
0 0.482421875 0.41015625 0.1083984375 0.228515625
3 0.6376953125 0.455078125 0.13671875 0.3115234375
2 0.65234375 0.09765625 0.01953125 0.046875
3 0.771484375 0.361328125 0.12890625 0.21484375
0 0.26953125 0.68359375 0.142578125 0.3251953125
3 0.48828125 0.0517578125 0.05078125 0.1025390625
0 0.55078125 0.02734375 0.03515625 0.0546875
2 0.84765625 0.27734375 0.0234375 0.05078125
2 0.6796875 0.0908203125 0.0166015625 0.0390625
2 0.822265625 0.2724609375 0.0224609375 0.0556640625
2 0.7294921875 0.0244140625 0.0234375 0.0439453125
0 0.4853515625 0.7060546875 0.1455078125 0.3818359375
3 0.771484375 0.7216796875 0.22265625 0.53515625
0 0.3212890625 0.466796875 0.0947265625 0.259765625
2 0.5146484375 0.0498046875 0.0205078125 0.0556640625
2 0.697265625 0.0263671875 0.01953125 0.0390625
0 0.634765625 0.16796875 0.0546875 0.1220703125
2 0.8349609375 0.2294921875 0.0234375 0.0654296875
0 0.5966796875 0.0224609375 0.0380859375 0.044921875
2 0.5146484375 0.0888671875 0.0107421875 0.03515625
2 0.8984375 0.77734375 0.03515625 0.1240234375
3 0.7626953125 0.025390625 0.0439453125 0.0498046875