3 0.337890625 0.2861328125 0.103515625 0.267578125
2 0.392578125 0.458984375 0.0400390625 0.1279296875
2 0.630859375 0.03125 0.017578125 0.0380859375
2 0.115234375 0.115234375 0.0205078125 0.0400390625
0 0.5390625 0.13671875 0.060546875 0.1240234375
0 0.84375 0.24609375 0.08984375 0.1337890625
0 0.6318359375 0.1650390625 0.060546875 0.1259765625
2 0.57421875 0.11328125 0.0224609375 0.041015625
0 0.8671875 0.384765625 0.0849609375 0.162109375
2 0.4140625 0.337890625 0.0234375 0.08984375
0 0.6064453125 0.0458984375 0.0390625 0.0498046875
0 0.484375 0.46484375 0.119140625 0.2421875
3 0.6767578125 0.220703125 0.068359375 0.1455078125
2 0.71484375 0.1083984375 0.015625 0.052734375
3 0.7734375 0.392578125 0.1298828125 0.2666015625
2 0.5947265625 0.11328125 0.01953125 0.0517578125
0 0.6572265625 0.0810546875 0.0478515625 0.087890625
0 0.5087890625 0.0205078125 0.025390625 0.041015625
3 0.466796875 0.080078125 0.068359375 0.1572265625
3 0.638671875 0.458984375 0.13671875 0.3154296875
2 0.396484375 0.330078125 0.0185546875 0.05078125
3 0.76953125 0.720703125 0.21875 0.541015625
0 0.26953125 0.6796875 0.14453125 0.3212890625
0 0.7587890625 0.2021484375 0.080078125 0.1318359375
2 0.5126953125 0.080078125 0.0166015625 0.0546875
2 0.0986328125 0.1171875 0.0166015625 0.029296875
2 0.8583984375 0.443359375 0.03125 0.0419921875
2 0.658203125 0.02734375 0.0146484375 0.037109375
3 0.11328125 0.24609375 0.0654296875 0.2373046875
0 0.560546875 0.0322265625 0.044921875 0.064453125
0 0.4736328125 0.28515625 0.091796875 0.2109375
0 0.5791015625 0.3017578125 0.0869140625 0.1884765625
2 0.125 0.08984375 0.017578125 0.0302734375
2 0.7119140625 0.1767578125 0.017578125 0.060546875
2 0.234375 0.3720703125 0.0224609375 0.0625
2 0.810546875 0.2734375 0.0185546875 0.052734375
2 0.6748046875 0.2919921875 0.0166015625 0.0634765625
2 0.126953125 0.0185546875 0.017578125 0.037109375
2 0.8427734375 0.275390625 0.0185546875 0.05078125