2 0.4560546875 0.087890625 0.017578125 0.05859375
2 0.75390625 0.2109375 0.0234375 0.064453125
2 0.5146484375 0.056640625 0.017578125 0.0537109375
2 0.59765625 0.0986328125 0.0146484375 0.04296875
0 0.69140625 0.10546875 0.0576171875 0.091796875
0 0.857421875 0.390625 0.1015625 0.203125
0 0.75 0.3544921875 0.095703125 0.1982421875
0 0.8623046875 0.6708984375 0.107421875 0.369140625
0 0.345703125 0.2353515625 0.0849609375 0.1826171875
0 0.291015625 0.4404296875 0.1162109375 0.287109375
2 0.0869140625 0.033203125 0.009765625 0.0595703125
0 0.5341796875 0.345703125 0.087890625 0.1923828125
0 0.5908203125 0.7109375 0.1416015625 0.3662109375
2 0.71484375 0.0166015625 0.01171875 0.0322265625
0 0.7412109375 0.6884765625 0.1494140625 0.32421875
0 0.236328125 0.681640625 0.154296875 0.3798828125
0 0.615234375 0.0146484375 0.041015625 0.0283203125
0 0.421875 0.5322265625 0.119140625 0.2958984375