0 0.5390625 0.1328125 0.060546875 0.1357421875
0 0.5849609375 0.1982421875 0.0693359375 0.138671875
2 0.486328125 0.0419921875 0.0166015625 0.0498046875
0 0.5478515625 0.0263671875 0.04296875 0.0517578125
2 0.6357421875 0.0234375 0.0107421875 0.0322265625
0 0.67578125 0.2275390625 0.06640625 0.146484375
3 0.6416015625 0.4560546875 0.13671875 0.2998046875
0 0.6669921875 0.07421875 0.0537109375 0.0947265625
2 0.62109375 0.080078125 0.015625 0.0537109375
0 0.8203125 0.298828125 0.0712890625 0.1259765625
0 0.2705078125 0.6806640625 0.138671875 0.3232421875
3 0.76953125 0.7197265625 0.2236328125 0.5380859375
0 0.755859375 0.162109375 0.0693359375 0.1298828125
0 0.4697265625 0.1552734375 0.0634765625 0.123046875
2 0.8408203125 0.396484375 0.01953125 0.0595703125
2 0.6953125 0.021484375 0.013671875 0.0400390625
0 0.3212890625 0.4697265625 0.09765625 0.259765625
0 0.482421875 0.7080078125 0.1474609375 0.37890625
2 0.708984375 0.1806640625 0.015625 0.0439453125
0 0.5791015625 0.025390625 0.0302734375 0.0498046875
2 0.744140625 0.0302734375 0.0166015625 0.03515625
2 0.62109375 0.0341796875 0.01171875 0.056640625
2 0.8720703125 0.3564453125 0.0322265625 0.087890625
2 0.69140625 0.0810546875 0.013671875 0.052734375
2 0.23828125 0.0166015625 0.01171875 0.033203125
3 0.5126953125 0.017578125 0.033203125 0.03515625
2 0.7587890625 0.0361328125 0.009765625 0.02734375
2 0.8515625 0.2802734375 0.015625 0.0400390625