2 0.3974609375 0.3818359375 0.0322265625 0.08984375
0 0.66015625 0.0673828125 0.048828125 0.0830078125
2 0.689453125 0.134765625 0.0205078125 0.052734375
0 0.5390625 0.13671875 0.0576171875 0.1220703125
3 0.4091796875 0.0625 0.0556640625 0.123046875
2 0.7607421875 0.2353515625 0.0400390625 0.0546875
0 0.6318359375 0.162109375 0.05859375 0.115234375
0 0.6064453125 0.0634765625 0.0458984375 0.0791015625
0 0.869140625 0.3837890625 0.0888671875 0.1640625
0 0.5361328125 0.056640625 0.05078125 0.072265625
3 0.7734375 0.3974609375 0.1279296875 0.2734375
2 0.19140625 0.5654296875 0.052734375 0.15234375
2 0.6689453125 0.12109375 0.0166015625 0.0615234375
0 0.4833984375 0.462890625 0.1181640625 0.2265625
2 0.794921875 0.2138671875 0.0224609375 0.0732421875
0 0.2705078125 0.6826171875 0.142578125 0.3193359375
0 0.6767578125 0.2236328125 0.064453125 0.1513671875
2 0.138671875 0.0224609375 0.013671875 0.0380859375
0 0.46875 0.1650390625 0.07421875 0.1337890625
0 0.4833984375 0.71484375 0.146484375 0.3828125
0 0.865234375 0.6572265625 0.103515625 0.3974609375
3 0.640625 0.4638671875 0.1376953125 0.3037109375
0 0.646484375 0.0185546875 0.0390625 0.037109375
0 0.3173828125 0.4677734375 0.1044921875 0.255859375
2 0.900390625 0.314453125 0.0224609375 0.0556640625
2 0.69921875 0.0244140625 0.013671875 0.044921875
2 0.7744140625 0.1640625 0.0146484375 0.03515625
2 0.5302734375 0.0126953125 0.015625 0.025390625
2 0.7587890625 0.1708984375 0.015625 0.0283203125
0 0.576171875 0.296875 0.0888671875 0.1953125
2 0.728515625 0.0205078125 0.0224609375 0.0390625
2 0.5966796875 0.1259765625 0.01953125 0.0419921875
0 0.857421875 0.2607421875 0.087890625 0.1142578125
2 0.1953125 0.25 0.01953125 0.05859375
2 0.9052734375 0.3623046875 0.017578125 0.056640625
2 0.30859375 0.015625 0.01953125 0.03125
2 0.5517578125 0.2080078125 0.0166015625 0.048828125
2 0.7958984375 0.166015625 0.015625 0.046875
2 0.6220703125 0.015625 0.009765625 0.0263671875
2 0.5771484375 0.009765625 0.009765625 0.01953125
2 0.5556640625 0.009765625 0.013671875 0.01953125
2 0.8125 0.2685546875 0.02734375 0.06640625
2 0.5146484375 0.09375 0.0107421875 0.052734375