2 0.6748046875 0.1669921875 0.0205078125 0.0625
2 0.75390625 0.3623046875 0.0380859375 0.109375
2 0.701171875 0.2470703125 0.029296875 0.0791015625
2 0.8017578125 0.2998046875 0.033203125 0.0986328125
2 0.6533203125 0.0947265625 0.0146484375 0.044921875
2 0.7431640625 0.0322265625 0.009765625 0.025390625
2 0.59765625 0.0595703125 0.013671875 0.0439453125
0 0.2568359375 0.7890625 0.19140625 0.4091796875
0 0.4755859375 0.556640625 0.1318359375 0.3515625
0 0.6123046875 0.3369140625 0.0888671875 0.1875
2 0.7138671875 0.0166015625 0.01171875 0.0322265625
2 0.9013671875 0.4599609375 0.0322265625 0.1015625
2 0.7529296875 0.2763671875 0.0166015625 0.0458984375
2 0.6728515625 0.125 0.0146484375 0.0361328125