2 0.4619140625 0.6552734375 0.0546875 0.1689453125
0 0.603515625 0.0625 0.048828125 0.0966796875
0 0.646484375 0.21484375 0.0712890625 0.1435546875
2 0.3857421875 0.6044921875 0.0556640625 0.171875
2 0.8974609375 0.3427734375 0.0341796875 0.083984375
0 0.548828125 0.212890625 0.0673828125 0.1435546875
0 0.669921875 0.0478515625 0.04296875 0.0859375
0 0.4609375 0.1103515625 0.052734375 0.1083984375
0 0.4638671875 0.033203125 0.0400390625 0.06640625
0 0.552734375 0.08203125 0.05859375 0.130859375
0 0.408203125 0.228515625 0.076171875 0.1728515625
0 0.6142578125 0.3486328125 0.0947265625 0.2109375
0 0.7265625 0.1572265625 0.056640625 0.0947265625
0 0.564453125 0.017578125 0.0234375 0.0341796875
0 0.197265625 0.763671875 0.1875 0.45703125
0 0.78515625 0.265625 0.10546875 0.1669921875
0 0.6044921875 0.669921875 0.1513671875 0.423828125
3 0.8232421875 0.8037109375 0.18359375 0.376953125
2 0.74609375 0.0234375 0.013671875 0.044921875
0 0.6259765625 0.0107421875 0.013671875 0.021484375
3 0.5078125 0.0224609375 0.0380859375 0.044921875
2 0.236328125 0.5146484375 0.05078125 0.080078125