2 0.630859375 0.0224609375 0.01171875 0.0380859375
2 0.5146484375 0.08984375 0.0205078125 0.078125
3 0.7783203125 0.5732421875 0.2412109375 0.603515625
2 0.6611328125 0.115234375 0.0185546875 0.044921875
2 0.7373046875 0.1787109375 0.021484375 0.0546875
2 0.634765625 0.2646484375 0.01953125 0.0556640625
0 0.5478515625 0.1171875 0.0556640625 0.0830078125
2 0.7509765625 0.25390625 0.0361328125 0.044921875
0 0.3837890625 0.0556640625 0.048828125 0.064453125
2 0.494140625 0.1513671875 0.0263671875 0.0703125
0 0.353515625 0.162109375 0.0703125 0.1162109375
2 0.6083984375 0.0205078125 0.01171875 0.0302734375
2 0.7119140625 0.1728515625 0.0224609375 0.0517578125
2 0.490234375 0.1005859375 0.017578125 0.0517578125
2 0.4169921875 0.046875 0.0146484375 0.041015625
0 0.58984375 0.2763671875 0.08203125 0.185546875
2 0.388671875 0.2177734375 0.0224609375 0.0634765625
0 0.599609375 0.07421875 0.0458984375 0.095703125
0 0.47265625 0.2470703125 0.076171875 0.169921875
0 0.6962890625 0.228515625 0.07421875 0.1015625
2 0.4521484375 0.0166015625 0.0107421875 0.0322265625
2 0.421875 0.205078125 0.0361328125 0.0498046875
0 0.46484375 0.072265625 0.048828125 0.0830078125
2 0.4033203125 0.1396484375 0.015625 0.0732421875
0 0.2861328125 0.419921875 0.11328125 0.2763671875
0 0.6416015625 0.41796875 0.056640625 0.2509765625
2 0.3564453125 0.0322265625 0.015625 0.0556640625
2 0.7900390625 0.1669921875 0.0224609375 0.052734375
0 0.1513671875 0.02734375 0.046875 0.0537109375
2 0.8984375 0.380859375 0.0361328125 0.080078125
2 0.353515625 0.3818359375 0.033203125 0.1015625
2 0.6640625 0.27734375 0.0205078125 0.05078125
2 0.5126953125 0.0263671875 0.0166015625 0.041015625
0 0.41796875 0.5478515625 0.126953125 0.3505859375
2 0.4765625 0.361328125 0.0400390625 0.1171875
2 0.224609375 0.0673828125 0.017578125 0.060546875
2 0.1630859375 0.078125 0.0166015625 0.0693359375
3 0.8330078125 0.3125 0.0986328125 0.1982421875
2 0.2587890625 0.0361328125 0.0126953125 0.0302734375
0 0.599609375 0.673828125 0.1416015625 0.4248046875
2 0.52734375 0.25 0.0302734375 0.05078125
2 0.40625 0.0810546875 0.0146484375 0.04296875
2 0.7529296875 0.03125 0.01953125 0.037109375
2 0.580078125 0.0361328125 0.0107421875 0.0341796875
2 0.7900390625 0.123046875 0.013671875 0.0361328125
2 0.572265625 0.1171875 0.0107421875 0.041015625
2 0.73828125 0.1376953125 0.01953125 0.046875
2 0.287109375 0.02734375 0.0146484375 0.0517578125
2 0.095703125 0.0673828125 0.0166015625 0.0498046875
2 0.7119140625 0.015625 0.0146484375 0.03125
3 0.8935546875 0.6943359375 0.0458984375 0.326171875
3 0.1103515625 0.0244140625 0.046875 0.0458984375