2 0.4970703125 0.1806640625 0.0244140625 0.0712890625
2 0.3984375 0.1162109375 0.0185546875 0.064453125
2 0.703125 0.1494140625 0.0205078125 0.060546875
2 0.6884765625 0.1162109375 0.0166015625 0.05078125
2 0.73046875 0.142578125 0.017578125 0.052734375
0 0.5390625 0.1328125 0.05859375 0.1337890625
0 0.626953125 0.150390625 0.0634765625 0.12890625
2 0.41015625 0.2373046875 0.0380859375 0.0927734375
2 0.7744140625 0.2412109375 0.029296875 0.0478515625
2 0.142578125 0.107421875 0.01953125 0.0419921875
2 0.6396484375 0.033203125 0.013671875 0.03125
0 0.6796875 0.23046875 0.0673828125 0.1474609375
2 0.7294921875 0.0322265625 0.0224609375 0.0341796875
2 0.701171875 0.0244140625 0.0166015625 0.041015625
0 0.8662109375 0.380859375 0.0859375 0.158203125
0 0.8359375 0.25 0.0869140625 0.11328125
0 0.4775390625 0.3212890625 0.0908203125 0.1904296875
0 0.5849609375 0.0224609375 0.0458984375 0.044921875
0 0.26953125 0.6806640625 0.1396484375 0.3251953125
3 0.7724609375 0.3662109375 0.1259765625 0.220703125
3 0.6376953125 0.4580078125 0.12890625 0.314453125
3 0.7685546875 0.71875 0.2216796875 0.5341796875
0 0.578125 0.3017578125 0.0849609375 0.189453125
0 0.5390625 0.0205078125 0.025390625 0.041015625
2 0.908203125 0.3330078125 0.0166015625 0.0849609375
3 0.51171875 0.037109375 0.041015625 0.0712890625
2 0.7451171875 0.025390625 0.015625 0.046875
0 0.3212890625 0.4677734375 0.0986328125 0.2587890625
2 0.5146484375 0.1005859375 0.0087890625 0.052734375
0 0.4833984375 0.7041015625 0.1474609375 0.3837890625
0 0.58203125 0.0810546875 0.033203125 0.09375