2 0.771484375 0.224609375 0.0263671875 0.083984375
0 0.3779296875 0.1396484375 0.05859375 0.138671875
2 0.521484375 0.1162109375 0.01953125 0.0693359375
0 0.6064453125 0.2333984375 0.0771484375 0.1552734375
0 0.5498046875 0.0751953125 0.041015625 0.0888671875
3 0.4560546875 0.0673828125 0.07421875 0.130859375
0 0.7265625 0.30078125 0.08203125 0.1494140625
0 0.58203125 0.1318359375 0.0556640625 0.1123046875
0 0.7109375 0.193359375 0.064453125 0.1142578125
0 0.4873046875 0.1708984375 0.0634765625 0.1328125
0 0.5107421875 0.33984375 0.0869140625 0.203125
0 0.4208984375 0.2119140625 0.0693359375 0.1708984375
2 0.8369140625 0.3095703125 0.0234375 0.0849609375
2 0.396484375 0.3486328125 0.033203125 0.103515625
2 0.501953125 0.056640625 0.015625 0.0576171875
0 0.33203125 0.294921875 0.0927734375 0.2099609375
2 0.2900390625 0.2548828125 0.0224609375 0.0556640625
3 0.6484375 0.0986328125 0.080078125 0.197265625
2 0.435546875 0.1240234375 0.017578125 0.0263671875
3 0.8818359375 0.359375 0.07421875 0.2177734375
2 0.3408203125 0.1669921875 0.021484375 0.0556640625
0 0.427734375 0.4794921875 0.111328125 0.2822265625
0 0.13671875 0.1181640625 0.0615234375 0.09765625
2 0.51953125 0.046875 0.025390625 0.0546875
0 0.8564453125 0.6142578125 0.1201171875 0.33984375
0 0.23046875 0.021484375 0.0263671875 0.04296875
0 0.6728515625 0.556640625 0.1171875 0.337890625
0 0.8056640625 0.40625 0.099609375 0.1962890625
2 0.3115234375 0.181640625 0.0166015625 0.0458984375
2 0.1357421875 0.0205078125 0.013671875 0.02734375
0 0.2236328125 0.7314453125 0.1611328125 0.40625
0 0.404296875 0.796875 0.16796875 0.3896484375
0 0.1015625 0.294921875 0.0390625 0.146484375
2 0.443359375 0.328125 0.02734375 0.0400390625
3 0.603515625 0.021484375 0.02734375 0.04296875
3 0.634765625 0.9248046875 0.1982421875 0.1455078125