2 0.474609375 0.224609375 0.029296875 0.0947265625
2 0.4228515625 0.232421875 0.029296875 0.0966796875
2 0.38671875 0.3671875 0.0380859375 0.12890625
0 0.587890625 0.0361328125 0.0390625 0.072265625
2 0.7578125 0.19921875 0.0244140625 0.076171875
0 0.57421875 0.2216796875 0.072265625 0.1513671875
0 0.56640625 0.0205078125 0.01953125 0.041015625
0 0.6220703125 0.0615234375 0.0439453125 0.0947265625
0 0.431640625 0.0693359375 0.0458984375 0.103515625
0 0.466796875 0.0263671875 0.0361328125 0.0517578125
0 0.6767578125 0.0712890625 0.048828125 0.111328125
0 0.5302734375 0.0390625 0.044921875 0.078125
2 0.3603515625 0.244140625 0.029296875 0.09765625
0 0.818359375 0.3515625 0.1044921875 0.169921875
0 0.529296875 0.130859375 0.0546875 0.107421875
2 0.8935546875 0.37890625 0.0400390625 0.1025390625
0 0.703125 0.1962890625 0.0830078125 0.1435546875
0 0.75390625 0.767578125 0.19921875 0.439453125
2 0.7607421875 0.3623046875 0.0263671875 0.095703125
0 0.3115234375 0.326171875 0.099609375 0.2509765625
0 0.4521484375 0.458984375 0.111328125 0.2900390625
2 0.7294921875 0.02734375 0.0234375 0.0390625
0 0.22265625 0.8583984375 0.1865234375 0.2763671875
0 0.236328125 0.021484375 0.0380859375 0.04296875
0 0.4765625 0.9521484375 0.169921875 0.08984375
3 0.7021484375 0.4111328125 0.1171875 0.2275390625
2 0.68359375 0.017578125 0.0107421875 0.0341796875
2 0.8076171875 0.552734375 0.04296875 0.123046875
2 0.4208984375 0.169921875 0.0166015625 0.046875
0 0.615234375 0.009765625 0.0263671875 0.01953125
2 0.7451171875 0.0244140625 0.0146484375 0.0458984375
3 0.658203125 0.0087890625 0.04296875 0.017578125