0 0.5400390625 0.080078125 0.0458984375 0.0966796875
2 0.8193359375 0.6953125 0.0546875 0.146484375
2 0.74609375 0.6103515625 0.044921875 0.1552734375
2 0.7744140625 0.4775390625 0.0390625 0.12109375
2 0.8212890625 0.3095703125 0.0244140625 0.0888671875
0 0.58203125 0.296875 0.0810546875 0.2041015625
2 0.80078125 0.34375 0.0322265625 0.095703125
2 0.7578125 0.166015625 0.0205078125 0.068359375
2 0.6787109375 0.41796875 0.0361328125 0.109375
3 0.8837890625 0.58203125 0.06640625 0.4580078125
2 0.7568359375 0.12109375 0.015625 0.0263671875
2 0.7431640625 0.0322265625 0.0087890625 0.0263671875