0 0.3544921875 0.1708984375 0.072265625 0.134765625
2 0.1552734375 0.1484375 0.01953125 0.0556640625
0 0.38671875 0.0595703125 0.0498046875 0.08203125
0 0.4853515625 0.0810546875 0.0537109375 0.109375
0 0.443359375 0.1162109375 0.05859375 0.107421875
2 0.38671875 0.2998046875 0.033203125 0.0986328125
2 0.404296875 0.169921875 0.0185546875 0.0791015625
2 0.341796875 0.62890625 0.0478515625 0.1689453125
2 0.75390625 0.333984375 0.033203125 0.07421875
2 0.6806640625 0.1064453125 0.017578125 0.0458984375
2 0.16796875 0.0947265625 0.017578125 0.0634765625
2 0.71875 0.1171875 0.0166015625 0.052734375
0 0.6220703125 0.0625 0.0517578125 0.091796875
0 0.33203125 0.2978515625 0.0859375 0.181640625
2 0.3857421875 0.4619140625 0.04296875 0.109375
2 0.4052734375 0.1083984375 0.0224609375 0.0732421875
2 0.21484375 0.7451171875 0.0908203125 0.2216796875
0 0.4970703125 0.5458984375 0.126953125 0.318359375
2 0.4443359375 0.0498046875 0.0166015625 0.0361328125
0 0.5380859375 0.1884765625 0.0654296875 0.1298828125
2 0.23828125 0.0126953125 0.017578125 0.025390625
0 0.4033203125 0.7509765625 0.154296875 0.4697265625
3 0.447265625 0.294921875 0.087890625 0.25
2 0.5146484375 0.0712890625 0.015625 0.0849609375
3 0.5615234375 0.080078125 0.0703125 0.16015625
0 0.8583984375 0.427734375 0.1142578125 0.2265625
2 0.1767578125 0.03515625 0.017578125 0.0380859375
0 0.5703125 0.2919921875 0.0419921875 0.1591796875
2 0.56640625 0.9453125 0.076171875 0.1044921875
0 0.7802734375 0.861328125 0.1748046875 0.263671875
2 0.3095703125 0.0234375 0.02734375 0.044921875
0 0.2109375 0.935546875 0.2021484375 0.119140625
0 0.26171875 0.033203125 0.0458984375 0.0654296875
2 0.2001953125 0.10546875 0.0166015625 0.0654296875
2 0.19921875 0.2451171875 0.025390625 0.0654296875
2 0.287109375 0.03125 0.013671875 0.0498046875
0 0.8857421875 0.80078125 0.060546875 0.3828125
2 0.9013671875 0.5361328125 0.03125 0.1064453125
3 0.6796875 0.5009765625 0.1826171875 0.37890625
3 0.5859375 0.490234375 0.044921875 0.2548828125