2 0.7822265625 0.16015625 0.0205078125 0.04296875
2 0.3994140625 0.458984375 0.0458984375 0.146484375
0 0.1884765625 0.1396484375 0.0654296875 0.109375
2 0.509765625 0.078125 0.015625 0.0595703125
2 0.8681640625 0.28125 0.0361328125 0.060546875
2 0.595703125 0.091796875 0.0205078125 0.0693359375
0 0.5478515625 0.1396484375 0.0576171875 0.125
2 0.1259765625 0.1787109375 0.0244140625 0.0703125
2 0.4248046875 0.267578125 0.0283203125 0.0732421875
3 0.3505859375 0.2802734375 0.109375 0.2587890625
2 0.40234375 0.2646484375 0.0224609375 0.0771484375
0 0.876953125 0.384765625 0.0771484375 0.15234375
0 0.375 0.1337890625 0.0693359375 0.1142578125
0 0.6865234375 0.2294921875 0.0673828125 0.150390625
0 0.4931640625 0.474609375 0.1201171875 0.2490234375
0 0.5224609375 0.0234375 0.0390625 0.0458984375
2 0.8271484375 0.1982421875 0.0263671875 0.0556640625
2 0.30078125 0.234375 0.0146484375 0.0810546875
0 0.5927734375 0.197265625 0.0703125 0.1416015625
3 0.47265625 0.0751953125 0.06640625 0.150390625
2 0.7197265625 0.0986328125 0.0185546875 0.044921875
2 0.74609375 0.1396484375 0.013671875 0.0322265625
3 0.578125 0.0361328125 0.0302734375 0.0712890625
2 0.89453125 0.3037109375 0.03125 0.05859375
3 0.6455078125 0.4619140625 0.1337890625 0.318359375
3 0.7841796875 0.380859375 0.126953125 0.2265625
3 0.609375 0.03515625 0.0390625 0.0703125
0 0.2705078125 0.0283203125 0.041015625 0.056640625
3 0.4833984375 0.2880859375 0.0947265625 0.2109375
2 0.767578125 0.255859375 0.02734375 0.03515625
3 0.779296875 0.7265625 0.220703125 0.5302734375
2 0.6484375 0.27734375 0.0263671875 0.0693359375
2 0.6416015625 0.205078125 0.0361328125 0.06640625
2 0.720703125 0.01953125 0.0166015625 0.0322265625
2 0.2412109375 0.0595703125 0.015625 0.056640625
0 0.27734375 0.68359375 0.1494140625 0.318359375
2 0.1220703125 0.10546875 0.0283203125 0.0478515625
2 0.8056640625 0.166015625 0.0166015625 0.0361328125
0 0.4912109375 0.7333984375 0.150390625 0.390625
2 0.7666015625 0.1474609375 0.017578125 0.044921875
2 0.755859375 0.0322265625 0.0234375 0.033203125
0 0.740234375 0.1953125 0.0654296875 0.08984375
0 0.103515625 0.30859375 0.044921875 0.150390625
0 0.4326171875 0.01171875 0.025390625 0.0234375
2 0.40234375 0.205078125 0.013671875 0.0537109375
3 0.08984375 0.1298828125 0.0166015625 0.1337890625
3 0.65625 0.0478515625 0.0517578125 0.095703125