2 0.412109375 0.2744140625 0.0361328125 0.078125
2 0.3935546875 0.44921875 0.044921875 0.1474609375
2 0.5732421875 0.09765625 0.0205078125 0.060546875
0 0.5390625 0.138671875 0.05859375 0.1259765625
0 0.6123046875 0.1142578125 0.0458984375 0.0703125
2 0.7685546875 0.1650390625 0.0224609375 0.0390625
0 0.3662109375 0.13671875 0.0703125 0.1171875
2 0.5673828125 0.0478515625 0.0244140625 0.0537109375
2 0.1083984375 0.21484375 0.02734375 0.072265625
0 0.8701171875 0.3779296875 0.08203125 0.1552734375
0 0.173828125 0.1533203125 0.068359375 0.11328125
0 0.5341796875 0.048828125 0.0458984375 0.0673828125
2 0.90234375 0.3203125 0.0244140625 0.0673828125
0 0.4853515625 0.4677734375 0.1201171875 0.244140625
0 0.6953125 0.1279296875 0.0517578125 0.0693359375
0 0.80078125 0.240234375 0.08984375 0.12109375
0 0.67578125 0.224609375 0.064453125 0.1484375
3 0.7724609375 0.3955078125 0.134765625 0.2666015625
3 0.6484375 0.0693359375 0.0576171875 0.1376953125
2 0.8447265625 0.2529296875 0.0302734375 0.0576171875
0 0.5869140625 0.1962890625 0.0732421875 0.1484375
0 0.3349609375 0.2958984375 0.1005859375 0.21875
0 0.271484375 0.681640625 0.14453125 0.3232421875
3 0.46484375 0.08984375 0.06640625 0.1611328125
3 0.630859375 0.458984375 0.1337890625 0.314453125
3 0.4755859375 0.2841796875 0.0966796875 0.2021484375
0 0.4814453125 0.71875 0.146484375 0.3828125
3 0.7685546875 0.72265625 0.2177734375 0.537109375
2 0.744140625 0.1416015625 0.021484375 0.0380859375
0 0.7333984375 0.1962890625 0.064453125 0.09765625
0 0.5068359375 0.0322265625 0.0224609375 0.056640625
2 0.31640625 0.1357421875 0.0185546875 0.02734375
2 0.81640625 0.1904296875 0.0205078125 0.0458984375
2 0.88671875 0.2890625 0.015625 0.041015625
3 0.6044921875 0.0166015625 0.0419921875 0.0322265625