2 0.5625 0.0185546875 0.013671875 0.0361328125
2 0.8916015625 0.3388671875 0.03125 0.0732421875
2 0.724609375 0.1865234375 0.0224609375 0.052734375
0 0.5947265625 0.0361328125 0.0400390625 0.072265625
0 0.66015625 0.18359375 0.0615234375 0.1376953125
2 0.6552734375 0.1083984375 0.015625 0.03125
0 0.56640625 0.1376953125 0.060546875 0.1240234375
2 0.6318359375 0.0263671875 0.0146484375 0.0390625
0 0.5244140625 0.048828125 0.0419921875 0.0869140625
3 0.8017578125 0.24609375 0.083984375 0.177734375
2 0.6220703125 0.0146484375 0.0107421875 0.0283203125
0 0.359375 0.2119140625 0.0732421875 0.1494140625
2 0.580078125 0.0126953125 0.0078125 0.025390625
3 0.630859375 0.435546875 0.1298828125 0.3212890625
0 0.70703125 0.2763671875 0.080078125 0.177734375
2 0.7548828125 0.2412109375 0.021484375 0.04296875
0 0.5029296875 0.017578125 0.017578125 0.03515625
3 0.771484375 0.7197265625 0.2216796875 0.5341796875
0 0.2724609375 0.6787109375 0.14453125 0.326171875
2 0.74609375 0.0224609375 0.015625 0.0439453125
2 0.697265625 0.0234375 0.013671875 0.0458984375
0 0.5732421875 0.275390625 0.0791015625 0.1806640625
0 0.4697265625 0.53125 0.1220703125 0.2958984375