2 0.7451171875 0.2275390625 0.0224609375 0.0703125
2 0.7119140625 0.1435546875 0.021484375 0.0556640625
2 0.6044921875 0.166015625 0.0205078125 0.05859375
2 0.55859375 0.07421875 0.0146484375 0.048828125
2 0.6318359375 0.0283203125 0.015625 0.0419921875
0 0.494140625 0.0458984375 0.044921875 0.0859375
2 0.3798828125 0.2998046875 0.03125 0.1162109375
0 0.4384765625 0.0361328125 0.041015625 0.072265625
0 0.3212890625 0.2578125 0.0830078125 0.162109375
0 0.396484375 0.1298828125 0.05859375 0.1357421875
2 0.794921875 0.3310546875 0.0322265625 0.0986328125
2 0.80859375 0.263671875 0.0380859375 0.091796875
0 0.56640625 0.1962890625 0.060546875 0.1259765625
2 0.330078125 0.1591796875 0.0263671875 0.048828125
0 0.6220703125 0.326171875 0.09375 0.21875
2 0.7451171875 0.03125 0.0107421875 0.0283203125
2 0.71484375 0.017578125 0.013671875 0.0341796875
0 0.44921875 0.267578125 0.0869140625 0.2001953125
2 0.705078125 0.0966796875 0.013671875 0.0498046875
0 0.3134765625 0.486328125 0.1240234375 0.3134765625
0 0.2861328125 0.81640625 0.16015625 0.359375
2 0.890625 0.4794921875 0.0380859375 0.111328125
0 0.6806640625 0.2333984375 0.0615234375 0.14453125
0 0.7275390625 0.6572265625 0.15234375 0.3515625
2 0.908203125 0.4052734375 0.0185546875 0.109375
2 0.251953125 0.4287109375 0.0361328125 0.126953125