2 0.5166015625 0.0986328125 0.0185546875 0.0576171875
2 0.46484375 0.1298828125 0.0224609375 0.068359375
2 0.615234375 0.13671875 0.01953125 0.0625
0 0.7578125 0.1728515625 0.0732421875 0.12109375
0 0.7685546875 0.3994140625 0.1015625 0.2255859375
2 0.8125 0.2890625 0.029296875 0.08203125
0 0.3388671875 0.26953125 0.0859375 0.197265625
0 0.8623046875 0.673828125 0.107421875 0.3701171875
0 0.609375 0.01953125 0.033203125 0.0390625
0 0.875 0.435546875 0.08203125 0.20703125
0 0.533203125 0.3427734375 0.0869140625 0.19140625
0 0.2919921875 0.4423828125 0.1171875 0.283203125
0 0.7421875 0.6923828125 0.150390625 0.32421875
0 0.591796875 0.7099609375 0.142578125 0.3681640625
0 0.10546875 0.224609375 0.048828125 0.140625
0 0.68359375 0.4482421875 0.09765625 0.2607421875
0 0.232421875 0.6787109375 0.1669921875 0.380859375
2 0.71484375 0.0166015625 0.0126953125 0.0322265625