2 0.744140625 0.1875 0.0234375 0.0517578125
2 0.7705078125 0.1943359375 0.0234375 0.068359375
2 0.7236328125 0.173828125 0.0205078125 0.0556640625
2 0.6611328125 0.0537109375 0.013671875 0.0419921875
2 0.82421875 0.203125 0.0205078125 0.046875
0 0.6962890625 0.1015625 0.044921875 0.0791015625
0 0.6591796875 0.1142578125 0.0478515625 0.0751953125
0 0.3740234375 0.140625 0.056640625 0.146484375
0 0.498046875 0.19921875 0.07421875 0.13671875
0 0.572265625 0.1572265625 0.0654296875 0.14453125
0 0.533203125 0.06640625 0.0439453125 0.0908203125
2 0.5810546875 0.2978515625 0.029296875 0.09765625
2 0.8251953125 0.322265625 0.033203125 0.0986328125
3 0.4521484375 0.0654296875 0.0732421875 0.126953125
0 0.3271484375 0.294921875 0.095703125 0.208984375
2 0.72265625 0.1298828125 0.0166015625 0.0400390625
0 0.1015625 0.1513671875 0.0419921875 0.109375
2 0.5009765625 0.1083984375 0.017578125 0.0537109375
0 0.4228515625 0.4287109375 0.1015625 0.24609375
0 0.3701171875 0.05859375 0.0478515625 0.056640625
2 0.2861328125 0.2529296875 0.02734375 0.06640625
2 0.7099609375 0.0166015625 0.013671875 0.0322265625
2 0.33203125 0.1728515625 0.0283203125 0.048828125
2 0.21875 0.0283203125 0.0107421875 0.0400390625
0 0.509765625 0.0234375 0.0244140625 0.0458984375
3 0.6005859375 0.0537109375 0.05859375 0.1044921875
0 0.7431640625 0.25 0.060546875 0.1005859375
0 0.4169921875 0.212890625 0.06640625 0.1630859375
0 0.4091796875 0.697265625 0.1474609375 0.3759765625
0 0.2333984375 0.681640625 0.15234375 0.375
2 0.1943359375 0.25 0.017578125 0.05859375
3 0.8720703125 0.556640625 0.08984375 0.544921875
2 0.900390625 0.3212890625 0.025390625 0.04296875
0 0.154296875 0.01953125 0.04296875 0.0390625
3 0.689453125 0.51171875 0.2255859375 0.80859375
3 0.41015625 0.076171875 0.03125 0.0771484375