2 0.7822265625 0.2783203125 0.0263671875 0.06640625
2 0.837890625 0.296875 0.0224609375 0.06640625
2 0.7236328125 0.349609375 0.0263671875 0.0654296875
2 0.84765625 0.4296875 0.025390625 0.080078125
2 0.7998046875 0.2138671875 0.0234375 0.06640625
0 0.5341796875 0.34375 0.0888671875 0.19921875
0 0.630859375 0.265625 0.08203125 0.1630859375
0 0.68359375 0.4462890625 0.0927734375 0.2490234375
2 0.6220703125 0.3994140625 0.03515625 0.1181640625
0 0.419921875 0.1845703125 0.06640625 0.1513671875
0 0.8017578125 0.455078125 0.1123046875 0.2412109375
2 0.8896484375 0.447265625 0.048828125 0.08984375
0 0.4609375 0.1005859375 0.056640625 0.103515625
0 0.29296875 0.4365234375 0.1181640625 0.28125
2 0.365234375 0.185546875 0.0263671875 0.064453125
0 0.86328125 0.6708984375 0.1064453125 0.3759765625
2 0.48046875 0.474609375 0.0283203125 0.1103515625
2 0.3193359375 0.185546875 0.0244140625 0.05859375
3 0.541015625 0.0595703125 0.0771484375 0.115234375
0 0.5927734375 0.7109375 0.1416015625 0.3671875
0 0.236328125 0.681640625 0.154296875 0.3740234375
2 0.908203125 0.400390625 0.01953125 0.0625
2 0.1015625 0.046875 0.0146484375 0.0625
0 0.7421875 0.685546875 0.1494140625 0.349609375
0 0.4208984375 0.5263671875 0.1181640625 0.3095703125
2 0.84375 0.3642578125 0.03515625 0.078125
2 0.787109375 0.3251953125 0.0244140625 0.0419921875