2 0.7236328125 0.140625 0.0185546875 0.0400390625
0 0.58203125 0.1484375 0.05859375 0.1240234375
0 0.529296875 0.02734375 0.0361328125 0.0517578125
2 0.6591796875 0.05859375 0.015625 0.0439453125
0 0.6640625 0.1416015625 0.0615234375 0.123046875
2 0.623046875 0.0234375 0.0126953125 0.0390625
0 0.7431640625 0.24609375 0.1005859375 0.18359375
0 0.70703125 0.7138671875 0.1640625 0.3671875
2 0.79296875 0.25 0.0205078125 0.0634765625
0 0.8232421875 0.5263671875 0.1357421875 0.2763671875
2 0.6474609375 0.2265625 0.0205078125 0.0654296875
0 0.6474609375 0.3916015625 0.103515625 0.2412109375
0 0.3779296875 0.12109375 0.0546875 0.1201171875
2 0.7578125 0.037109375 0.0107421875 0.03125
2 0.65234375 0.037109375 0.01171875 0.025390625