2 0.7939453125 0.1640625 0.0234375 0.0625
3 0.7802734375 0.5732421875 0.244140625 0.603515625
0 0.3515625 0.1611328125 0.068359375 0.1123046875
0 0.6953125 0.23828125 0.08984375 0.130859375
2 0.537109375 0.037109375 0.013671875 0.0419921875
0 0.544921875 0.181640625 0.0615234375 0.138671875
2 0.59765625 0.025390625 0.013671875 0.04296875
0 0.439453125 0.1591796875 0.064453125 0.130859375
0 0.4208984375 0.2958984375 0.0830078125 0.1513671875
0 0.3828125 0.05859375 0.0546875 0.0732421875
0 0.5927734375 0.271484375 0.08203125 0.1845703125
0 0.6396484375 0.0283203125 0.0390625 0.056640625
0 0.6474609375 0.4130859375 0.0654296875 0.2509765625
2 0.708984375 0.1337890625 0.0166015625 0.048828125
2 0.6103515625 0.0322265625 0.013671875 0.046875
2 0.7431640625 0.0322265625 0.0087890625 0.0263671875
0 0.669921875 0.1162109375 0.0537109375 0.0927734375
0 0.5458984375 0.0947265625 0.048828125 0.056640625
0 0.287109375 0.41796875 0.1103515625 0.28125
2 0.4189453125 0.046875 0.0146484375 0.0390625
2 0.7880859375 0.2861328125 0.0263671875 0.0537109375
0 0.4189453125 0.5498046875 0.1259765625 0.3466796875
2 0.4775390625 0.3642578125 0.0322265625 0.095703125
2 0.3876953125 0.15625 0.0185546875 0.0625
2 0.1259765625 0.013671875 0.013671875 0.0263671875
0 0.599609375 0.673828125 0.1416015625 0.4208984375
2 0.517578125 0.2470703125 0.0205078125 0.076171875
2 0.7138671875 0.0166015625 0.0126953125 0.033203125
2 0.3759765625 0.1982421875 0.017578125 0.044921875
2 0.099609375 0.041015625 0.013671875 0.064453125
2 0.310546875 0.0146484375 0.01171875 0.0283203125