2 0.603515625 0.0205078125 0.0087890625 0.0263671875
2 0.662109375 0.1025390625 0.0146484375 0.0419921875
2 0.6318359375 0.0400390625 0.013671875 0.0341796875
2 0.591796875 0.03515625 0.0126953125 0.03515625
2 0.5712890625 0.060546875 0.013671875 0.04296875
2 0.619140625 0.0693359375 0.015625 0.044921875
2 0.6416015625 0.1142578125 0.013671875 0.04296875
2 0.6650390625 0.05859375 0.013671875 0.0322265625
0 0.5380859375 0.076171875 0.048828125 0.095703125
2 0.7216796875 0.1337890625 0.013671875 0.0400390625
2 0.7158203125 0.1728515625 0.0146484375 0.0556640625
2 0.71484375 0.017578125 0.015625 0.0322265625
0 0.5244140625 0.017578125 0.0361328125 0.0341796875
0 0.51171875 0.1826171875 0.0712890625 0.130859375
2 0.8349609375 0.6865234375 0.0546875 0.16796875
3 0.65625 0.5595703125 0.244140625 0.84375
2 0.3408203125 0.9296875 0.0537109375 0.1328125
2 0.724609375 0.205078125 0.015625 0.044921875