2 0.6806640625 0.1201171875 0.017578125 0.0634765625
3 0.771484375 0.5703125 0.220703125 0.603515625
2 0.708984375 0.1572265625 0.0224609375 0.0615234375
2 0.6025390625 0.033203125 0.013671875 0.041015625
2 0.6328125 0.02734375 0.015625 0.05078125
2 0.65625 0.0751953125 0.0146484375 0.0458984375
2 0.4931640625 0.505859375 0.03515625 0.1337890625
0 0.6591796875 0.201171875 0.072265625 0.15234375
0 0.875 0.51171875 0.083984375 0.2626953125
0 0.5400390625 0.3154296875 0.0849609375 0.1884765625
0 0.416015625 0.5341796875 0.1240234375 0.345703125
0 0.28515625 0.4169921875 0.1103515625 0.28125
0 0.578125 0.5419921875 0.123046875 0.33984375
2 0.875 0.3271484375 0.0341796875 0.0673828125
2 0.720703125 0.2080078125 0.025390625 0.0625
0 0.5361328125 0.087890625 0.0546875 0.107421875
2 0.576171875 0.0126953125 0.0087890625 0.0244140625
2 0.65234375 0.04296875 0.0107421875 0.0302734375
2 0.7119140625 0.0166015625 0.013671875 0.0322265625
0 0.4423828125 0.0302734375 0.037109375 0.060546875
0 0.7353515625 0.255859375 0.0712890625 0.0439453125
2 0.740234375 0.0244140625 0.0107421875 0.0419921875
2 0.7314453125 0.138671875 0.0166015625 0.04296875
2 0.5908203125 0.01953125 0.01171875 0.0361328125