2 0.109375 0.2392578125 0.0234375 0.0673828125
2 0.80859375 0.322265625 0.0390625 0.07421875
2 0.6142578125 0.392578125 0.03515625 0.115234375
0 0.3779296875 0.1142578125 0.0517578125 0.1201171875
0 0.48828125 0.171875 0.0615234375 0.1435546875
2 0.7373046875 0.34765625 0.0302734375 0.0869140625
0 0.6298828125 0.275390625 0.0771484375 0.166015625
2 0.876953125 0.4462890625 0.0517578125 0.08984375
0 0.326171875 0.2939453125 0.09765625 0.2001953125
3 0.453125 0.0595703125 0.078125 0.111328125
0 0.5302734375 0.3447265625 0.0888671875 0.1982421875
3 0.568359375 0.083984375 0.0947265625 0.16796875
0 0.796875 0.4423828125 0.1083984375 0.22265625
2 0.095703125 0.0654296875 0.0234375 0.0693359375
0 0.2548828125 0.0537109375 0.0478515625 0.087890625
2 0.15234375 0.1591796875 0.021484375 0.064453125
0 0.6689453125 0.1845703125 0.05078125 0.1455078125
0 0.6787109375 0.4482421875 0.095703125 0.2578125
0 0.859375 0.669921875 0.111328125 0.3779296875
3 0.732421875 0.220703125 0.09375 0.220703125
0 0.4228515625 0.29296875 0.0849609375 0.1826171875
0 0.1630859375 0.0791015625 0.048828125 0.0771484375
2 0.6884765625 0.3095703125 0.021484375 0.0390625
2 0.28515625 0.2578125 0.0234375 0.05078125
0 0.6728515625 0.0869140625 0.0400390625 0.0546875
2 0.7900390625 0.25390625 0.021484375 0.0615234375
0 0.6279296875 0.1123046875 0.041015625 0.0771484375
0 0.509765625 0.0458984375 0.029296875 0.091796875
2 0.89453125 0.38671875 0.0234375 0.0654296875
2 0.1103515625 0.05078125 0.013671875 0.0390625
0 0.5869140625 0.7060546875 0.1416015625 0.3662109375
2 0.654296875 0.0283203125 0.01171875 0.03125
2 0.48828125 0.072265625 0.013671875 0.0498046875
0 0.416015625 0.5361328125 0.1201171875 0.302734375
2 0.474609375 0.455078125 0.03515625 0.13671875
0 0.2314453125 0.677734375 0.150390625 0.3740234375
2 0.7802734375 0.3125 0.02734375 0.0595703125
2 0.8154296875 0.2265625 0.0224609375 0.052734375
0 0.744140625 0.7109375 0.1572265625 0.341796875
2 0.7138671875 0.017578125 0.017578125 0.0341796875
0 0.41015625 0.07421875 0.0283203125 0.06640625
2 0.306640625 0.18359375 0.017578125 0.048828125