2 0.486328125 0.1171875 0.0224609375 0.0634765625
2 0.697265625 0.1572265625 0.0166015625 0.044921875
2 0.6298828125 0.0380859375 0.01171875 0.0322265625
0 0.5380859375 0.1259765625 0.0625 0.142578125
0 0.576171875 0.0654296875 0.05078125 0.091796875
2 0.6806640625 0.08203125 0.0146484375 0.041015625
2 0.64453125 0.0732421875 0.0166015625 0.0517578125
0 0.6162109375 0.130859375 0.064453125 0.111328125
2 0.416015625 0.037109375 0.0146484375 0.0478515625
2 0.6064453125 0.01171875 0.01171875 0.0234375
0 0.67578125 0.2255859375 0.0634765625 0.1513671875
2 0.8115234375 0.21484375 0.03125 0.0751953125
0 0.7578125 0.1826171875 0.07421875 0.1259765625
2 0.5068359375 0.193359375 0.03515625 0.0625
0 0.87109375 0.30078125 0.0908203125 0.173828125
2 0.7587890625 0.0361328125 0.01171875 0.029296875
3 0.7724609375 0.3720703125 0.12890625 0.2353515625
0 0.515625 0.0283203125 0.0390625 0.056640625
3 0.638671875 0.4580078125 0.12890625 0.3095703125
0 0.2685546875 0.6796875 0.1396484375 0.3271484375
3 0.7685546875 0.71875 0.22265625 0.533203125
0 0.580078125 0.2998046875 0.0859375 0.1884765625
2 0.1494140625 0.0185546875 0.013671875 0.037109375
2 0.7294921875 0.03125 0.0224609375 0.0341796875
0 0.3203125 0.4716796875 0.0986328125 0.2666015625
0 0.4853515625 0.705078125 0.1474609375 0.3818359375
0 0.5703125 0.0107421875 0.03125 0.021484375
2 0.541015625 0.017578125 0.017578125 0.0341796875
2 0.7451171875 0.0263671875 0.013671875 0.041015625
2 0.7470703125 0.2216796875 0.013671875 0.0263671875
2 0.7314453125 0.212890625 0.015625 0.0234375
2 0.9091796875 0.474609375 0.0146484375 0.064453125
2 0.5146484375 0.0849609375 0.0078125 0.0341796875