2 0.5830078125 0.0380859375 0.0166015625 0.060546875
2 0.7099609375 0.13671875 0.0185546875 0.0537109375
2 0.677734375 0.1708984375 0.025390625 0.06640625
2 0.6181640625 0.3955078125 0.0361328125 0.12109375
2 0.11328125 0.060546875 0.0166015625 0.048828125
2 0.6787109375 0.2578125 0.025390625 0.078125
2 0.6328125 0.0439453125 0.0244140625 0.0625
2 0.1572265625 0.01953125 0.0146484375 0.037109375
2 0.140625 0.0244140625 0.01171875 0.0361328125
2 0.71875 0.236328125 0.0234375 0.06640625
2 0.65625 0.1220703125 0.0234375 0.0673828125
2 0.59375 0.0166015625 0.01171875 0.0322265625
0 0.798828125 0.453125 0.1103515625 0.240234375
0 0.3310546875 0.298828125 0.091796875 0.201171875
0 0.5341796875 0.341796875 0.0859375 0.193359375
2 0.408203125 0.3486328125 0.0302734375 0.080078125
2 0.4775390625 0.2568359375 0.0244140625 0.078125
2 0.095703125 0.087890625 0.0146484375 0.044921875
0 0.1005859375 0.1787109375 0.0361328125 0.1103515625
0 0.4755859375 0.076171875 0.0478515625 0.1103515625
0 0.4443359375 0.1826171875 0.0693359375 0.142578125
0 0.564453125 0.1025390625 0.0546875 0.103515625
0 0.8623046875 0.673828125 0.107421875 0.3681640625
2 0.11328125 0.0263671875 0.01171875 0.03125
2 0.478515625 0.4580078125 0.0361328125 0.1435546875
0 0.5244140625 0.0625 0.044921875 0.1015625
0 0.5908203125 0.70703125 0.140625 0.3701171875
0 0.6826171875 0.4443359375 0.0947265625 0.2529296875
0 0.236328125 0.6787109375 0.1533203125 0.3759765625
2 0.701171875 0.306640625 0.029296875 0.048828125
0 0.4208984375 0.533203125 0.1171875 0.294921875
2 0.71484375 0.0166015625 0.0146484375 0.033203125
0 0.7412109375 0.6845703125 0.1494140625 0.3388671875
0 0.9072265625 0.5 0.021484375 0.1025390625
2 0.685546875 0.166015625 0.091796875 0.2685546875