3 0.802734375 0.4794921875 0.205078125 0.5224609375
2 0.6484375 0.2060546875 0.0205078125 0.0732421875
0 0.3671875 0.166015625 0.0703125 0.1455078125
0 0.5400390625 0.080078125 0.0478515625 0.099609375
0 0.591796875 0.1943359375 0.07421875 0.150390625
3 0.4658203125 0.0986328125 0.0693359375 0.19140625
2 0.578125 0.0244140625 0.015625 0.041015625
0 0.61328125 0.4052734375 0.10546875 0.275390625
0 0.5 0.048828125 0.01953125 0.0712890625
0 0.431640625 0.0400390625 0.021484375 0.06640625
0 0.4931640625 0.263671875 0.083984375 0.220703125
3 0.3125 0.4140625 0.1357421875 0.37890625
0 0.6826171875 0.142578125 0.0615234375 0.1337890625
0 0.61328125 0.1083984375 0.048828125 0.09375
2 0.5537109375 0.1611328125 0.017578125 0.0712890625
0 0.27734375 0.7900390625 0.1728515625 0.4013671875
0 0.478515625 0.591796875 0.1416015625 0.439453125
2 0.419921875 0.0400390625 0.0107421875 0.044921875
0 0.6943359375 0.3232421875 0.0478515625 0.1865234375
0 0.62109375 0.0244140625 0.0380859375 0.0478515625
2 0.14453125 0.0244140625 0.013671875 0.0400390625
3 0.1220703125 0.177734375 0.080078125 0.3193359375
2 0.1787109375 0.05078125 0.0205078125 0.0595703125
2 0.630859375 0.873046875 0.0615234375 0.208984375
3 0.8994140625 0.439453125 0.0390625 0.1669921875