2 0.5908203125 0.0361328125 0.013671875 0.0400390625
2 0.666015625 0.103515625 0.017578125 0.0478515625
2 0.701171875 0.17578125 0.0166015625 0.0556640625
2 0.6142578125 0.0244140625 0.0146484375 0.044921875
3 0.7734375 0.568359375 0.2275390625 0.611328125
2 0.7880859375 0.26953125 0.025390625 0.0751953125
2 0.7646484375 0.181640625 0.0146484375 0.0546875
0 0.662109375 0.203125 0.07421875 0.15625
2 0.5048828125 0.6142578125 0.0498046875 0.1572265625
2 0.6708984375 0.0576171875 0.017578125 0.05859375
0 0.8779296875 0.517578125 0.078125 0.2529296875
2 0.5869140625 0.0107421875 0.013671875 0.021484375
0 0.4638671875 0.044921875 0.048828125 0.080078125
0 0.4169921875 0.5498046875 0.1259765625 0.3515625
2 0.740234375 0.03125 0.009765625 0.029296875
0 0.576171875 0.2177734375 0.0830078125 0.1650390625
2 0.6494140625 0.1044921875 0.01953125 0.0537109375
0 0.15625 0.076171875 0.060546875 0.09765625
0 0.5458984375 0.3779296875 0.095703125 0.2255859375
0 0.2841796875 0.416015625 0.1103515625 0.2802734375
0 0.4296875 0.1162109375 0.0546875 0.138671875
0 0.59765625 0.67578125 0.1416015625 0.4130859375
2 0.7119140625 0.0166015625 0.0146484375 0.033203125
2 0.8681640625 0.328125 0.0166015625 0.0263671875
0 0.7353515625 0.2568359375 0.0751953125 0.044921875
2 0.6982421875 0.12890625 0.013671875 0.0390625
2 0.5751953125 0.01171875 0.0107421875 0.021484375
2 0.6708984375 0.0234375 0.009765625 0.0283203125