0 0.35546875 0.1650390625 0.07421875 0.14453125
2 0.2998046875 0.73046875 0.0625 0.2060546875
0 0.443359375 0.1240234375 0.0576171875 0.111328125
2 0.404296875 0.13671875 0.025390625 0.0888671875
0 0.38671875 0.05859375 0.052734375 0.080078125
0 0.486328125 0.0849609375 0.0537109375 0.1220703125
2 0.72265625 0.1630859375 0.0205078125 0.0576171875
0 0.33203125 0.2978515625 0.0888671875 0.1826171875
2 0.3701171875 0.5380859375 0.0478515625 0.1513671875
2 0.447265625 0.05078125 0.0205078125 0.04296875
2 0.3857421875 0.3115234375 0.0390625 0.1103515625
2 0.802734375 0.22265625 0.0234375 0.0673828125
0 0.5439453125 0.2158203125 0.064453125 0.1416015625
0 0.5 0.5537109375 0.12890625 0.3193359375
2 0.775390625 0.369140625 0.0419921875 0.078125
2 0.23828125 0.0126953125 0.013671875 0.025390625
2 0.158203125 0.83203125 0.0751953125 0.22265625
2 0.3955078125 0.2216796875 0.0322265625 0.0927734375
2 0.5185546875 0.09375 0.0166015625 0.0732421875
0 0.4052734375 0.751953125 0.146484375 0.47265625
2 0.4951171875 0.017578125 0.013671875 0.0341796875
3 0.6611328125 0.0625 0.0556640625 0.0908203125
0 0.8623046875 0.439453125 0.1103515625 0.2294921875
2 0.2255859375 0.0146484375 0.013671875 0.0283203125
2 0.5205078125 0.0224609375 0.0205078125 0.0439453125
3 0.568359375 0.0849609375 0.0732421875 0.169921875
3 0.10546875 0.099609375 0.046875 0.1728515625
0 0.578125 0.326171875 0.0419921875 0.158203125
3 0.447265625 0.31640625 0.091796875 0.263671875
2 0.31640625 0.0146484375 0.0146484375 0.0283203125
0 0.3984375 0.0146484375 0.0322265625 0.0283203125
2 0.373046875 0.23046875 0.01953125 0.05859375
0 0.7978515625 0.9111328125 0.171875 0.16796875
0 0.8935546875 0.822265625 0.044921875 0.3330078125
0 0.2802734375 0.4716796875 0.12109375 0.283203125
0 0.12890625 0.08203125 0.0146484375 0.09375
3 0.689453125 0.548828125 0.19921875 0.40234375
3 0.5947265625 0.5380859375 0.05078125 0.2802734375