2 0.685546875 0.134765625 0.01953125 0.064453125
0 0.62890625 0.1484375 0.0634765625 0.09765625
2 0.671875 0.0537109375 0.015625 0.0439453125
0 0.5234375 0.068359375 0.0498046875 0.0859375
2 0.5224609375 0.3505859375 0.037109375 0.1162109375
2 0.7333984375 0.201171875 0.0263671875 0.056640625
2 0.8251953125 0.310546875 0.0322265625 0.091796875
2 0.6640625 0.142578125 0.0146484375 0.0625
0 0.76171875 0.2822265625 0.0927734375 0.1513671875
2 0.6943359375 0.2509765625 0.0205078125 0.0791015625
2 0.7705078125 0.2001953125 0.0234375 0.0498046875
0 0.6337890625 0.287109375 0.087890625 0.1962890625
2 0.8388671875 0.2509765625 0.0302734375 0.0751953125
2 0.7333984375 0.392578125 0.033203125 0.0986328125
0 0.6171875 0.0869140625 0.04296875 0.044921875
2 0.802734375 0.203125 0.01953125 0.0537109375
0 0.6015625 0.0263671875 0.0439453125 0.052734375
0 0.5732421875 0.01953125 0.025390625 0.0390625
2 0.7275390625 0.029296875 0.0234375 0.04296875
0 0.87109375 0.4521484375 0.0908203125 0.236328125
2 0.80078125 0.2724609375 0.025390625 0.0654296875
0 0.453125 0.046875 0.04296875 0.087890625
2 0.416015625 0.0400390625 0.013671875 0.0478515625
0 0.3935546875 0.052734375 0.0537109375 0.099609375
2 0.861328125 0.31640625 0.0234375 0.048828125
2 0.6875 0.021484375 0.015625 0.04296875
0 0.3740234375 0.1953125 0.064453125 0.146484375
0 0.61328125 0.48828125 0.1357421875 0.291015625
2 0.7451171875 0.0244140625 0.0166015625 0.046875
0 0.453125 0.1630859375 0.0615234375 0.125
0 0.314453125 0.421875 0.125 0.275390625
2 0.4833984375 0.841796875 0.072265625 0.244140625
2 0.8984375 0.341796875 0.021484375 0.0458984375
0 0.8154296875 0.7314453125 0.2041015625 0.50390625
0 0.19921875 0.85546875 0.212890625 0.2841796875
0 0.5546875 0.009765625 0.015625 0.01953125
2 0.4755859375 0.0087890625 0.0107421875 0.017578125
2 0.568359375 0.9521484375 0.0791015625 0.0908203125