2 0.40625 0.146484375 0.0224609375 0.07421875
2 0.3896484375 0.458984375 0.0380859375 0.1279296875
0 0.51171875 0.0283203125 0.03125 0.056640625
3 0.33984375 0.2919921875 0.10546875 0.271484375
0 0.53515625 0.0751953125 0.05078125 0.0751953125
0 0.6806640625 0.228515625 0.0634765625 0.146484375
0 0.5849609375 0.197265625 0.0712890625 0.1474609375
2 0.52734375 0.232421875 0.0263671875 0.09375
0 0.486328125 0.46484375 0.1171875 0.244140625
2 0.6416015625 0.0166015625 0.0166015625 0.0302734375
0 0.8701171875 0.3818359375 0.0810546875 0.1572265625
0 0.6083984375 0.0771484375 0.056640625 0.099609375
2 0.1953125 0.59765625 0.044921875 0.173828125
2 0.7978515625 0.18359375 0.029296875 0.0361328125
3 0.771484375 0.380859375 0.1298828125 0.2392578125
0 0.80078125 0.240234375 0.0888671875 0.1240234375
0 0.5703125 0.0234375 0.0263671875 0.0458984375
2 0.7060546875 0.1005859375 0.017578125 0.044921875
2 0.68359375 0.013671875 0.0166015625 0.0263671875
3 0.46875 0.080078125 0.0703125 0.1572265625
2 0.109375 0.0537109375 0.017578125 0.0625
2 0.7587890625 0.173828125 0.021484375 0.0654296875
0 0.484375 0.7158203125 0.146484375 0.3818359375
0 0.21484375 0.01953125 0.05859375 0.0390625
3 0.7705078125 0.724609375 0.2177734375 0.5361328125
3 0.6416015625 0.46484375 0.1357421875 0.3037109375
2 0.7255859375 0.107421875 0.0166015625 0.0439453125
2 0.7412109375 0.208984375 0.0166015625 0.04296875
0 0.271484375 0.6826171875 0.14453125 0.3203125
2 0.4140625 0.357421875 0.0244140625 0.08203125
2 0.69921875 0.017578125 0.01953125 0.0322265625
2 0.7744140625 0.1650390625 0.013671875 0.033203125
2 0.5048828125 0.115234375 0.017578125 0.05859375
2 0.8564453125 0.2802734375 0.021484375 0.04296875
0 0.263671875 0.0244140625 0.033203125 0.048828125
2 0.6826171875 0.0712890625 0.0166015625 0.0615234375
2 0.3056640625 0.0166015625 0.0244140625 0.0322265625