2 0.431640625 0.0439453125 0.0126953125 0.033203125
0 0.3857421875 0.0537109375 0.0478515625 0.0654296875
2 0.6220703125 0.3095703125 0.0302734375 0.1083984375
2 0.6689453125 0.09375 0.0146484375 0.04296875
0 0.3369140625 0.2666015625 0.0771484375 0.16796875
0 0.630859375 0.1533203125 0.0546875 0.1162109375
0 0.5546875 0.1474609375 0.0517578125 0.1123046875
0 0.47265625 0.25 0.0771484375 0.1748046875
2 0.740234375 0.2705078125 0.0244140625 0.0810546875
0 0.46484375 0.0771484375 0.044921875 0.0849609375
0 0.3525390625 0.15234375 0.0673828125 0.0986328125
2 0.654296875 0.373046875 0.0419921875 0.1240234375
0 0.5966796875 0.0263671875 0.0380859375 0.0517578125
2 0.8505859375 0.8447265625 0.068359375 0.2216796875
2 0.802734375 0.3515625 0.0224609375 0.0712890625
2 0.7119140625 0.544921875 0.0546875 0.1279296875
2 0.7626953125 0.2958984375 0.0302734375 0.05859375
0 0.1796875 0.1357421875 0.0693359375 0.1201171875
2 0.39453125 0.1455078125 0.03515625 0.0849609375
2 0.521484375 0.09375 0.01953125 0.0791015625
2 0.5 0.158203125 0.0263671875 0.052734375
2 0.6533203125 0.2744140625 0.0263671875 0.056640625
2 0.5390625 0.3037109375 0.02734375 0.09375
2 0.486328125 0.3486328125 0.0419921875 0.087890625
0 0.26953125 0.0302734375 0.0419921875 0.060546875
0 0.5810546875 0.375 0.0927734375 0.228515625
2 0.3837890625 0.2099609375 0.033203125 0.072265625
2 0.6435546875 0.087890625 0.0146484375 0.033203125
0 0.28515625 0.443359375 0.123046875 0.296875
0 0.873046875 0.3916015625 0.0859375 0.2275390625
2 0.5107421875 0.232421875 0.0224609375 0.08203125
2 0.8984375 0.5859375 0.0361328125 0.1337890625
2 0.3779296875 0.33203125 0.0361328125 0.1025390625
2 0.6123046875 0.0703125 0.0166015625 0.0537109375
0 0.099609375 0.3076171875 0.0361328125 0.1513671875
3 0.8017578125 0.265625 0.08984375 0.1806640625
0 0.7802734375 0.4580078125 0.1318359375 0.2978515625
2 0.541015625 0.240234375 0.02734375 0.052734375
0 0.71484375 0.7978515625 0.17578125 0.3779296875
0 0.28125 0.8798828125 0.236328125 0.2333984375
2 0.49609375 0.0263671875 0.0126953125 0.0439453125
2 0.5830078125 0.2587890625 0.0224609375 0.0263671875
2 0.427734375 0.2099609375 0.0341796875 0.05078125
0 0.69921875 0.255859375 0.076171875 0.169921875
0 0.474609375 0.0244140625 0.0400390625 0.0478515625
2 0.2802734375 0.2705078125 0.0263671875 0.056640625
2 0.578125 0.119140625 0.009765625 0.0419921875
2 0.71484375 0.0166015625 0.0146484375 0.033203125
2 0.36328125 0.5 0.033203125 0.126953125
2 0.7392578125 0.2138671875 0.0224609375 0.048828125
2 0.6181640625 0.2373046875 0.0244140625 0.044921875
2 0.5009765625 0.115234375 0.01953125 0.05078125
3 0.7626953125 0.0263671875 0.044921875 0.052734375