0 0.3359375 0.267578125 0.0771484375 0.166015625
0 0.3857421875 0.0537109375 0.048828125 0.06640625
2 0.8017578125 0.7451171875 0.060546875 0.1953125
2 0.6337890625 0.0205078125 0.013671875 0.041015625
0 0.4716796875 0.244140625 0.078125 0.1669921875
0 0.55859375 0.22265625 0.0673828125 0.154296875
2 0.8271484375 0.4384765625 0.0390625 0.1240234375
0 0.3525390625 0.1513671875 0.06640625 0.1015625
2 0.71484375 0.20703125 0.0224609375 0.0458984375
0 0.46484375 0.0751953125 0.04296875 0.0859375
2 0.515625 0.08984375 0.01953125 0.0712890625
0 0.552734375 0.1162109375 0.0546875 0.0791015625
0 0.6259765625 0.1376953125 0.060546875 0.1015625
2 0.396484375 0.1396484375 0.0302734375 0.076171875
2 0.501953125 0.1611328125 0.0322265625 0.0810546875
2 0.787109375 0.3837890625 0.03515625 0.1142578125
2 0.8916015625 0.4716796875 0.0478515625 0.1171875
2 0.392578125 0.599609375 0.0693359375 0.1318359375
2 0.3837890625 0.2275390625 0.033203125 0.0751953125
0 0.6357421875 0.4375 0.11328125 0.2607421875
0 0.2822265625 0.4423828125 0.1171875 0.2939453125
0 0.8798828125 0.7197265625 0.0771484375 0.40234375
0 0.6875 0.0732421875 0.0517578125 0.087890625
2 0.7666015625 0.2822265625 0.0234375 0.0625
0 0.72265625 0.3310546875 0.10546875 0.2236328125
2 0.599609375 0.1962890625 0.0283203125 0.1044921875
0 0.126953125 0.21875 0.0849609375 0.1337890625
3 0.7734375 0.19921875 0.0703125 0.1298828125
0 0.3349609375 0.8212890625 0.23046875 0.34375
2 0.48828125 0.0986328125 0.01953125 0.068359375
2 0.6533203125 0.2958984375 0.033203125 0.0888671875
2 0.61328125 0.2734375 0.0302734375 0.0732421875
2 0.4248046875 0.015625 0.017578125 0.0302734375
2 0.732421875 0.22265625 0.0205078125 0.0478515625
0 0.208984375 0.0634765625 0.0712890625 0.123046875
2 0.578125 0.1416015625 0.0146484375 0.0556640625
0 0.83984375 0.3251953125 0.099609375 0.205078125
2 0.908203125 0.359375 0.0185546875 0.0732421875
2 0.44921875 0.0166015625 0.0185546875 0.033203125
2 0.2783203125 0.267578125 0.0234375 0.0634765625
0 0.1142578125 0.0380859375 0.048828125 0.076171875
2 0.4111328125 0.1953125 0.0205078125 0.060546875
2 0.705078125 0.1611328125 0.0166015625 0.04296875
0 0.6728515625 0.2060546875 0.0693359375 0.1337890625
2 0.4912109375 0.0146484375 0.009765625 0.0283203125
0 0.8720703125 0.9619140625 0.091796875 0.072265625
2 0.8935546875 0.2919921875 0.021484375 0.05859375
2 0.78125 0.2451171875 0.0205078125 0.0498046875
2 0.8505859375 0.22265625 0.021484375 0.052734375
2 0.46484375 0.330078125 0.015625 0.0869140625
2 0.521484375 0.34375 0.0361328125 0.0908203125