3 0.7734375 0.572265625 0.2392578125 0.6083984375
2 0.365234375 0.1572265625 0.0205078125 0.07421875
0 0.4697265625 0.2353515625 0.0771484375 0.1650390625
0 0.3369140625 0.2666015625 0.076171875 0.1689453125
0 0.2880859375 0.4189453125 0.1162109375 0.275390625
0 0.3759765625 0.0673828125 0.0576171875 0.1044921875
0 0.693359375 0.2451171875 0.0869140625 0.123046875
0 0.416015625 0.5458984375 0.1279296875 0.36328125
0 0.6396484375 0.4189453125 0.064453125 0.2587890625
0 0.5439453125 0.380859375 0.095703125 0.2294921875
2 0.791015625 0.1611328125 0.0244140625 0.0693359375
0 0.595703125 0.6796875 0.1416015625 0.419921875
2 0.3564453125 0.1083984375 0.013671875 0.0419921875
0 0.5888671875 0.0166015625 0.033203125 0.0322265625
3 0.884765625 0.57421875 0.0634765625 0.291015625
3 0.4345703125 0.0859375 0.0546875 0.0400390625