2 0.5791015625 0.091796875 0.0185546875 0.056640625
2 0.49609375 0.0888671875 0.017578125 0.0625
0 0.546875 0.158203125 0.0615234375 0.125
2 0.41796875 0.2109375 0.0244140625 0.0810546875
0 0.6181640625 0.0712890625 0.0439453125 0.087890625
3 0.70703125 0.205078125 0.1083984375 0.2578125
2 0.634765625 0.0283203125 0.0205078125 0.03515625
0 0.4609375 0.0380859375 0.04296875 0.064453125
2 0.6552734375 0.04296875 0.0234375 0.044921875
2 0.6982421875 0.4208984375 0.033203125 0.1298828125
0 0.4580078125 0.2421875 0.0771484375 0.1865234375
0 0.34375 0.2294921875 0.083984375 0.169921875
0 0.4580078125 0.1142578125 0.0576171875 0.1123046875
2 0.6865234375 0.0615234375 0.0322265625 0.060546875
2 0.6142578125 0.009765625 0.0126953125 0.01953125
2 0.576171875 0.03125 0.017578125 0.0478515625
0 0.3916015625 0.0615234375 0.048828125 0.095703125
0 0.779296875 0.4208984375 0.1171875 0.25
0 0.8212890625 0.2861328125 0.08203125 0.1435546875
0 0.63671875 0.4609375 0.1337890625 0.314453125
0 0.8671875 0.4052734375 0.0986328125 0.1982421875
0 0.5419921875 0.0107421875 0.029296875 0.021484375
2 0.7783203125 0.15234375 0.0244140625 0.048828125
2 0.5615234375 0.0107421875 0.017578125 0.021484375
0 0.8701171875 0.6962890625 0.0908203125 0.369140625
0 0.625 0.8779296875 0.1796875 0.2373046875
0 0.63671875 0.1591796875 0.056640625 0.158203125
2 0.8134765625 0.8623046875 0.07421875 0.2119140625
0 0.205078125 0.8095703125 0.1962890625 0.373046875
0 0.4677734375 0.486328125 0.12890625 0.3125
0 0.2890625 0.45703125 0.1162109375 0.2802734375