2 0.759765625 0.1611328125 0.0234375 0.052734375
2 0.4140625 0.271484375 0.029296875 0.0693359375
2 0.3916015625 0.45703125 0.0419921875 0.1376953125
2 0.8984375 0.3125 0.03125 0.06640625
2 0.1171875 0.140625 0.0234375 0.0517578125
3 0.33984375 0.2822265625 0.1083984375 0.25390625
2 0.73046875 0.1337890625 0.0234375 0.0390625
0 0.5361328125 0.1376953125 0.060546875 0.12890625
2 0.6640625 0.0419921875 0.0146484375 0.0322265625
2 0.8330078125 0.2392578125 0.029296875 0.0673828125
2 0.2802734375 0.2890625 0.0244140625 0.0732421875
0 0.6923828125 0.1240234375 0.0615234375 0.07421875
0 0.19921875 0.1259765625 0.06640625 0.10546875
0 0.626953125 0.1640625 0.0615234375 0.1240234375
0 0.5107421875 0.0263671875 0.037109375 0.052734375
0 0.3662109375 0.1318359375 0.0673828125 0.10546875
0 0.8671875 0.3798828125 0.0849609375 0.1611328125
2 0.8671875 0.2802734375 0.0478515625 0.0546875
0 0.1376953125 0.2109375 0.0732421875 0.123046875
0 0.67578125 0.224609375 0.0654296875 0.1513671875
3 0.4638671875 0.0810546875 0.068359375 0.158203125
0 0.482421875 0.466796875 0.1181640625 0.24609375
3 0.642578125 0.4609375 0.138671875 0.322265625
2 0.6357421875 0.095703125 0.0166015625 0.0390625
0 0.47265625 0.27734375 0.0927734375 0.19140625
2 0.3916015625 0.3037109375 0.0234375 0.08203125
3 0.7646484375 0.3974609375 0.1396484375 0.2919921875
0 0.5595703125 0.033203125 0.044921875 0.0654296875
3 0.599609375 0.0478515625 0.0546875 0.095703125
3 0.150390625 0.0615234375 0.0654296875 0.12109375
3 0.767578125 0.7197265625 0.21875 0.5400390625
2 0.345703125 0.029296875 0.0107421875 0.05859375
0 0.2685546875 0.6806640625 0.1484375 0.3271484375
0 0.48046875 0.7158203125 0.1484375 0.3818359375
0 0.578125 0.3017578125 0.0849609375 0.1962890625
2 0.0869140625 0.029296875 0.0087890625 0.046875
2 0.392578125 0.20703125 0.013671875 0.052734375
0 0.728515625 0.1943359375 0.064453125 0.095703125
2 0.3056640625 0.0263671875 0.0146484375 0.052734375
2 0.4228515625 0.0712890625 0.0244140625 0.0693359375