2 0.7216796875 0.3525390625 0.029296875 0.0654296875
2 0.6875 0.1123046875 0.015625 0.05078125
2 0.619140625 0.3974609375 0.0302734375 0.1015625
0 0.494140625 0.171875 0.0625 0.1435546875
0 0.53515625 0.3427734375 0.08984375 0.197265625
0 0.634765625 0.2724609375 0.0771484375 0.1591796875
2 0.888671875 0.455078125 0.0380859375 0.078125
0 0.3310546875 0.2978515625 0.1015625 0.1982421875
2 0.0966796875 0.142578125 0.0224609375 0.0673828125
2 0.85546875 0.439453125 0.0244140625 0.0830078125
0 0.6806640625 0.4423828125 0.0927734375 0.2509765625
0 0.4208984375 0.185546875 0.0673828125 0.14453125
2 0.10546875 0.056640625 0.015625 0.044921875
2 0.146484375 0.1123046875 0.0224609375 0.0615234375
3 0.6357421875 0.0634765625 0.0498046875 0.1259765625
0 0.86328125 0.673828125 0.107421875 0.376953125
2 0.7861328125 0.328125 0.0205078125 0.03515625
3 0.5625 0.08203125 0.1005859375 0.1630859375
0 0.7998046875 0.453125 0.1142578125 0.23828125
2 0.71484375 0.0166015625 0.0126953125 0.0322265625
0 0.591796875 0.7109375 0.1416015625 0.369140625
2 0.48046875 0.4775390625 0.029296875 0.1015625
0 0.16015625 0.0166015625 0.0361328125 0.0322265625
0 0.2373046875 0.677734375 0.1533203125 0.373046875
2 0.64453125 0.3916015625 0.017578125 0.068359375
2 0.23046875 0.0205078125 0.0126953125 0.041015625
2 0.306640625 0.1982421875 0.0263671875 0.0712890625
0 0.421875 0.5283203125 0.1201171875 0.310546875
2 0.4462890625 0.3544921875 0.02734375 0.048828125
2 0.38671875 0.3994140625 0.02734375 0.0576171875
0 0.744140625 0.6865234375 0.1484375 0.337890625
0 0.5859375 0.2041015625 0.0703125 0.1357421875
2 0.3759765625 0.255859375 0.017578125 0.0615234375
2 0.7431640625 0.0322265625 0.009765625 0.0283203125