0 0.375 0.1328125 0.0556640625 0.138671875
0 0.5146484375 0.26953125 0.0732421875 0.1748046875
2 0.33984375 0.17578125 0.0263671875 0.052734375
0 0.326171875 0.294921875 0.0986328125 0.1962890625
0 0.5126953125 0.0302734375 0.0400390625 0.060546875
2 0.595703125 0.3115234375 0.025390625 0.0791015625
0 0.4619140625 0.1142578125 0.060546875 0.1005859375
2 0.4951171875 0.61328125 0.0546875 0.169921875
2 0.8896484375 0.517578125 0.0478515625 0.091796875
2 0.8271484375 0.5732421875 0.044921875 0.140625
2 0.822265625 0.314453125 0.021484375 0.0625
2 0.8544921875 0.88671875 0.0625 0.2001953125
0 0.4189453125 0.3349609375 0.0859375 0.2021484375
2 0.880859375 0.37109375 0.033203125 0.091796875
0 0.6728515625 0.1982421875 0.0537109375 0.1728515625
2 0.8525390625 0.4033203125 0.0341796875 0.09375
0 0.8203125 0.2587890625 0.0693359375 0.140625
3 0.58984375 0.1396484375 0.1240234375 0.2763671875
2 0.6435546875 0.033203125 0.017578125 0.0361328125
0 0.6142578125 0.7939453125 0.162109375 0.3916015625
0 0.751953125 0.3125 0.0888671875 0.1796875
0 0.650390625 0.376953125 0.1005859375 0.2353515625
2 0.283203125 0.2568359375 0.02734375 0.056640625
2 0.1025390625 0.2216796875 0.0244140625 0.0732421875
0 0.7060546875 0.5615234375 0.134765625 0.3291015625
2 0.2998046875 0.1943359375 0.0380859375 0.0712890625
0 0.4072265625 0.625 0.12890625 0.333984375
2 0.51171875 0.1064453125 0.0185546875 0.05859375
2 0.8515625 0.3037109375 0.017578125 0.056640625
0 0.2314453125 0.681640625 0.15234375 0.3720703125
2 0.8212890625 0.4560546875 0.033203125 0.1005859375
2 0.61328125 0.015625 0.0126953125 0.03125
2 0.134765625 0.1162109375 0.0283203125 0.052734375
0 0.248046875 0.037109375 0.0419921875 0.072265625
0 0.494140625 0.009765625 0.015625 0.01953125
2 0.708984375 0.017578125 0.0166015625 0.03515625
2 0.400390625 0.0400390625 0.009765625 0.037109375
3 0.123046875 0.021484375 0.0439453125 0.04296875