2 0.505859375 0.5107421875 0.044921875 0.146484375
0 0.548828125 0.185546875 0.0634765625 0.1396484375
2 0.5869140625 0.494140625 0.0439453125 0.15625
2 0.7216796875 0.1279296875 0.0205078125 0.0537109375
0 0.3857421875 0.0537109375 0.05078125 0.0673828125
2 0.5908203125 0.1396484375 0.017578125 0.060546875
0 0.3369140625 0.26953125 0.078125 0.17578125
0 0.474609375 0.2431640625 0.0810546875 0.169921875
2 0.5205078125 0.388671875 0.0361328125 0.103515625
0 0.6015625 0.296875 0.0859375 0.2021484375
2 0.5107421875 0.220703125 0.0224609375 0.0830078125
0 0.6318359375 0.13671875 0.05078125 0.09765625
0 0.353515625 0.15625 0.0673828125 0.1015625
0 0.4755859375 0.033203125 0.041015625 0.0654296875
2 0.6064453125 0.14453125 0.017578125 0.0625
2 0.6875 0.4013671875 0.0380859375 0.119140625
2 0.109375 0.0712890625 0.0224609375 0.05859375
2 0.8935546875 0.48828125 0.041015625 0.1474609375
2 0.7265625 0.2001953125 0.01953125 0.0439453125
2 0.76953125 0.3291015625 0.03125 0.0673828125
2 0.7431640625 0.2685546875 0.0224609375 0.0693359375
2 0.3994140625 0.1298828125 0.0302734375 0.080078125
2 0.5146484375 0.064453125 0.01953125 0.0771484375
2 0.38671875 0.28515625 0.0322265625 0.130859375
0 0.283203125 0.443359375 0.1181640625 0.294921875
2 0.705078125 0.1650390625 0.0185546875 0.033203125
2 0.6474609375 0.2763671875 0.021484375 0.0849609375
2 0.6337890625 0.19140625 0.021484375 0.0615234375
0 0.171875 0.0595703125 0.0380859375 0.0830078125
2 0.4345703125 0.048828125 0.0146484375 0.02734375
2 0.478515625 0.111328125 0.025390625 0.06640625
0 0.4423828125 0.125 0.0654296875 0.1240234375
3 0.548828125 0.060546875 0.064453125 0.12109375
0 0.8291015625 0.494140625 0.1484375 0.3037109375
0 0.630859375 0.837890625 0.177734375 0.31640625
0 0.396484375 0.7490234375 0.1630859375 0.466796875
0 0.2744140625 0.021484375 0.0205078125 0.04296875
2 0.5048828125 0.12109375 0.0224609375 0.0625
0 0.705078125 0.283203125 0.0947265625 0.20703125
2 0.876953125 0.291015625 0.0166015625 0.05859375
2 0.4833984375 0.1552734375 0.0283203125 0.033203125
2 0.8984375 0.3359375 0.03515625 0.091796875
3 0.7724609375 0.1923828125 0.0703125 0.12109375
2 0.5244140625 0.681640625 0.0517578125 0.142578125
2 0.3935546875 0.2109375 0.02734375 0.0654296875
2 0.142578125 0.0263671875 0.0146484375 0.03125
2 0.80078125 0.3134765625 0.0263671875 0.0712890625
0 0.2333984375 0.0224609375 0.0283203125 0.0439453125
2 0.6728515625 0.08984375 0.013671875 0.037109375
2 0.0888671875 0.04296875 0.013671875 0.0419921875
2 0.70703125 0.1875 0.0146484375 0.0244140625
2 0.7802734375 0.28125 0.01953125 0.0625
2 0.4921875 0.0732421875 0.0166015625 0.0439453125
2 0.3564453125 0.408203125 0.0302734375 0.1259765625
2 0.5830078125 0.033203125 0.0087890625 0.0341796875
2 0.744140625 0.0302734375 0.0107421875 0.02734375
2 0.123046875 0.046875 0.01171875 0.033203125
2 0.666015625 0.1171875 0.013671875 0.029296875
0 0.6259765625 0.0185546875 0.037109375 0.037109375
0 0.1240234375 0.1845703125 0.080078125 0.1259765625
2 0.44921875 0.0166015625 0.0166015625 0.033203125
2 0.845703125 0.37109375 0.025390625 0.0654296875
2 0.91015625 0.419921875 0.0146484375 0.0712890625
2 0.6806640625 0.009765625 0.009765625 0.01953125
2 0.71484375 0.0166015625 0.013671875 0.0322265625
3 0.2158203125 0.0791015625 0.0654296875 0.1328125