0 0.380859375 0.123046875 0.0576171875 0.1337890625
2 0.1181640625 0.041015625 0.0166015625 0.0478515625
0 0.5322265625 0.359375 0.1005859375 0.2060546875
0 0.4248046875 0.294921875 0.0859375 0.1884765625
2 0.5205078125 0.568359375 0.0634765625 0.197265625
2 0.630859375 0.5712890625 0.05078125 0.15625
0 0.330078125 0.30078125 0.1044921875 0.205078125
2 0.8603515625 0.2900390625 0.02734375 0.0693359375
2 0.783203125 0.2119140625 0.0205078125 0.0908203125
0 0.63671875 0.3017578125 0.083984375 0.1953125
2 0.142578125 0.0400390625 0.0166015625 0.0458984375
0 0.49609375 0.1787109375 0.060546875 0.1396484375
2 0.80859375 0.220703125 0.025390625 0.05078125
2 0.1708984375 0.01953125 0.01953125 0.0322265625
2 0.810546875 0.3291015625 0.033203125 0.06640625
0 0.6328125 0.1015625 0.0390625 0.1064453125
2 0.8876953125 0.4794921875 0.0478515625 0.1259765625
2 0.83203125 0.3671875 0.03125 0.060546875
0 0.51953125 0.05078125 0.033203125 0.099609375
2 0.71484375 0.4306640625 0.0361328125 0.06640625
3 0.4541015625 0.0517578125 0.0849609375 0.099609375
2 0.85546875 0.4296875 0.0283203125 0.0927734375
3 0.5712890625 0.0849609375 0.099609375 0.16796875
0 0.744140625 0.654296875 0.146484375 0.369140625
0 0.6708984375 0.1875 0.052734375 0.15625
2 0.833984375 0.28125 0.0341796875 0.0751953125
3 0.7392578125 0.212890625 0.0927734375 0.203125
0 0.4169921875 0.537109375 0.1162109375 0.298828125
2 0.7001953125 0.3740234375 0.029296875 0.0986328125
2 0.78125 0.1552734375 0.0166015625 0.0439453125
2 0.70703125 0.013671875 0.0234375 0.02734375
2 0.0888671875 0.0537109375 0.0146484375 0.0615234375
2 0.384765625 0.4072265625 0.029296875 0.0927734375
0 0.234375 0.6787109375 0.15234375 0.376953125
3 0.1083984375 0.2109375 0.05859375 0.2138671875
0 0.8896484375 0.705078125 0.0556640625 0.2138671875
2 0.9033203125 0.4052734375 0.02734375 0.0751953125
0 0.6259765625 0.04296875 0.029296875 0.0390625
0 0.25390625 0.0390625 0.046875 0.0771484375
2 0.740234375 0.3642578125 0.0341796875 0.072265625
0 0.595703125 0.8515625 0.181640625 0.294921875
2 0.4853515625 0.5224609375 0.0400390625 0.060546875
2 0.44140625 0.1181640625 0.0263671875 0.0732421875
2 0.4853515625 0.4072265625 0.03125 0.107421875
0 0.5009765625 0.0107421875 0.0185546875 0.021484375
2 0.8740234375 0.3837890625 0.0263671875 0.0615234375
2 0.2099609375 0.1171875 0.021484375 0.080078125
2 0.3095703125 0.1845703125 0.017578125 0.048828125