0 0.587890625 0.0947265625 0.064453125 0.1044921875
0 0.5400390625 0.1279296875 0.05859375 0.1416015625
0 0.5869140625 0.19921875 0.0703125 0.14453125
2 0.4912109375 0.05859375 0.0185546875 0.05859375
0 0.6923828125 0.1162109375 0.0576171875 0.0888671875
0 0.841796875 0.3310546875 0.0693359375 0.13671875
0 0.5556640625 0.0361328125 0.0439453125 0.0693359375
2 0.65234375 0.125 0.01953125 0.060546875
0 0.71875 0.296875 0.0771484375 0.1767578125
2 0.7275390625 0.12109375 0.01953125 0.0556640625
3 0.6396484375 0.4580078125 0.1279296875 0.3046875
0 0.2685546875 0.6796875 0.1396484375 0.326171875
0 0.7900390625 0.1953125 0.078125 0.13671875
2 0.6015625 0.015625 0.0107421875 0.0302734375
2 0.6357421875 0.078125 0.017578125 0.0517578125
3 0.7705078125 0.71875 0.224609375 0.533203125
2 0.515625 0.083984375 0.0087890625 0.044921875
2 0.744140625 0.0283203125 0.015625 0.037109375
0 0.322265625 0.466796875 0.095703125 0.2587890625
0 0.5166015625 0.0224609375 0.0400390625 0.044921875
0 0.47265625 0.1875 0.068359375 0.138671875
0 0.4853515625 0.701171875 0.1484375 0.3828125
2 0.740234375 0.216796875 0.0166015625 0.033203125
2 0.9091796875 0.37109375 0.0146484375 0.072265625
2 0.849609375 0.40234375 0.02734375 0.0478515625
2 0.6484375 0.06640625 0.013671875 0.03515625
2 0.6962890625 0.0234375 0.013671875 0.044921875
2 0.759765625 0.0322265625 0.0107421875 0.03125
2 0.6376953125 0.0400390625 0.01171875 0.029296875