0 0.7265625 0.123046875 0.0625 0.0908203125
2 0.6669921875 0.13671875 0.017578125 0.0537109375
2 0.634765625 0.03125 0.0146484375 0.0439453125
2 0.875 0.419921875 0.0419921875 0.109375
2 0.88671875 0.5712890625 0.0595703125 0.1591796875
3 0.73828125 0.26953125 0.0927734375 0.21875
2 0.744140625 0.0322265625 0.009765625 0.025390625
2 0.7861328125 0.880859375 0.0634765625 0.2060546875
2 0.80859375 0.2685546875 0.02734375 0.08203125
2 0.78125 0.26171875 0.017578125 0.0732421875
0 0.6005859375 0.125 0.064453125 0.1884765625
2 0.634765625 0.0947265625 0.0146484375 0.0478515625
0 0.4287109375 0.314453125 0.0869140625 0.2314453125
0 0.3740234375 0.2041015625 0.0888671875 0.16796875
0 0.5380859375 0.046875 0.048828125 0.0908203125
2 0.71484375 0.015625 0.01171875 0.03125
0 0.42578125 0.76171875 0.1669921875 0.45703125
2 0.14453125 0.033203125 0.015625 0.0576171875