3 0.73046875 0.0966796875 0.099609375 0.162109375
0 0.611328125 0.0830078125 0.0703125 0.140625
3 0.5146484375 0.0478515625 0.048828125 0.0947265625
0 0.6904296875 0.65234375 0.14453125 0.3505859375
0 0.4267578125 0.041015625 0.0400390625 0.0791015625
0 0.5771484375 0.0263671875 0.03515625 0.052734375
0 0.775390625 0.2314453125 0.0771484375 0.1435546875
0 0.677734375 0.185546875 0.0712890625 0.15625
0 0.876953125 0.3740234375 0.0830078125 0.2060546875
0 0.58203125 0.3515625 0.0908203125 0.205078125
0 0.76171875 0.44921875 0.1181640625 0.2451171875
0 0.3408203125 0.6357421875 0.142578125 0.396484375
0 0.4716796875 0.134765625 0.0595703125 0.126953125
0 0.4453125 0.2880859375 0.08203125 0.197265625
0 0.6259765625 0.015625 0.0322265625 0.0302734375