2 0.8330078125 0.31640625 0.0341796875 0.0908203125
3 0.6572265625 0.3359375 0.1435546875 0.3896484375
2 0.884765625 0.3193359375 0.037109375 0.0908203125
2 0.73828125 0.1533203125 0.0234375 0.06640625
2 0.5927734375 0.048828125 0.0166015625 0.046875
2 0.6455078125 0.1240234375 0.0224609375 0.0458984375
2 0.4072265625 0.3154296875 0.0322265625 0.1103515625
0 0.37890625 0.0927734375 0.0546875 0.099609375
2 0.654296875 0.0908203125 0.0166015625 0.0556640625
0 0.5517578125 0.078125 0.0478515625 0.0908203125
0 0.3251953125 0.30078125 0.09765625 0.2197265625
0 0.5009765625 0.1787109375 0.0625 0.1337890625
2 0.6318359375 0.0361328125 0.013671875 0.0361328125
0 0.5205078125 0.3232421875 0.091796875 0.2353515625
0 0.3515625 0.173828125 0.076171875 0.1181640625
2 0.3359375 0.599609375 0.0439453125 0.138671875
0 0.5234375 0.0361328125 0.03515625 0.072265625
2 0.5927734375 0.013671875 0.017578125 0.0263671875
0 0.86328125 0.48828125 0.107421875 0.2646484375
2 0.3623046875 0.8466796875 0.05859375 0.2255859375
2 0.3701171875 0.439453125 0.0390625 0.1279296875
0 0.4560546875 0.478515625 0.115234375 0.275390625
0 0.58203125 0.1533203125 0.052734375 0.12109375
2 0.82421875 0.8896484375 0.06640625 0.2119140625
2 0.5654296875 0.0107421875 0.013671875 0.021484375
0 0.7421875 0.30078125 0.0478515625 0.169921875
2 0.888671875 0.822265625 0.060546875 0.2255859375
2 0.5146484375 0.087890625 0.013671875 0.0576171875
2 0.703125 0.1484375 0.0283203125 0.0654296875
0 0.3955078125 0.02734375 0.03515625 0.0498046875
0 0.671875 0.8359375 0.177734375 0.3154296875
0 0.44921875 0.04296875 0.029296875 0.0810546875
2 0.744140625 0.0322265625 0.01171875 0.0283203125
2 0.6201171875 0.111328125 0.0205078125 0.0517578125
0 0.1708984375 0.9189453125 0.1728515625 0.1552734375
2 0.71484375 0.0166015625 0.013671875 0.0322265625