3 0.775390625 0.57421875 0.2333984375 0.60546875
2 0.69140625 0.1611328125 0.01953125 0.0625
2 0.375 0.1875 0.029296875 0.0908203125
2 0.615234375 0.021484375 0.01171875 0.037109375
2 0.75 0.125 0.0224609375 0.048828125
2 0.48828125 0.7470703125 0.060546875 0.1962890625
0 0.41796875 0.5458984375 0.1259765625 0.3447265625
2 0.7265625 0.17578125 0.0234375 0.072265625
0 0.4697265625 0.1591796875 0.0693359375 0.1357421875
0 0.2861328125 0.41796875 0.111328125 0.28125
0 0.6357421875 0.3642578125 0.0810546875 0.2314453125
2 0.9013671875 0.3662109375 0.0224609375 0.037109375
0 0.544921875 0.3837890625 0.0947265625 0.2294921875
2 0.6201171875 0.0947265625 0.0185546875 0.046875
2 0.7275390625 0.1298828125 0.0224609375 0.0390625
0 0.6015625 0.6787109375 0.1396484375 0.419921875
0 0.419921875 0.2861328125 0.0810546875 0.1953125
2 0.763671875 0.2470703125 0.017578125 0.046875
2 0.7119140625 0.017578125 0.0146484375 0.0341796875
2 0.4970703125 0.59765625 0.0302734375 0.1123046875
2 0.7421875 0.03125 0.0078125 0.0244140625
2 0.9091796875 0.412109375 0.0146484375 0.080078125
0 0.4326171875 0.0087890625 0.037109375 0.017578125
2 0.310546875 0.013671875 0.0146484375 0.02734375