0 0.6767578125 0.212890625 0.07421875 0.1376953125
0 0.7744140625 0.451171875 0.1171875 0.251953125
0 0.8564453125 0.6533203125 0.12109375 0.3544921875
3 0.841796875 0.31640625 0.1162109375 0.2060546875
0 0.6533203125 0.3896484375 0.1015625 0.2451171875
0 0.6279296875 0.1123046875 0.0517578125 0.0830078125
0 0.5859375 0.2568359375 0.08203125 0.220703125
0 0.4580078125 0.0927734375 0.0517578125 0.1162109375
0 0.4580078125 0.3916015625 0.107421875 0.244140625
2 0.1162109375 0.119140625 0.0224609375 0.052734375
0 0.279296875 0.583984375 0.14453125 0.365234375
0 0.7119140625 0.712890625 0.1640625 0.37109375
2 0.494140625 0.0205078125 0.015625 0.0380859375
2 0.626953125 0.0283203125 0.01171875 0.0390625
0 0.498046875 0.6328125 0.1328125 0.32421875
3 0.3154296875 0.310546875 0.1328125 0.35546875
0 0.5810546875 0.0224609375 0.0341796875 0.044921875
2 0.57421875 0.4453125 0.0341796875 0.1298828125
2 0.759765625 0.03125 0.0166015625 0.0341796875
2 0.9033203125 0.3623046875 0.029296875 0.06640625
3 0.6591796875 0.01171875 0.0595703125 0.0234375