3 0.3408203125 0.291015625 0.1015625 0.2744140625
0 0.53515625 0.083984375 0.048828125 0.08203125
2 0.400390625 0.4052734375 0.0419921875 0.130859375
2 0.35546875 0.892578125 0.0732421875 0.1982421875
0 0.6103515625 0.1015625 0.0458984375 0.0830078125
2 0.3759765625 0.1181640625 0.0185546875 0.0634765625
0 0.583984375 0.193359375 0.0712890625 0.1396484375
0 0.8681640625 0.384765625 0.0849609375 0.1630859375
0 0.564453125 0.0341796875 0.03515625 0.05859375
0 0.6796875 0.2216796875 0.06640625 0.1533203125
0 0.4853515625 0.4619140625 0.1142578125 0.2373046875
2 0.1015625 0.044921875 0.013671875 0.044921875
2 0.12109375 0.05078125 0.0146484375 0.0380859375
0 0.5087890625 0.017578125 0.0244140625 0.03515625
2 0.5751953125 0.08984375 0.01953125 0.056640625
0 0.8046875 0.2119140625 0.0830078125 0.1396484375
0 0.4853515625 0.7138671875 0.14453125 0.384765625
2 0.8466796875 0.271484375 0.0654296875 0.068359375
3 0.771484375 0.3994140625 0.134765625 0.2919921875
2 0.201171875 0.552734375 0.0537109375 0.162109375
3 0.466796875 0.0830078125 0.0654296875 0.166015625
2 0.6767578125 0.125 0.0224609375 0.056640625
0 0.865234375 0.65625 0.1015625 0.3896484375
0 0.2705078125 0.681640625 0.140625 0.322265625
3 0.2041015625 0.068359375 0.06640625 0.12890625
0 0.7265625 0.166015625 0.0634765625 0.1357421875
2 0.1796875 0.1123046875 0.013671875 0.046875
2 0.162109375 0.0126953125 0.015625 0.025390625
2 0.1396484375 0.1318359375 0.01953125 0.060546875
0 0.626953125 0.021484375 0.0517578125 0.04296875
3 0.64453125 0.4775390625 0.1396484375 0.2900390625
2 0.7119140625 0.015625 0.0126953125 0.03125
2 0.6318359375 0.2900390625 0.029296875 0.0390625
2 0.30859375 0.0146484375 0.0146484375 0.029296875
2 0.5 0.0908203125 0.013671875 0.05859375
2 0.3486328125 0.7021484375 0.0361328125 0.0888671875