0 0.5361328125 0.0791015625 0.0478515625 0.0751953125
2 0.3701171875 0.75 0.0693359375 0.2119140625
0 0.6103515625 0.0947265625 0.0458984375 0.0771484375
2 0.568359375 0.0537109375 0.0224609375 0.068359375
2 0.400390625 0.0390625 0.013671875 0.044921875
3 0.341796875 0.283203125 0.0986328125 0.251953125
2 0.404296875 0.3623046875 0.0380859375 0.115234375
0 0.6318359375 0.1650390625 0.0576171875 0.126953125
0 0.4853515625 0.46484375 0.1162109375 0.2373046875
0 0.873046875 0.3828125 0.0810546875 0.1591796875
2 0.7978515625 0.25 0.0322265625 0.052734375
2 0.203125 0.55859375 0.052734375 0.1796875
0 0.5341796875 0.0224609375 0.0673828125 0.044921875
0 0.484375 0.7158203125 0.146484375 0.3818359375
0 0.71484375 0.14453125 0.0556640625 0.1240234375
2 0.12109375 0.033203125 0.013671875 0.037109375
3 0.775390625 0.384765625 0.1328125 0.251953125
0 0.26953125 0.68359375 0.140625 0.328125
2 0.6669921875 0.1318359375 0.0205078125 0.044921875
3 0.466796875 0.080078125 0.0673828125 0.1552734375
3 0.7705078125 0.720703125 0.2197265625 0.5400390625
2 0.1650390625 0.01171875 0.015625 0.0234375
3 0.1416015625 0.1357421875 0.0830078125 0.134765625
3 0.6416015625 0.462890625 0.13671875 0.3115234375
2 0.826171875 0.2744140625 0.0419921875 0.05859375
2 0.583984375 0.1064453125 0.0166015625 0.052734375
0 0.5810546875 0.294921875 0.0869140625 0.2021484375
2 0.671875 0.2919921875 0.0224609375 0.0673828125
3 0.6630859375 0.0087890625 0.0634765625 0.017578125