0 0.439453125 0.7421875 0.126953125 0.1826171875
3 0.3349609375 0.1259765625 0.01953125 0.037109375
2 0.5771484375 0.4091796875 0.0205078125 0.0625
3 0.36328125 0.1318359375 0.017578125 0.0380859375
2 0.5400390625 0.6513671875 0.029296875 0.0927734375
0 0.873046875 0.8349609375 0.20703125 0.3095703125
2 0.4892578125 0.6337890625 0.0322265625 0.103515625
2 0.3017578125 0.283203125 0.0126953125 0.0419921875
0 0.3330078125 0.2646484375 0.0322265625 0.0576171875
2 0.2763671875 0.4287109375 0.017578125 0.044921875
2 0.298828125 0.333984375 0.013671875 0.041015625
2 0.912109375 0.5419921875 0.0654296875 0.0849609375
2 0.318359375 0.2373046875 0.01171875 0.033203125
2 0.578125 0.3017578125 0.0361328125 0.0419921875
2 0.306640625 0.3974609375 0.0166015625 0.046875
2 0.5107421875 0.2705078125 0.0126953125 0.0322265625
2 0.2822265625 0.478515625 0.0185546875 0.064453125
2 0.9794921875 0.6201171875 0.041015625 0.0966796875
2 0.2998046875 0.2490234375 0.01171875 0.0322265625
0 0.361328125 0.4453125 0.0576171875 0.0986328125
2 0.271484375 0.37109375 0.0146484375 0.041015625
3 0.0966796875 0.5615234375 0.1923828125 0.294921875
2 0.544921875 0.2529296875 0.0107421875 0.0322265625
0 0.333984375 0.1943359375 0.021484375 0.033203125
0 0.2353515625 0.2646484375 0.0361328125 0.0712890625
0 0.3193359375 0.1708984375 0.0185546875 0.03515625
2 0.48046875 0.2119140625 0.0205078125 0.0380859375
2 0.39453125 0.14453125 0.0078125 0.0185546875
2 0.2861328125 0.216796875 0.009765625 0.0390625
0 0.3759765625 0.1513671875 0.0185546875 0.0390625
3 0.2890625 0.1220703125 0.0146484375 0.04296875
0 0.337890625 0.169921875 0.017578125 0.02734375