2 0.435546875 0.0400390625 0.013671875 0.0400390625
2 0.400390625 0.181640625 0.02734375 0.078125
0 0.38671875 0.052734375 0.0498046875 0.0654296875
0 0.443359375 0.208984375 0.0732421875 0.1611328125
0 0.35546875 0.169921875 0.0712890625 0.1337890625
2 0.7900390625 0.25 0.0224609375 0.0732421875
2 0.390625 0.3837890625 0.0341796875 0.107421875
2 0.498046875 0.55078125 0.0537109375 0.162109375
0 0.443359375 0.09375 0.0556640625 0.07421875
0 0.478515625 0.3662109375 0.0966796875 0.2275390625
2 0.314453125 0.6474609375 0.0693359375 0.1875
0 0.4765625 0.0361328125 0.0458984375 0.064453125
2 0.8017578125 0.384765625 0.03515625 0.076171875
2 0.4306640625 0.453125 0.044921875 0.07421875
2 0.5712890625 0.6044921875 0.0537109375 0.1689453125
0 0.2822265625 0.44140625 0.1162109375 0.2958984375
2 0.68359375 0.1044921875 0.017578125 0.0556640625
2 0.705078125 0.9208984375 0.0634765625 0.1533203125
3 0.166015625 0.1328125 0.0615234375 0.162109375
0 0.642578125 0.4111328125 0.095703125 0.21875
3 0.5322265625 0.0380859375 0.0546875 0.076171875
2 0.5634765625 0.4423828125 0.0419921875 0.119140625
0 0.12890625 0.0205078125 0.0302734375 0.041015625
2 0.359375 0.5126953125 0.0263671875 0.0673828125
0 0.4072265625 0.7080078125 0.1376953125 0.451171875
0 0.7255859375 0.361328125 0.09375 0.181640625
2 0.6689453125 0.1533203125 0.02734375 0.0771484375
3 0.6005859375 0.2197265625 0.111328125 0.224609375
2 0.8857421875 0.5166015625 0.0302734375 0.1123046875
0 0.541015625 0.126953125 0.0341796875 0.1328125
2 0.3525390625 0.5986328125 0.0244140625 0.125
2 0.3994140625 0.1142578125 0.029296875 0.0693359375
0 0.2353515625 0.9296875 0.2236328125 0.1337890625
0 0.837890625 0.5712890625 0.134765625 0.3359375
2 0.564453125 0.9658203125 0.0634765625 0.0654296875
2 0.435546875 0.0107421875 0.013671875 0.021484375
2 0.3955078125 0.2421875 0.0185546875 0.044921875
3 0.9052734375 0.546875 0.0234375 0.3203125
3 0.5732421875 0.01953125 0.05078125 0.0390625