0 0.3046875 0.462890625 0.056640625 0.12109375
0 0.3984375 0.216796875 0.02734375 0.0478515625
0 0.34375 0.3271484375 0.0419921875 0.0751953125
2 0.912109375 0.5419921875 0.0703125 0.0859375
3 0.541015625 0.54296875 0.1044921875 0.28125
0 0.4326171875 0.74609375 0.1416015625 0.234375
0 0.419921875 0.2705078125 0.0361328125 0.06640625
3 0.31640625 0.2138671875 0.029296875 0.0791015625
2 0.396484375 0.1533203125 0.005859375 0.01953125
0 0.2353515625 0.265625 0.037109375 0.0703125
2 0.30078125 0.37890625 0.0185546875 0.0400390625
2 0.2841796875 0.294921875 0.0107421875 0.0390625
2 0.578125 0.3017578125 0.0341796875 0.0419921875
0 0.341796875 0.2685546875 0.0341796875 0.0625
2 0.263671875 0.568359375 0.0205078125 0.0634765625
0 0.3662109375 0.1376953125 0.013671875 0.0244140625
2 0.2158203125 0.556640625 0.021484375 0.0625
2 0.482421875 0.248046875 0.0107421875 0.0390625
2 0.4619140625 0.60546875 0.0263671875 0.0859375
2 0.970703125 0.6396484375 0.0341796875 0.05859375
3 0.337890625 0.126953125 0.021484375 0.02734375
2 0.314453125 0.1533203125 0.005859375 0.0244140625
2 0.107421875 0.59765625 0.05078125 0.0791015625
2 0.296875 0.259765625 0.01171875 0.0341796875
3 0.3388671875 0.16796875 0.0322265625 0.0693359375
2 0.8125 0.6640625 0.048828125 0.115234375
0 0.333984375 0.2080078125 0.009765625 0.0341796875
0 0.3818359375 0.1357421875 0.015625 0.0234375
3 0.654296875 0.564453125 0.1455078125 0.216796875
3 0.2890625 0.125 0.017578125 0.0458984375
3 0.322265625 0.12890625 0.015625 0.03125