2 0.5302734375 0.25 0.0302734375 0.0546875
3 0.7763671875 0.5712890625 0.2421875 0.603515625
2 0.83203125 0.3515625 0.0224609375 0.0634765625
0 0.5908203125 0.2705078125 0.0849609375 0.18359375
0 0.3515625 0.169921875 0.0732421875 0.138671875
0 0.4716796875 0.244140625 0.076171875 0.1640625
0 0.53515625 0.1279296875 0.056640625 0.1162109375
2 0.478515625 0.361328125 0.0390625 0.1123046875
2 0.4033203125 0.1416015625 0.0205078125 0.0625
0 0.287109375 0.4169921875 0.111328125 0.27734375
0 0.64453125 0.4140625 0.0615234375 0.2509765625
0 0.5146484375 0.0263671875 0.03515625 0.0517578125
0 0.6962890625 0.240234375 0.0830078125 0.123046875
0 0.41796875 0.544921875 0.1259765625 0.3486328125
0 0.599609375 0.677734375 0.1396484375 0.40625
2 0.423828125 0.201171875 0.037109375 0.0615234375
0 0.6337890625 0.0341796875 0.0419921875 0.0673828125
2 0.283203125 0.26171875 0.0283203125 0.0498046875
2 0.828125 0.2734375 0.0263671875 0.0537109375
2 0.654296875 0.1337890625 0.0205078125 0.0361328125
2 0.79296875 0.1513671875 0.0234375 0.0869140625
2 0.5908203125 0.029296875 0.013671875 0.0419921875
0 0.439453125 0.1171875 0.0634765625 0.111328125
0 0.4306640625 0.01171875 0.037109375 0.0234375