2 0.58203125 0.11328125 0.017578125 0.0634765625
2 0.775390625 0.1806640625 0.0234375 0.0537109375
0 0.6103515625 0.0458984375 0.0341796875 0.0595703125
2 0.435546875 0.1513671875 0.0146484375 0.064453125
2 0.7490234375 0.142578125 0.0244140625 0.0458984375
0 0.3759765625 0.1513671875 0.0673828125 0.142578125
0 0.6201171875 0.1318359375 0.0546875 0.1123046875
2 0.4169921875 0.2470703125 0.0283203125 0.1015625
0 0.5595703125 0.1953125 0.064453125 0.154296875
2 0.3828125 0.8671875 0.060546875 0.1875
0 0.1728515625 0.1318359375 0.0751953125 0.1201171875
0 0.5234375 0.02734375 0.0380859375 0.0546875
2 0.734375 0.2685546875 0.02734375 0.0712890625
0 0.703125 0.1484375 0.06640625 0.1171875
0 0.486328125 0.2998046875 0.0927734375 0.2109375
2 0.3955078125 0.609375 0.0498046875 0.16796875
2 0.8798828125 0.3017578125 0.02734375 0.0869140625
2 0.5234375 0.0673828125 0.013671875 0.0517578125
2 0.13671875 0.2197265625 0.021484375 0.0625
0 0.7685546875 0.4052734375 0.111328125 0.2431640625
0 0.62890625 0.3251953125 0.09765625 0.2177734375
2 0.52734375 0.142578125 0.0146484375 0.052734375
0 0.32421875 0.4638671875 0.1083984375 0.2548828125
2 0.09765625 0.044921875 0.0146484375 0.0498046875
0 0.578125 0.0322265625 0.029296875 0.064453125
0 0.158203125 0.0283203125 0.0498046875 0.056640625
0 0.27734375 0.677734375 0.1474609375 0.318359375
3 0.658203125 0.0615234375 0.0634765625 0.1220703125
0 0.544921875 0.8193359375 0.1875 0.3525390625
0 0.8583984375 0.701171875 0.1201171875 0.3916015625
2 0.5546875 0.2861328125 0.0244140625 0.09375
2 0.2392578125 0.0537109375 0.0166015625 0.0400390625
2 0.77734375 0.263671875 0.0234375 0.056640625
2 0.5849609375 0.2392578125 0.017578125 0.0546875
2 0.8955078125 0.3720703125 0.03125 0.0966796875
2 0.4130859375 0.107421875 0.01171875 0.05859375
2 0.6259765625 0.2060546875 0.0205078125 0.0498046875
0 0.3447265625 0.28125 0.0927734375 0.193359375
0 0.5458984375 0.09375 0.0478515625 0.05859375
2 0.6865234375 0.345703125 0.029296875 0.0986328125
2 0.685546875 0.029296875 0.0185546875 0.037109375
3 0.8095703125 0.91796875 0.1884765625 0.1611328125
0 0.673828125 0.6201171875 0.1533203125 0.3505859375
3 0.1171875 0.0244140625 0.0361328125 0.046875
2 0.7529296875 0.033203125 0.01953125 0.0263671875
2 0.18359375 0.044921875 0.0146484375 0.0478515625
2 0.5703125 0.1015625 0.0078125 0.0244140625
2 0.720703125 0.0185546875 0.01171875 0.0283203125
3 0.9013671875 0.494140625 0.03125 0.1435546875
3 0.6796875 0.912109375 0.1201171875 0.17578125