2 0.80859375 0.244140625 0.0224609375 0.068359375
2 0.6328125 0.1787109375 0.029296875 0.0693359375
0 0.4765625 0.0830078125 0.056640625 0.111328125
0 0.5263671875 0.1259765625 0.0673828125 0.1396484375
0 0.576171875 0.0498046875 0.0419921875 0.0859375
0 0.6064453125 0.0234375 0.0400390625 0.046875
3 0.7021484375 0.2705078125 0.08984375 0.2314453125
0 0.373046875 0.1494140625 0.06640625 0.140625
0 0.779296875 0.298828125 0.0712890625 0.16796875
0 0.615234375 0.3037109375 0.0859375 0.203125
2 0.576171875 0.2138671875 0.0244140625 0.080078125
2 0.42578125 0.3125 0.033203125 0.12890625
0 0.6552734375 0.123046875 0.052734375 0.1103515625
2 0.888671875 0.3310546875 0.0400390625 0.080078125
0 0.32421875 0.46875 0.0986328125 0.2548828125
0 0.513671875 0.017578125 0.03515625 0.03515625
0 0.8681640625 0.7861328125 0.0986328125 0.408203125
2 0.419921875 0.0390625 0.0107421875 0.04296875
0 0.705078125 0.5888671875 0.1416015625 0.33984375
2 0.4306640625 0.0146484375 0.01953125 0.0283203125
0 0.2666015625 0.7138671875 0.15234375 0.3251953125
2 0.10546875 0.0400390625 0.0166015625 0.064453125
2 0.1796875 0.076171875 0.0244140625 0.06640625
2 0.7197265625 0.01953125 0.0126953125 0.02734375
0 0.5244140625 0.552734375 0.1259765625 0.3916015625
2 0.310546875 0.0146484375 0.0185546875 0.029296875
0 0.48046875 0.1953125 0.0673828125 0.14453125
0 0.7392578125 0.1806640625 0.0478515625 0.0703125
2 0.15625 0.0146484375 0.0166015625 0.029296875