2 0.751953125 0.23828125 0.0224609375 0.078125
2 0.72265625 0.349609375 0.029296875 0.0654296875
2 0.39453125 0.0380859375 0.0126953125 0.0439453125
2 0.619140625 0.3994140625 0.0302734375 0.109375
2 0.638671875 0.1728515625 0.0234375 0.0625
2 0.8544921875 0.4365234375 0.02734375 0.0849609375
0 0.6376953125 0.2724609375 0.0771484375 0.1533203125
2 0.1337890625 0.033203125 0.013671875 0.03515625
2 0.224609375 0.01953125 0.01171875 0.0322265625
2 0.1240234375 0.123046875 0.01953125 0.0576171875
0 0.5205078125 0.2431640625 0.0673828125 0.1513671875
3 0.5712890625 0.0849609375 0.1044921875 0.169921875
0 0.4287109375 0.279296875 0.083984375 0.1728515625
2 0.6650390625 0.025390625 0.0107421875 0.0283203125
0 0.330078125 0.2978515625 0.09765625 0.2021484375
0 0.6845703125 0.443359375 0.0966796875 0.25
2 0.642578125 0.0390625 0.01171875 0.037109375
2 0.8876953125 0.4638671875 0.0302734375 0.0595703125
2 0.6416015625 0.091796875 0.013671875 0.041015625
0 0.6875 0.169921875 0.0595703125 0.1328125
0 0.470703125 0.1220703125 0.0556640625 0.1171875
2 0.1669921875 0.017578125 0.017578125 0.03515625
0 0.57421875 0.4638671875 0.10546875 0.2412109375
2 0.28515625 0.2705078125 0.0263671875 0.068359375
2 0.7861328125 0.3251953125 0.0244140625 0.0380859375
0 0.80078125 0.44921875 0.1123046875 0.232421875
2 0.255859375 0.0205078125 0.0146484375 0.0380859375
0 0.8623046875 0.669921875 0.107421875 0.37890625
2 0.615234375 0.021484375 0.009765625 0.0322265625
0 0.7177734375 0.126953125 0.0205078125 0.060546875
2 0.71484375 0.017578125 0.0126953125 0.033203125
2 0.1845703125 0.0869140625 0.01171875 0.044921875
0 0.419921875 0.16015625 0.05859375 0.107421875
2 0.1630859375 0.0830078125 0.0185546875 0.0419921875
0 0.591796875 0.7060546875 0.1416015625 0.3681640625
2 0.7431640625 0.03125 0.009765625 0.02734375
2 0.6240234375 0.09375 0.0107421875 0.0341796875
0 0.236328125 0.6796875 0.154296875 0.373046875
0 0.421875 0.52734375 0.1181640625 0.306640625
2 0.4443359375 0.3564453125 0.033203125 0.0673828125
2 0.103515625 0.111328125 0.0205078125 0.037109375
2 0.759765625 0.0302734375 0.013671875 0.0341796875
0 0.7421875 0.6826171875 0.1494140625 0.3486328125
2 0.279296875 0.0126953125 0.0107421875 0.025390625
2 0.48046875 0.47265625 0.03125 0.1025390625