2 0.7119140625 0.12109375 0.01953125 0.0615234375
2 0.435546875 0.0224609375 0.0185546875 0.041015625
2 0.6357421875 0.1552734375 0.01953125 0.076171875
3 0.7802734375 0.5732421875 0.24609375 0.6025390625
0 0.3857421875 0.0546875 0.05078125 0.0673828125
0 0.46875 0.240234375 0.076171875 0.1591796875
0 0.3515625 0.1728515625 0.068359375 0.1220703125
0 0.544921875 0.181640625 0.060546875 0.138671875
2 0.494140625 0.1640625 0.02734375 0.0703125
2 0.6826171875 0.119140625 0.01953125 0.05859375
0 0.5888671875 0.2724609375 0.08203125 0.1826171875
2 0.35546875 0.046875 0.01953125 0.0400390625
0 0.84375 0.2568359375 0.0859375 0.140625
2 0.876953125 0.3740234375 0.0302734375 0.08203125
2 0.6328125 0.08203125 0.0166015625 0.0478515625
0 0.6962890625 0.2353515625 0.0927734375 0.123046875
2 0.38671875 0.150390625 0.0234375 0.0830078125
2 0.7294921875 0.1259765625 0.0185546875 0.0595703125
2 0.5810546875 0.01953125 0.01171875 0.0380859375
2 0.0869140625 0.1455078125 0.0107421875 0.0537109375
2 0.35546875 0.3701171875 0.033203125 0.0888671875
2 0.7685546875 0.193359375 0.0234375 0.0771484375
2 0.6640625 0.0537109375 0.0166015625 0.0478515625
0 0.287109375 0.419921875 0.1162109375 0.2763671875
2 0.46875 0.353515625 0.0263671875 0.078125
0 0.638671875 0.4208984375 0.05859375 0.2490234375
0 0.4638671875 0.017578125 0.037109375 0.03515625
2 0.5078125 0.0439453125 0.01953125 0.078125
2 0.630859375 0.25 0.017578125 0.076171875
0 0.41796875 0.546875 0.1279296875 0.349609375
2 0.7919921875 0.171875 0.0234375 0.0439453125
2 0.1103515625 0.255859375 0.0234375 0.0703125
2 0.1455078125 0.0224609375 0.013671875 0.041015625
2 0.8466796875 0.369140625 0.0341796875 0.0810546875
0 0.59765625 0.6728515625 0.142578125 0.421875
0 0.3955078125 0.0166015625 0.033203125 0.0322265625
2 0.4052734375 0.1376953125 0.01953125 0.1015625
2 0.4228515625 0.05078125 0.017578125 0.033203125
2 0.662109375 0.111328125 0.01953125 0.046875
2 0.5703125 0.109375 0.0146484375 0.04296875
2 0.0947265625 0.1083984375 0.0234375 0.044921875
2 0.7900390625 0.1201171875 0.013671875 0.03125
2 0.767578125 0.263671875 0.0205078125 0.03515625
2 0.4697265625 0.076171875 0.017578125 0.0439453125
2 0.7119140625 0.0166015625 0.013671875 0.033203125
2 0.4873046875 0.3427734375 0.01953125 0.083984375
3 0.8935546875 0.685546875 0.0458984375 0.3251953125