2 0.6376953125 0.0634765625 0.0166015625 0.046875
2 0.58984375 0.0400390625 0.0146484375 0.044921875
2 0.732421875 0.275390625 0.02734375 0.087890625
2 0.6826171875 0.1201171875 0.0224609375 0.0546875
2 0.2353515625 0.599609375 0.0556640625 0.166015625
2 0.8037109375 0.44921875 0.0390625 0.0751953125
2 0.7431640625 0.0322265625 0.0107421875 0.0283203125
2 0.5625 0.0087890625 0.0078125 0.017578125
2 0.91015625 0.3759765625 0.0146484375 0.0810546875
0 0.51171875 0.4853515625 0.115234375 0.26953125
0 0.33984375 0.4072265625 0.11328125 0.2783203125
0 0.5263671875 0.0478515625 0.0419921875 0.07421875
2 0.7138671875 0.0166015625 0.013671875 0.0322265625
0 0.1884765625 0.853515625 0.185546875 0.283203125
0 0.7958984375 0.626953125 0.12890625 0.3125
0 0.427734375 0.22265625 0.076171875 0.181640625
0 0.150390625 0.103515625 0.060546875 0.0859375
0 0.74609375 0.8603515625 0.1904296875 0.2705078125
0 0.47265625 0.857421875 0.1826171875 0.2763671875