2 0.515625 0.0908203125 0.01953125 0.07421875
2 0.6650390625 0.08203125 0.0166015625 0.041015625
3 0.77734375 0.572265625 0.2373046875 0.59765625
2 0.6044921875 0.1083984375 0.0146484375 0.05859375
0 0.38671875 0.0517578125 0.0478515625 0.0625
2 0.4912109375 0.0966796875 0.029296875 0.07421875
2 0.5029296875 0.140625 0.0205078125 0.0625
0 0.763671875 0.1513671875 0.064453125 0.08203125
0 0.546875 0.17578125 0.060546875 0.12109375
0 0.630859375 0.1396484375 0.0546875 0.1025390625
0 0.2490234375 0.05078125 0.05078125 0.0849609375
0 0.474609375 0.2421875 0.0771484375 0.1689453125
2 0.5048828125 0.19921875 0.0224609375 0.0703125
0 0.5927734375 0.271484375 0.080078125 0.1796875
0 0.353515625 0.1533203125 0.0673828125 0.1015625
0 0.337890625 0.265625 0.0771484375 0.1689453125
2 0.7431640625 0.0302734375 0.0087890625 0.02734375
2 0.52734375 0.25390625 0.0283203125 0.0419921875
0 0.162109375 0.0673828125 0.052734375 0.107421875
2 0.6806640625 0.1103515625 0.0166015625 0.0478515625
2 0.896484375 0.39453125 0.041015625 0.064453125
2 0.384765625 0.26953125 0.0302734375 0.1064453125
2 0.48046875 0.3642578125 0.0400390625 0.1103515625
2 0.7431640625 0.2568359375 0.025390625 0.0390625
2 0.5830078125 0.033203125 0.0087890625 0.0283203125
0 0.4755859375 0.0302734375 0.0400390625 0.060546875
2 0.404296875 0.1357421875 0.0205078125 0.0703125
2 0.6572265625 0.2763671875 0.03515625 0.060546875
2 0.3603515625 0.3671875 0.02734375 0.0966796875
2 0.595703125 0.015625 0.01171875 0.0302734375
0 0.2900390625 0.41796875 0.1162109375 0.2763671875
3 0.548828125 0.060546875 0.0634765625 0.1201171875
2 0.43359375 0.01953125 0.01953125 0.0390625
0 0.6982421875 0.2392578125 0.0771484375 0.1171875
0 0.44140625 0.1142578125 0.0634765625 0.1025390625
2 0.328125 0.052734375 0.01953125 0.046875
0 0.2890625 0.0185546875 0.0234375 0.037109375
2 0.720703125 0.1845703125 0.0185546875 0.048828125
0 0.6435546875 0.416015625 0.0556640625 0.2451171875
2 0.7734375 0.2666015625 0.01953125 0.0302734375
2 0.4091796875 0.197265625 0.02734375 0.0595703125
2 0.8447265625 0.375 0.02734375 0.0615234375
0 0.4208984375 0.548828125 0.126953125 0.3515625
2 0.41796875 0.013671875 0.0107421875 0.02734375
2 0.57421875 0.1123046875 0.0087890625 0.0302734375
2 0.8662109375 0.2529296875 0.0234375 0.0615234375
0 0.599609375 0.6728515625 0.142578125 0.4150390625
3 0.833984375 0.30859375 0.095703125 0.1884765625
2 0.4287109375 0.2158203125 0.0263671875 0.0302734375
0 0.1240234375 0.0302734375 0.037109375 0.048828125
2 0.361328125 0.0498046875 0.0146484375 0.0302734375
2 0.513671875 0.0322265625 0.015625 0.04296875
2 0.49609375 0.037109375 0.009765625 0.033203125
2 0.37890625 0.1904296875 0.017578125 0.04296875
2 0.71875 0.021484375 0.01171875 0.0244140625
0 0.154296875 0.0107421875 0.03515625 0.021484375