2 0.615234375 0.3955078125 0.03125 0.1181640625
2 0.4765625 0.4697265625 0.0322265625 0.111328125
0 0.3798828125 0.1220703125 0.052734375 0.130859375
0 0.4892578125 0.1708984375 0.060546875 0.1435546875
0 0.529296875 0.34375 0.0859375 0.201171875
0 0.630859375 0.2705078125 0.07421875 0.16015625
2 0.8388671875 0.3740234375 0.037109375 0.0712890625
2 0.734375 0.359375 0.02734375 0.0537109375
2 0.6591796875 0.0908203125 0.0146484375 0.0341796875
0 0.88671875 0.3330078125 0.0576171875 0.1591796875
0 0.3310546875 0.294921875 0.095703125 0.205078125
2 0.8505859375 0.4326171875 0.0283203125 0.080078125
2 0.6923828125 0.294921875 0.033203125 0.0615234375
2 0.671875 0.091796875 0.0166015625 0.037109375
0 0.798828125 0.4423828125 0.10546875 0.2265625
0 0.421875 0.2861328125 0.0830078125 0.1787109375
3 0.81640625 0.208984375 0.080078125 0.15234375
2 0.28125 0.27734375 0.0205078125 0.048828125
2 0.8076171875 0.3291015625 0.02734375 0.048828125
0 0.8603515625 0.6728515625 0.111328125 0.3740234375
2 0.8818359375 0.462890625 0.0361328125 0.0703125
3 0.732421875 0.2138671875 0.091796875 0.2080078125
3 0.568359375 0.083984375 0.1005859375 0.16796875
2 0.3857421875 0.392578125 0.0244140625 0.0732421875
2 0.509765625 0.0869140625 0.02734375 0.08203125
0 0.6787109375 0.4443359375 0.0947265625 0.25390625
0 0.115234375 0.2333984375 0.068359375 0.1435546875
0 0.2109375 0.087890625 0.05859375 0.091796875
0 0.1572265625 0.017578125 0.033203125 0.03515625
0 0.62890625 0.1142578125 0.0390625 0.0751953125
2 0.69921875 0.0927734375 0.0166015625 0.03515625
0 0.6201171875 0.0224609375 0.03125 0.044921875
0 0.587890625 0.70703125 0.1396484375 0.3740234375
2 0.7919921875 0.2578125 0.017578125 0.0556640625
2 0.1103515625 0.03515625 0.01953125 0.0625
2 0.306640625 0.18359375 0.017578125 0.044921875
0 0.232421875 0.6826171875 0.15234375 0.3740234375
0 0.4140625 0.07421875 0.0322265625 0.06640625
2 0.6611328125 0.060546875 0.01171875 0.041015625
3 0.734375 0.677734375 0.154296875 0.3642578125
0 0.41796875 0.533203125 0.1201171875 0.3046875
2 0.7099609375 0.0166015625 0.013671875 0.033203125
3 0.4521484375 0.0400390625 0.078125 0.0791015625
2 0.1240234375 0.0341796875 0.013671875 0.0498046875
0 0.0869140625 0.3525390625 0.01171875 0.1083984375