2 0.69921875 0.1005859375 0.0224609375 0.0615234375
2 0.6494140625 0.09765625 0.017578125 0.0478515625
0 0.4599609375 0.087890625 0.0517578125 0.111328125
0 0.626953125 0.166015625 0.0595703125 0.130859375
0 0.5400390625 0.13671875 0.0576171875 0.123046875
0 0.6015625 0.0390625 0.0537109375 0.0771484375
2 0.8564453125 0.2763671875 0.0361328125 0.060546875
2 0.6728515625 0.0830078125 0.0205078125 0.0380859375
2 0.716796875 0.173828125 0.029296875 0.0634765625
0 0.537109375 0.0556640625 0.0478515625 0.07421875
2 0.509765625 0.0556640625 0.015625 0.0478515625
2 0.6708984375 0.125 0.0263671875 0.0546875
3 0.7724609375 0.3896484375 0.126953125 0.2587890625
0 0.869140625 0.3828125 0.0830078125 0.1611328125
2 0.4580078125 0.017578125 0.0166015625 0.0341796875
2 0.34765625 0.22265625 0.0224609375 0.0732421875
0 0.4853515625 0.4677734375 0.1181640625 0.2412109375
2 0.6748046875 0.0458984375 0.017578125 0.0419921875
2 0.5146484375 0.0927734375 0.01171875 0.044921875
2 0.666015625 0.279296875 0.0322265625 0.068359375
0 0.6357421875 0.02734375 0.0361328125 0.0537109375
0 0.7626953125 0.16015625 0.064453125 0.1064453125
2 0.560546875 0.0146484375 0.0146484375 0.0283203125
0 0.7998046875 0.2431640625 0.0703125 0.1064453125
2 0.1083984375 0.0419921875 0.0205078125 0.052734375
3 0.642578125 0.4619140625 0.1376953125 0.3095703125
2 0.76171875 0.232421875 0.03515625 0.0576171875
0 0.26953125 0.6787109375 0.14453125 0.3232421875
2 0.2275390625 0.021484375 0.017578125 0.04296875
3 0.7685546875 0.7197265625 0.2197265625 0.5400390625
0 0.580078125 0.2666015625 0.0830078125 0.2021484375
2 0.583984375 0.072265625 0.009765625 0.0498046875
2 0.5888671875 0.1103515625 0.0126953125 0.046875
3 0.14453125 0.0751953125 0.1015625 0.115234375
0 0.314453125 0.4638671875 0.109375 0.259765625
2 0.1943359375 0.5439453125 0.03125 0.091796875
2 0.1279296875 0.0166015625 0.0283203125 0.033203125
2 0.91015625 0.4345703125 0.0146484375 0.11328125