2 0.6220703125 0.03125 0.013671875 0.037109375
2 0.646484375 0.029296875 0.017578125 0.0400390625
2 0.6025390625 0.0302734375 0.013671875 0.046875
2 0.6533203125 0.09765625 0.0244140625 0.0625
3 0.771484375 0.5712890625 0.232421875 0.6025390625
2 0.4912109375 0.1455078125 0.0234375 0.0546875
0 0.353515625 0.16015625 0.0693359375 0.123046875
2 0.5966796875 0.1552734375 0.01953125 0.0615234375
0 0.7529296875 0.1533203125 0.0673828125 0.103515625
2 0.5029296875 0.0419921875 0.0146484375 0.05078125
2 0.357421875 0.046875 0.0166015625 0.0341796875
0 0.544921875 0.181640625 0.0615234375 0.1376953125
0 0.419921875 0.2939453125 0.0849609375 0.1484375
2 0.4296875 0.01953125 0.015625 0.0390625
2 0.6337890625 0.0576171875 0.017578125 0.0546875
0 0.3857421875 0.05859375 0.0478515625 0.0771484375
0 0.591796875 0.275390625 0.08203125 0.1875
0 0.6923828125 0.2333984375 0.0859375 0.1201171875
2 0.8369140625 0.30859375 0.0341796875 0.0888671875
2 0.5751953125 0.009765625 0.009765625 0.01953125
2 0.52734375 0.0927734375 0.0166015625 0.0439453125
0 0.4375 0.1591796875 0.06640625 0.1337890625
2 0.564453125 0.01171875 0.0087890625 0.0234375
2 0.404296875 0.12890625 0.013671875 0.0771484375
3 0.53125 0.0498046875 0.06640625 0.0986328125
0 0.287109375 0.4189453125 0.115234375 0.275390625
2 0.7939453125 0.154296875 0.01953125 0.064453125
0 0.6416015625 0.4150390625 0.0634765625 0.25390625
2 0.353515625 0.384765625 0.0322265625 0.103515625
0 0.4609375 0.029296875 0.0400390625 0.05859375
0 0.4169921875 0.5458984375 0.1259765625 0.3486328125
2 0.5 0.009765625 0.01171875 0.01953125
0 0.59765625 0.671875 0.1416015625 0.41796875
2 0.84765625 0.3837890625 0.017578125 0.05859375
3 0.7900390625 0.2509765625 0.09765625 0.1787109375
2 0.4677734375 0.349609375 0.0234375 0.080078125
2 0.740234375 0.02734375 0.0107421875 0.0322265625
2 0.4873046875 0.380859375 0.017578125 0.0791015625
2 0.87890625 0.384765625 0.041015625 0.076171875
0 0.22265625 0.095703125 0.0537109375 0.08203125
2 0.65234375 0.1357421875 0.017578125 0.033203125
3 0.884765625 0.5927734375 0.0654296875 0.3369140625