2 0.6337890625 0.02734375 0.015625 0.0400390625
2 0.58203125 0.1171875 0.0185546875 0.0556640625
0 0.6162109375 0.0791015625 0.05078125 0.0986328125
2 0.5009765625 0.1474609375 0.0185546875 0.0517578125
2 0.71484375 0.1064453125 0.0263671875 0.0341796875
3 0.7236328125 0.2509765625 0.1103515625 0.2744140625
2 0.6796875 0.0986328125 0.037109375 0.0615234375
2 0.6533203125 0.0361328125 0.01171875 0.041015625
0 0.560546875 0.201171875 0.0732421875 0.146484375
0 0.458984375 0.0751953125 0.052734375 0.0986328125
0 0.5458984375 0.017578125 0.037109375 0.03515625
0 0.3330078125 0.2841796875 0.08984375 0.1875
2 0.59375 0.0830078125 0.013671875 0.046875
0 0.4560546875 0.294921875 0.083984375 0.2138671875
2 0.4150390625 0.25390625 0.0244140625 0.08984375
2 0.1025390625 0.125 0.01953125 0.05859375
0 0.384765625 0.087890625 0.0576171875 0.1142578125
3 0.8232421875 0.27734375 0.107421875 0.169921875
0 0.6904296875 0.638671875 0.16796875 0.4033203125
0 0.8095703125 0.4931640625 0.1318359375 0.287109375
0 0.17578125 0.9130859375 0.189453125 0.16796875
0 0.5908203125 0.029296875 0.044921875 0.0537109375
2 0.6826171875 0.0224609375 0.0126953125 0.0439453125
0 0.5087890625 0.0146484375 0.0390625 0.029296875
0 0.2685546875 0.580078125 0.138671875 0.357421875
0 0.0927734375 0.2353515625 0.0224609375 0.115234375
2 0.6748046875 0.0546875 0.0361328125 0.0419921875
0 0.474609375 0.64453125 0.154296875 0.41796875
2 0.7705078125 0.10546875 0.013671875 0.029296875
2 0.7861328125 0.1318359375 0.0146484375 0.02734375
2 0.52734375 0.2041015625 0.015625 0.0927734375