2 0.5751953125 0.109375 0.01953125 0.0537109375
0 0.609375 0.0498046875 0.0361328125 0.05078125
2 0.5068359375 0.064453125 0.0126953125 0.056640625
2 0.9013671875 0.306640625 0.029296875 0.064453125
0 0.5458984375 0.140625 0.0576171875 0.1201171875
2 0.6328125 0.23828125 0.03515625 0.0869140625
2 0.8212890625 0.1982421875 0.029296875 0.0537109375
2 0.8642578125 0.2763671875 0.033203125 0.0615234375
2 0.7763671875 0.162109375 0.0244140625 0.0478515625
2 0.419921875 0.2763671875 0.0341796875 0.0927734375
3 0.34765625 0.275390625 0.1083984375 0.2451171875
2 0.3984375 0.453125 0.0458984375 0.150390625
0 0.6337890625 0.1640625 0.0615234375 0.111328125
0 0.8759765625 0.3828125 0.0751953125 0.150390625
0 0.5400390625 0.05859375 0.0478515625 0.0791015625
0 0.1240234375 0.2216796875 0.0888671875 0.1513671875
2 0.5947265625 0.1015625 0.017578125 0.0712890625
0 0.1181640625 0.12109375 0.0693359375 0.087890625
0 0.3720703125 0.142578125 0.06640625 0.119140625
0 0.6845703125 0.2314453125 0.0693359375 0.1533203125
2 0.3994140625 0.271484375 0.0185546875 0.046875
0 0.697265625 0.123046875 0.060546875 0.0830078125
0 0.4912109375 0.470703125 0.119140625 0.2470703125
3 0.6455078125 0.458984375 0.13671875 0.3037109375
2 0.5751953125 0.044921875 0.029296875 0.05078125
2 0.3994140625 0.2197265625 0.0166015625 0.0654296875
3 0.78125 0.404296875 0.1337890625 0.2744140625
2 0.1826171875 0.1328125 0.01171875 0.052734375
2 0.841796875 0.2373046875 0.015625 0.0458984375
3 0.4716796875 0.0888671875 0.0693359375 0.166015625
3 0.654296875 0.064453125 0.05859375 0.12890625
0 0.2353515625 0.07421875 0.0478515625 0.0908203125
2 0.76171875 0.244140625 0.0234375 0.0458984375
0 0.4873046875 0.7197265625 0.1474609375 0.376953125
0 0.7373046875 0.1962890625 0.0654296875 0.091796875
3 0.7734375 0.72265625 0.2177734375 0.5341796875
2 0.744140625 0.138671875 0.013671875 0.03125
0 0.275390625 0.6806640625 0.1474609375 0.326171875
0 0.5888671875 0.302734375 0.0888671875 0.193359375
2 0.296875 0.2421875 0.017578125 0.109375
2 0.8037109375 0.1650390625 0.015625 0.04296875
2 0.3095703125 0.154296875 0.017578125 0.0419921875
3 0.8740234375 0.5556640625 0.0830078125 0.2275390625