2 0.4208984375 0.0361328125 0.0146484375 0.0478515625
2 0.6669921875 0.265625 0.029296875 0.0888671875
2 0.478515625 0.2314453125 0.0302734375 0.08984375
2 0.6962890625 0.0966796875 0.0146484375 0.0419921875
2 0.640625 0.03515625 0.01171875 0.0361328125
2 0.560546875 0.263671875 0.0244140625 0.0771484375
0 0.7998046875 0.4541015625 0.1064453125 0.2421875
0 0.8623046875 0.6728515625 0.107421875 0.375
2 0.583984375 0.017578125 0.013671875 0.03515625
0 0.3310546875 0.298828125 0.0927734375 0.2041015625
0 0.53515625 0.3388671875 0.0859375 0.1865234375
2 0.71484375 0.0166015625 0.013671875 0.033203125
0 0.591796875 0.70703125 0.142578125 0.3720703125
0 0.236328125 0.6787109375 0.154296875 0.375
3 0.126953125 0.1943359375 0.08984375 0.2060546875
2 0.6142578125 0.0234375 0.01171875 0.04296875
0 0.4208984375 0.533203125 0.1171875 0.298828125
0 0.681640625 0.443359375 0.0927734375 0.25
0 0.798828125 0.55859375 0.03125 0.1318359375
0 0.748046875 0.6875 0.1416015625 0.328125
0 0.904296875 0.490234375 0.0263671875 0.13671875