2 0.572265625 0.0556640625 0.0166015625 0.0517578125
2 0.6376953125 0.044921875 0.015625 0.0458984375
2 0.8017578125 0.30078125 0.0322265625 0.0888671875
2 0.619140625 0.0322265625 0.015625 0.041015625
2 0.6064453125 0.0126953125 0.013671875 0.025390625
2 0.6884765625 0.1298828125 0.0224609375 0.0625
2 0.6162109375 0.2060546875 0.025390625 0.0791015625
0 0.8173828125 0.509765625 0.140625 0.2783203125
2 0.6884765625 0.2763671875 0.0224609375 0.0869140625
2 0.759765625 0.2685546875 0.0244140625 0.080078125
2 0.572265625 0.291015625 0.029296875 0.0966796875
2 0.8984375 0.3828125 0.0361328125 0.109375
2 0.78125 0.2431640625 0.0234375 0.072265625
2 0.732421875 0.2724609375 0.0234375 0.0732421875
2 0.7421875 0.0322265625 0.0107421875 0.0283203125
2 0.8408203125 0.376953125 0.0283203125 0.0849609375
2 0.7109375 0.017578125 0.0126953125 0.033203125
2 0.109375 0.220703125 0.02734375 0.076171875
0 0.6533203125 0.3857421875 0.0986328125 0.25
2 0.58203125 0.005859375 0.009765625 0.0107421875
2 0.7978515625 0.232421875 0.017578125 0.0498046875