2 0.66015625 0.099609375 0.017578125 0.048828125
2 0.615234375 0.0263671875 0.0126953125 0.03515625
2 0.50390625 0.1630859375 0.0205078125 0.0654296875
2 0.7373046875 0.234375 0.021484375 0.068359375
3 0.779296875 0.5732421875 0.248046875 0.6044921875
2 0.390625 0.091796875 0.0166015625 0.05859375
2 0.689453125 0.138671875 0.0185546875 0.0615234375
2 0.7919921875 0.1591796875 0.0224609375 0.0654296875
0 0.3525390625 0.1650390625 0.0693359375 0.1396484375
0 0.46875 0.2412109375 0.0791015625 0.1591796875
0 0.5908203125 0.271484375 0.0859375 0.181640625
0 0.4423828125 0.041015625 0.044921875 0.056640625
2 0.4775390625 0.3544921875 0.041015625 0.1083984375
0 0.4130859375 0.0224609375 0.0283203125 0.0390625
0 0.642578125 0.416015625 0.0595703125 0.2529296875
0 0.287109375 0.416015625 0.11328125 0.2783203125
2 0.1162109375 0.046875 0.013671875 0.0458984375
2 0.7001953125 0.1064453125 0.0146484375 0.0576171875
2 0.84375 0.3466796875 0.0361328125 0.11328125
2 0.5302734375 0.2412109375 0.0302734375 0.0576171875
0 0.41796875 0.5458984375 0.1279296875 0.3486328125
0 0.5986328125 0.6748046875 0.142578125 0.4169921875
2 0.4814453125 0.15234375 0.0205078125 0.037109375
3 0.68359375 0.216796875 0.0908203125 0.1669921875
2 0.34765625 0.3115234375 0.0302734375 0.0859375
2 0.7412109375 0.0283203125 0.0107421875 0.029296875
2 0.8642578125 0.298828125 0.0146484375 0.064453125
2 0.4384765625 0.0078125 0.0126953125 0.0146484375
2 0.501953125 0.302734375 0.017578125 0.0791015625
2 0.7138671875 0.0166015625 0.0126953125 0.0322265625
2 0.1513671875 0.009765625 0.0126953125 0.01953125
2 0.1396484375 0.0302734375 0.0107421875 0.037109375
3 0.8955078125 0.6845703125 0.04296875 0.3271484375
3 0.4365234375 0.0869140625 0.0546875 0.0498046875
3 0.7607421875 0.0244140625 0.0390625 0.048828125