2 0.419921875 0.1005859375 0.017578125 0.056640625
2 0.388671875 0.11328125 0.021484375 0.064453125
2 0.4853515625 0.08203125 0.0166015625 0.0625
2 0.6728515625 0.115234375 0.029296875 0.0693359375
0 0.5380859375 0.13671875 0.060546875 0.1220703125
2 0.1494140625 0.0244140625 0.0146484375 0.041015625
0 0.4638671875 0.1357421875 0.064453125 0.12890625
2 0.1142578125 0.03515625 0.017578125 0.04296875
0 0.654296875 0.0556640625 0.044921875 0.0693359375
2 0.6171875 0.0302734375 0.0185546875 0.037109375
2 0.4853515625 0.0224609375 0.013671875 0.0390625
2 0.7080078125 0.16015625 0.0224609375 0.0615234375
0 0.6279296875 0.1650390625 0.05859375 0.126953125
2 0.7509765625 0.2041015625 0.02734375 0.0810546875
2 0.8955078125 0.3115234375 0.037109375 0.0810546875
2 0.1328125 0.890625 0.0634765625 0.1845703125
0 0.6767578125 0.224609375 0.068359375 0.1455078125
2 0.6298828125 0.0234375 0.013671875 0.0263671875
2 0.5869140625 0.0859375 0.0146484375 0.0625
0 0.482421875 0.4677734375 0.1201171875 0.2412109375
3 0.7744140625 0.3935546875 0.1357421875 0.2705078125
2 0.7314453125 0.1552734375 0.0205078125 0.0751953125
2 0.5556640625 0.0107421875 0.009765625 0.021484375
0 0.5361328125 0.0498046875 0.0458984375 0.0595703125
2 0.7216796875 0.033203125 0.0146484375 0.0400390625
2 0.4208984375 0.0595703125 0.013671875 0.044921875
0 0.2685546875 0.681640625 0.1416015625 0.318359375
0 0.474609375 0.279296875 0.0927734375 0.201171875
3 0.62890625 0.4560546875 0.1416015625 0.318359375
3 0.767578125 0.7197265625 0.2197265625 0.53515625
2 0.171875 0.017578125 0.01953125 0.0322265625
2 0.5126953125 0.09375 0.0107421875 0.04296875
0 0.318359375 0.4658203125 0.0947265625 0.25390625
0 0.8369140625 0.255859375 0.0712890625 0.08984375
2 0.9091796875 0.3935546875 0.015625 0.11328125
0 0.578125 0.265625 0.0849609375 0.212890625
2 0.6953125 0.1025390625 0.017578125 0.0576171875
2 0.58984375 0.0361328125 0.0107421875 0.0361328125
2 0.7158203125 0.111328125 0.015625 0.0458984375
2 0.82421875 0.205078125 0.013671875 0.0263671875
2 0.8388671875 0.38671875 0.01953125 0.08203125
2 0.740234375 0.0205078125 0.0146484375 0.0390625