2 0.6015625 0.017578125 0.0087890625 0.0263671875
0 0.62109375 0.1123046875 0.0517578125 0.09765625
0 0.7734375 0.44921875 0.1162109375 0.25390625
2 0.7216796875 0.1435546875 0.0166015625 0.05859375
0 0.4521484375 0.03515625 0.041015625 0.068359375
0 0.83984375 0.3388671875 0.0986328125 0.166015625
0 0.5087890625 0.021484375 0.033203125 0.04296875
0 0.853515625 0.6513671875 0.123046875 0.3466796875
0 0.5830078125 0.2666015625 0.0830078125 0.19140625
0 0.6513671875 0.3896484375 0.1025390625 0.244140625
0 0.7060546875 0.7099609375 0.1630859375 0.3740234375
2 0.5595703125 0.0146484375 0.0087890625 0.0263671875
0 0.2744140625 0.5830078125 0.1396484375 0.3662109375
3 0.3701171875 0.1845703125 0.1083984375 0.25
0 0.4931640625 0.6318359375 0.1337890625 0.326171875
2 0.7294921875 0.01953125 0.0166015625 0.0390625
2 0.65234375 0.0517578125 0.0146484375 0.037109375