3 0.7705078125 0.572265625 0.2353515625 0.6162109375
2 0.755859375 0.2421875 0.0244140625 0.0654296875
2 0.791015625 0.162109375 0.0244140625 0.0625
2 0.37109375 0.134765625 0.01953125 0.0625
0 0.3359375 0.267578125 0.0751953125 0.169921875
2 0.8212890625 0.3427734375 0.0302734375 0.06640625
0 0.4716796875 0.234375 0.076171875 0.1650390625
0 0.2861328125 0.416015625 0.11328125 0.2763671875
0 0.4150390625 0.544921875 0.126953125 0.361328125
0 0.6396484375 0.416015625 0.0615234375 0.2548828125
0 0.109375 0.1435546875 0.052734375 0.0986328125
0 0.388671875 0.044921875 0.0517578125 0.0888671875
0 0.544921875 0.380859375 0.09765625 0.2294921875
0 0.6943359375 0.2421875 0.0859375 0.1240234375
0 0.59765625 0.67578125 0.1396484375 0.41796875
2 0.1494140625 0.169921875 0.0234375 0.0517578125