2 0.5361328125 0.0185546875 0.0126953125 0.037109375
2 0.4775390625 0.080078125 0.0166015625 0.0517578125
2 0.7783203125 0.2373046875 0.0205078125 0.072265625
3 0.78125 0.5673828125 0.2470703125 0.607421875
0 0.5771484375 0.21484375 0.0751953125 0.169921875
2 0.5966796875 0.0302734375 0.013671875 0.0380859375
2 0.5166015625 0.1044921875 0.01953125 0.0634765625
0 0.47265625 0.2392578125 0.076171875 0.1552734375
0 0.3369140625 0.2685546875 0.0791015625 0.169921875
2 0.794921875 0.162109375 0.0234375 0.068359375
0 0.2880859375 0.4169921875 0.111328125 0.27734375
2 0.7412109375 0.1484375 0.021484375 0.0625
0 0.4189453125 0.546875 0.126953125 0.3486328125
0 0.5478515625 0.3798828125 0.095703125 0.2314453125
0 0.6962890625 0.2353515625 0.0849609375 0.119140625
2 0.4794921875 0.37109375 0.0439453125 0.1015625
0 0.6435546875 0.4150390625 0.0634765625 0.2548828125
2 0.6298828125 0.03125 0.01171875 0.037109375
2 0.52734375 0.205078125 0.015625 0.0703125
0 0.599609375 0.67578125 0.1416015625 0.4130859375
2 0.744140625 0.03125 0.009765625 0.02734375
2 0.71484375 0.0166015625 0.0126953125 0.0322265625
2 0.4775390625 0.0419921875 0.0146484375 0.0380859375
2 0.169921875 0.0146484375 0.013671875 0.029296875
2 0.57421875 0.0068359375 0.0087890625 0.013671875
2 0.6572265625 0.1220703125 0.0224609375 0.037109375
3 0.8935546875 0.68359375 0.044921875 0.3447265625