2 0.7373046875 0.1953125 0.0205078125 0.068359375
2 0.1064453125 0.0703125 0.017578125 0.05859375
2 0.7216796875 0.3515625 0.029296875 0.0654296875
2 0.6201171875 0.3955078125 0.0322265625 0.1162109375
2 0.85546875 0.4375 0.02734375 0.0888671875
0 0.6357421875 0.2705078125 0.0751953125 0.158203125
2 0.12109375 0.044921875 0.013671875 0.041015625
2 0.6201171875 0.15234375 0.017578125 0.052734375
0 0.53515625 0.3427734375 0.0888671875 0.19921875
0 0.423828125 0.1845703125 0.0693359375 0.1552734375
2 0.2890625 0.2587890625 0.0263671875 0.072265625
2 0.1279296875 0.1083984375 0.0244140625 0.0478515625
2 0.1181640625 0.1669921875 0.025390625 0.0615234375
0 0.3291015625 0.296875 0.0947265625 0.201171875
3 0.5712890625 0.083984375 0.107421875 0.16796875
0 0.4931640625 0.171875 0.060546875 0.140625
0 0.666015625 0.13671875 0.0595703125 0.119140625
0 0.6826171875 0.4453125 0.09375 0.251953125
2 0.17578125 0.0517578125 0.0185546875 0.0712890625
2 0.6220703125 0.0361328125 0.0107421875 0.0361328125
0 0.798828125 0.44921875 0.11328125 0.2314453125
2 0.8857421875 0.447265625 0.0380859375 0.0869140625
2 0.7841796875 0.3232421875 0.01953125 0.0380859375
0 0.8623046875 0.6728515625 0.107421875 0.3779296875
2 0.412109375 0.01171875 0.0107421875 0.0234375
0 0.5908203125 0.70703125 0.1416015625 0.3701171875
2 0.4794921875 0.4736328125 0.03125 0.103515625
2 0.232421875 0.025390625 0.017578125 0.0498046875
2 0.646484375 0.009765625 0.01171875 0.01953125
0 0.236328125 0.6767578125 0.15234375 0.3740234375
2 0.1015625 0.111328125 0.0146484375 0.037109375
2 0.2958984375 0.1611328125 0.0205078125 0.060546875
2 0.3876953125 0.4208984375 0.0361328125 0.1171875
0 0.7431640625 0.6865234375 0.1484375 0.3427734375
2 0.443359375 0.3583984375 0.03515625 0.0595703125
2 0.375 0.267578125 0.0224609375 0.0888671875
2 0.7138671875 0.0146484375 0.01171875 0.029296875
2 0.6220703125 0.099609375 0.0107421875 0.0419921875
2 0.7431640625 0.0322265625 0.009765625 0.0263671875
2 0.0888671875 0.1318359375 0.0146484375 0.0830078125