2 0.6474609375 0.134765625 0.0224609375 0.05859375
2 0.6826171875 0.1142578125 0.0185546875 0.044921875
2 0.6103515625 0.171875 0.021484375 0.0615234375
3 0.78125 0.576171875 0.2421875 0.603515625
2 0.5234375 0.109375 0.0185546875 0.060546875
2 0.703125 0.095703125 0.01171875 0.0439453125
2 0.57421875 0.0966796875 0.01953125 0.060546875
0 0.3564453125 0.1611328125 0.0673828125 0.12890625
0 0.5478515625 0.1806640625 0.0625 0.1376953125
0 0.73046875 0.12109375 0.056640625 0.083984375
2 0.7451171875 0.03125 0.0087890625 0.0263671875
2 0.548828125 0.048828125 0.0185546875 0.0498046875
0 0.59375 0.2734375 0.080078125 0.181640625
0 0.4248046875 0.287109375 0.080078125 0.134765625
0 0.697265625 0.2392578125 0.0859375 0.126953125
0 0.4404296875 0.158203125 0.0634765625 0.12890625
2 0.662109375 0.0625 0.0146484375 0.05078125
2 0.7841796875 0.2734375 0.0322265625 0.0703125
0 0.3896484375 0.05859375 0.0517578125 0.078125
2 0.7958984375 0.1689453125 0.0224609375 0.0625
0 0.64453125 0.4189453125 0.05859375 0.2490234375
0 0.29296875 0.416015625 0.1142578125 0.275390625
2 0.4794921875 0.3642578125 0.037109375 0.1025390625
2 0.662109375 0.0126953125 0.0146484375 0.025390625
2 0.8759765625 0.376953125 0.0322265625 0.083984375
0 0.09765625 0.0732421875 0.0302734375 0.076171875
2 0.5849609375 0.0107421875 0.013671875 0.021484375
0 0.4208984375 0.548828125 0.1259765625 0.353515625
2 0.7021484375 0.060546875 0.01171875 0.0380859375
2 0.8896484375 0.7822265625 0.052734375 0.20703125
0 0.5986328125 0.6748046875 0.142578125 0.419921875
2 0.357421875 0.365234375 0.03125 0.0966796875
2 0.5673828125 0.0556640625 0.0185546875 0.05078125
2 0.5 0.017578125 0.0107421875 0.03515625
2 0.7216796875 0.0205078125 0.013671875 0.0263671875
2 0.8544921875 0.3916015625 0.0224609375 0.0576171875
2 0.7294921875 0.19921875 0.0185546875 0.0498046875
2 0.30859375 0.021484375 0.015625 0.0380859375
2 0.794921875 0.1259765625 0.0146484375 0.0380859375
2 0.7646484375 0.2724609375 0.0146484375 0.0224609375
2 0.908203125 0.4013671875 0.0185546875 0.0537109375
2 0.2490234375 0.0185546875 0.013671875 0.037109375
3 0.443359375 0.0830078125 0.05859375 0.0478515625