0 0.544921875 0.095703125 0.0537109375 0.1181640625
2 0.4580078125 0.05078125 0.013671875 0.0419921875
0 0.6044921875 0.0830078125 0.0517578125 0.1064453125
0 0.669921875 0.2109375 0.080078125 0.134765625
0 0.6748046875 0.1044921875 0.0615234375 0.1064453125
0 0.771484375 0.4482421875 0.115234375 0.2529296875
0 0.453125 0.390625 0.10546875 0.2412109375
0 0.5830078125 0.2548828125 0.0849609375 0.2236328125
0 0.3818359375 0.103515625 0.0673828125 0.1591796875
0 0.6513671875 0.392578125 0.1025390625 0.2421875
0 0.8544921875 0.65625 0.123046875 0.3525390625
0 0.27734375 0.580078125 0.142578125 0.365234375
0 0.50390625 0.0146484375 0.0302734375 0.029296875
0 0.4501953125 0.2353515625 0.080078125 0.1552734375
0 0.7060546875 0.7119140625 0.1640625 0.3740234375
0 0.4912109375 0.6298828125 0.1298828125 0.3271484375
2 0.5498046875 0.4326171875 0.044921875 0.1396484375
0 0.40625 0.015625 0.048828125 0.0302734375
0 0.5673828125 0.021484375 0.0107421875 0.04296875
2 0.7138671875 0.017578125 0.0166015625 0.0341796875
0 0.7421875 0.3017578125 0.0771484375 0.140625
2 0.193359375 0.2490234375 0.0302734375 0.0595703125