2 0.7705078125 0.2197265625 0.0205078125 0.05859375
2 0.79296875 0.162109375 0.0234375 0.068359375
2 0.12109375 0.0478515625 0.013671875 0.041015625
3 0.7705078125 0.572265625 0.2255859375 0.6103515625
0 0.435546875 0.1572265625 0.0634765625 0.123046875
0 0.591796875 0.2724609375 0.0830078125 0.18359375
2 0.6025390625 0.09765625 0.0205078125 0.0498046875
0 0.3369140625 0.2685546875 0.0810546875 0.169921875
2 0.7998046875 0.302734375 0.0263671875 0.0498046875
0 0.5234375 0.1015625 0.0537109375 0.103515625
2 0.4013671875 0.14453125 0.0205078125 0.060546875
2 0.521484375 0.24609375 0.033203125 0.078125
0 0.419921875 0.2998046875 0.083984375 0.15234375
0 0.3671875 0.0966796875 0.0556640625 0.0986328125
0 0.6435546875 0.4130859375 0.0634765625 0.2509765625
0 0.61328125 0.0263671875 0.0390625 0.052734375
0 0.287109375 0.4169921875 0.11328125 0.2763671875
0 0.6982421875 0.240234375 0.0859375 0.123046875
0 0.4169921875 0.5478515625 0.126953125 0.3525390625
2 0.1005859375 0.1513671875 0.0224609375 0.0625
2 0.576171875 0.0107421875 0.01171875 0.021484375
0 0.59765625 0.67578125 0.142578125 0.4208984375
2 0.7421875 0.0322265625 0.0087890625 0.0263671875
2 0.4755859375 0.365234375 0.0263671875 0.0859375
2 0.40234375 0.09765625 0.017578125 0.056640625
0 0.505859375 0.015625 0.0302734375 0.0302734375
2 0.712890625 0.017578125 0.0146484375 0.0341796875
0 0.8837890625 0.6376953125 0.0634765625 0.421875
3 0.2314453125 0.0205078125 0.029296875 0.041015625