2 0.8984375 0.3388671875 0.03515625 0.08984375
2 0.638671875 0.123046875 0.0224609375 0.0634765625
2 0.697265625 0.138671875 0.021484375 0.064453125
0 0.5205078125 0.029296875 0.037109375 0.05859375
0 0.1552734375 0.08203125 0.0634765625 0.095703125
2 0.7431640625 0.03125 0.009765625 0.02734375
0 0.3505859375 0.1728515625 0.064453125 0.1328125
0 0.44140625 0.0625 0.04296875 0.0908203125
2 0.7626953125 0.1728515625 0.017578125 0.05859375
0 0.8623046875 0.673828125 0.1083984375 0.3662109375
2 0.7138671875 0.0166015625 0.013671875 0.033203125
3 0.7421875 0.6240234375 0.146484375 0.4609375