0 0.3857421875 0.0546875 0.05078125 0.06640625
0 0.3369140625 0.2685546875 0.076171875 0.1728515625
2 0.43359375 0.0224609375 0.01171875 0.0419921875
2 0.8515625 0.5009765625 0.0478515625 0.140625
2 0.5693359375 0.4130859375 0.04296875 0.123046875
0 0.4716796875 0.2451171875 0.078125 0.169921875
0 0.552734375 0.1298828125 0.0537109375 0.09765625
0 0.3515625 0.1533203125 0.0673828125 0.09765625
2 0.583984375 0.025390625 0.015625 0.044921875
0 0.56640625 0.255859375 0.07421875 0.171875
2 0.5986328125 0.025390625 0.01171875 0.0400390625
2 0.8603515625 0.9111328125 0.0712890625 0.1728515625
2 0.4853515625 0.1484375 0.0224609375 0.0458984375
2 0.6376953125 0.0263671875 0.0146484375 0.041015625
0 0.4638671875 0.0751953125 0.044921875 0.0849609375
2 0.51171875 0.228515625 0.0205078125 0.0791015625
2 0.654296875 0.333984375 0.0302734375 0.087890625
2 0.5205078125 0.099609375 0.01953125 0.0673828125
2 0.90625 0.51953125 0.0224609375 0.12890625
2 0.8056640625 0.412109375 0.041015625 0.125
0 0.2783203125 0.443359375 0.1171875 0.294921875
2 0.9033203125 0.3271484375 0.0263671875 0.0751953125
2 0.24609375 0.8095703125 0.0771484375 0.2216796875
0 0.712890625 0.1123046875 0.0556640625 0.0869140625
0 0.193359375 0.1328125 0.064453125 0.1103515625
2 0.7421875 0.24609375 0.0380859375 0.0625
0 0.6279296875 0.1337890625 0.0537109375 0.0908203125
0 0.6572265625 0.53125 0.1298828125 0.3095703125
2 0.7177734375 0.1826171875 0.0224609375 0.044921875
0 0.25390625 0.033203125 0.0537109375 0.0654296875
2 0.3896484375 0.1484375 0.0234375 0.064453125
2 0.12109375 0.958984375 0.078125 0.08203125
2 0.3857421875 0.23046875 0.0302734375 0.072265625
2 0.6025390625 0.2333984375 0.02734375 0.091796875
2 0.7197265625 0.2236328125 0.0234375 0.0537109375
3 0.09765625 0.1337890625 0.0322265625 0.1669921875
0 0.7353515625 0.357421875 0.1064453125 0.236328125
2 0.6298828125 0.341796875 0.0302734375 0.0693359375
2 0.6259765625 0.26171875 0.0341796875 0.0966796875
2 0.5107421875 0.1650390625 0.0234375 0.0654296875
2 0.783203125 0.302734375 0.0283203125 0.080078125
2 0.447265625 0.017578125 0.015625 0.03515625
2 0.4912109375 0.017578125 0.013671875 0.03515625
2 0.7431640625 0.0322265625 0.0087890625 0.0283203125
0 0.6796875 0.21875 0.0693359375 0.1513671875
2 0.6005859375 0.177734375 0.017578125 0.0537109375
2 0.4072265625 0.1162109375 0.0146484375 0.068359375
3 0.78125 0.2158203125 0.0810546875 0.1513671875
2 0.416015625 0.0205078125 0.01171875 0.0400390625
2 0.35546875 0.40234375 0.0302734375 0.1435546875
2 0.279296875 0.267578125 0.0244140625 0.0634765625
2 0.6982421875 0.4111328125 0.0205078125 0.0673828125
2 0.4892578125 0.0859375 0.017578125 0.044921875
2 0.4287109375 0.2099609375 0.0263671875 0.0419921875
2 0.5126953125 0.03515625 0.015625 0.044921875
2 0.9072265625 0.388671875 0.017578125 0.0654296875
2 0.8037109375 0.3388671875 0.0205078125 0.052734375
2 0.4072265625 0.2021484375 0.0234375 0.05078125
2 0.4990234375 0.3759765625 0.041015625 0.119140625
0 0.9033203125 0.8095703125 0.02734375 0.3017578125