2 0.2685546875 0.3271484375 0.033203125 0.0751953125
2 0.392578125 0.458984375 0.04296875 0.134765625
3 0.3369140625 0.291015625 0.1201171875 0.2724609375
0 0.537109375 0.1376953125 0.0595703125 0.1259765625
2 0.8447265625 0.255859375 0.0322265625 0.0634765625
2 0.8984375 0.3203125 0.0361328125 0.103515625
0 0.3662109375 0.1279296875 0.068359375 0.10546875
0 0.5830078125 0.1943359375 0.0673828125 0.1376953125
0 0.1806640625 0.14453125 0.0556640625 0.1044921875
3 0.4638671875 0.0771484375 0.0693359375 0.154296875
2 0.7890625 0.169921875 0.0205078125 0.033203125
2 0.10546875 0.0439453125 0.015625 0.0615234375
0 0.484375 0.46875 0.1201171875 0.25
0 0.677734375 0.2294921875 0.06640625 0.1552734375
3 0.7685546875 0.38671875 0.12890625 0.263671875
0 0.11328125 0.263671875 0.0634765625 0.150390625
0 0.6123046875 0.0966796875 0.0556640625 0.0966796875
0 0.5615234375 0.0322265625 0.0400390625 0.0634765625
0 0.6943359375 0.1220703125 0.0537109375 0.0810546875
2 0.7607421875 0.1728515625 0.01953125 0.0537109375
0 0.509765625 0.0283203125 0.0322265625 0.056640625
2 0.4150390625 0.2822265625 0.029296875 0.080078125
3 0.634765625 0.45703125 0.1357421875 0.3251953125
0 0.4736328125 0.2763671875 0.0927734375 0.1982421875
3 0.767578125 0.720703125 0.21875 0.537109375
0 0.7998046875 0.23828125 0.0869140625 0.12109375
2 0.4140625 0.2294921875 0.0244140625 0.041015625
2 0.748046875 0.142578125 0.017578125 0.044921875
3 0.2109375 0.0625 0.0888671875 0.119140625
0 0.265625 0.6865234375 0.138671875 0.3095703125
2 0.876953125 0.2509765625 0.0166015625 0.0576171875
2 0.392578125 0.2236328125 0.0166015625 0.072265625