2 0.4130859375 0.28125 0.0146484375 0.046875
0 0.435546875 0.212890625 0.025390625 0.041015625
2 0.4794921875 0.580078125 0.02734375 0.0810546875
3 0.34375 0.3505859375 0.0634765625 0.1787109375
3 0.36328125 0.130859375 0.0166015625 0.0361328125
0 0.3828125 0.189453125 0.0244140625 0.048828125
2 0.39453125 0.2177734375 0.0107421875 0.0302734375
2 0.783203125 0.7900390625 0.0576171875 0.130859375
2 0.927734375 0.54296875 0.0556640625 0.091796875
2 0.9765625 0.626953125 0.044921875 0.0830078125
2 0.74609375 0.640625 0.0400390625 0.1015625
2 0.4765625 0.208984375 0.0166015625 0.03125
3 0.3349609375 0.2451171875 0.0380859375 0.052734375
2 0.4052734375 0.1884765625 0.009765625 0.02734375
0 0.234375 0.265625 0.037109375 0.0703125
2 0.302734375 0.75390625 0.0244140625 0.087890625
2 0.578125 0.3017578125 0.037109375 0.041015625
3 0.3349609375 0.142578125 0.0244140625 0.0654296875
2 0.3193359375 0.177734375 0.0068359375 0.025390625
3 0.38671875 0.5498046875 0.1240234375 0.3046875
2 0.5302734375 0.615234375 0.029296875 0.0947265625
0 0.3876953125 0.13671875 0.0146484375 0.0283203125
0 0.4931640625 0.21875 0.0224609375 0.0498046875
2 0.3896484375 0.15625 0.005859375 0.01953125
2 0.892578125 0.546875 0.03125 0.0634765625
2 0.3740234375 0.1572265625 0.0068359375 0.025390625
2 0.31640625 0.142578125 0.0087890625 0.021484375
2 0.462890625 0.205078125 0.0078125 0.0224609375
3 0.2900390625 0.1259765625 0.0166015625 0.05078125