2 0.6103515625 0.0283203125 0.0146484375 0.041015625
0 0.54296875 0.0625 0.04296875 0.0908203125
0 0.62890625 0.1337890625 0.0712890625 0.1240234375
2 0.4599609375 0.6669921875 0.048828125 0.171875
2 0.869140625 0.30859375 0.0341796875 0.107421875
2 0.689453125 0.11328125 0.01953125 0.0478515625
0 0.8134765625 0.333984375 0.1005859375 0.1767578125
0 0.646484375 0.3896484375 0.103515625 0.23828125
2 0.5927734375 0.0869140625 0.0107421875 0.048828125
0 0.7060546875 0.712890625 0.166015625 0.37109375
2 0.744140625 0.0263671875 0.0146484375 0.033203125
0 0.50390625 0.015625 0.033203125 0.03125
2 0.8115234375 0.2236328125 0.0322265625 0.048828125
2 0.7568359375 0.0361328125 0.0126953125 0.0302734375
2 0.7138671875 0.017578125 0.017578125 0.03515625
2 0.6533203125 0.08984375 0.013671875 0.0380859375