2 0.6328125 0.0390625 0.0126953125 0.033203125
0 0.41796875 0.1689453125 0.06640625 0.1201171875
2 0.810546875 0.322265625 0.037109375 0.07421875
2 0.8984375 0.3330078125 0.029296875 0.0751953125
0 0.4892578125 0.171875 0.0595703125 0.1416015625
0 0.37109375 0.08984375 0.0576171875 0.123046875
0 0.529296875 0.3408203125 0.08984375 0.1962890625
0 0.3291015625 0.2919921875 0.0966796875 0.19921875
0 0.6337890625 0.27734375 0.0732421875 0.169921875
3 0.1279296875 0.083984375 0.08984375 0.166015625
2 0.6171875 0.4140625 0.0322265625 0.115234375
0 0.435546875 0.083984375 0.0458984375 0.07421875
0 0.6875 0.4619140625 0.11328125 0.265625
0 0.421875 0.2919921875 0.0830078125 0.1748046875
3 0.5712890625 0.0849609375 0.099609375 0.169921875
0 0.7958984375 0.4375 0.111328125 0.2099609375
2 0.8505859375 0.427734375 0.02734375 0.0791015625
0 0.521484375 0.0712890625 0.0341796875 0.0810546875
2 0.1708984375 0.146484375 0.01953125 0.056640625
2 0.2548828125 0.0546875 0.017578125 0.08203125
2 0.3720703125 0.2099609375 0.0205078125 0.0634765625
0 0.6123046875 0.0244140625 0.0224609375 0.041015625
2 0.8818359375 0.46484375 0.03515625 0.06640625
2 0.669921875 0.0439453125 0.01171875 0.03515625
2 0.7822265625 0.19140625 0.0224609375 0.0703125
0 0.8740234375 0.6708984375 0.0888671875 0.3798828125
2 0.7138671875 0.3427734375 0.03515625 0.0830078125
3 0.7353515625 0.216796875 0.1025390625 0.2294921875
2 0.689453125 0.310546875 0.0224609375 0.0400390625
2 0.4775390625 0.4736328125 0.0322265625 0.0986328125
0 0.6279296875 0.1142578125 0.0400390625 0.076171875
2 0.3837890625 0.41015625 0.029296875 0.1025390625
2 0.5185546875 0.134765625 0.013671875 0.0517578125
3 0.669921875 0.1806640625 0.05078125 0.1396484375
2 0.2861328125 0.25390625 0.0263671875 0.0615234375
0 0.4169921875 0.53515625 0.12109375 0.30078125
0 0.2333984375 0.6826171875 0.154296875 0.369140625
2 0.330078125 0.0634765625 0.0166015625 0.0654296875
2 0.7822265625 0.3046875 0.0234375 0.056640625
2 0.2138671875 0.078125 0.015625 0.0595703125
0 0.703125 0.087890625 0.05078125 0.0576171875
0 0.587890625 0.828125 0.1708984375 0.3359375
2 0.7109375 0.0166015625 0.013671875 0.0322265625
2 0.8720703125 0.3310546875 0.02734375 0.060546875
2 0.7548828125 0.3203125 0.0166015625 0.0556640625
2 0.3056640625 0.18359375 0.017578125 0.044921875