3 0.779296875 0.57421875 0.2412109375 0.599609375
0 0.38671875 0.0537109375 0.0458984375 0.0625
2 0.595703125 0.03515625 0.013671875 0.0361328125
2 0.490234375 0.1611328125 0.0224609375 0.0615234375
0 0.5458984375 0.185546875 0.0634765625 0.134765625
2 0.5146484375 0.0908203125 0.01953125 0.0751953125
0 0.6162109375 0.12109375 0.0478515625 0.0986328125
0 0.4208984375 0.294921875 0.0830078125 0.142578125
0 0.3525390625 0.1572265625 0.0673828125 0.115234375
2 0.384765625 0.2255859375 0.0234375 0.0673828125
2 0.7060546875 0.1259765625 0.0224609375 0.0537109375
2 0.62890625 0.03515625 0.01171875 0.037109375
2 0.6669921875 0.0986328125 0.0146484375 0.0478515625
0 0.4638671875 0.0703125 0.044921875 0.080078125
2 0.634765625 0.2666015625 0.0205078125 0.0517578125
0 0.591796875 0.2744140625 0.076171875 0.1826171875
2 0.703125 0.1669921875 0.0224609375 0.0498046875
2 0.7548828125 0.259765625 0.0400390625 0.0390625
2 0.388671875 0.1591796875 0.0263671875 0.078125
0 0.705078125 0.2314453125 0.0947265625 0.1064453125
2 0.453125 0.017578125 0.0126953125 0.0341796875
2 0.119140625 0.14453125 0.021484375 0.056640625
0 0.291015625 0.4169921875 0.1162109375 0.2744140625
0 0.439453125 0.1494140625 0.06640625 0.1240234375
2 0.15625 0.013671875 0.0107421875 0.0263671875
0 0.6435546875 0.4150390625 0.05859375 0.24609375
2 0.359375 0.0439453125 0.01953125 0.0439453125
2 0.791015625 0.1640625 0.0234375 0.060546875
0 0.228515625 0.0751953125 0.05078125 0.1123046875
2 0.875 0.3798828125 0.046875 0.0810546875
3 0.5458984375 0.0634765625 0.06640625 0.126953125
2 0.7421875 0.033203125 0.0087890625 0.0263671875
2 0.111328125 0.044921875 0.0146484375 0.044921875
2 0.130859375 0.0458984375 0.0166015625 0.0595703125
0 0.4208984375 0.5478515625 0.125 0.349609375
2 0.353515625 0.3857421875 0.03125 0.0908203125
2 0.7216796875 0.2119140625 0.017578125 0.0302734375
2 0.189453125 0.0146484375 0.013671875 0.029296875
2 0.7900390625 0.1220703125 0.01171875 0.03515625
2 0.0947265625 0.0419921875 0.0166015625 0.05078125
0 0.59765625 0.6748046875 0.142578125 0.416015625
2 0.6630859375 0.2802734375 0.0205078125 0.0458984375
2 0.4775390625 0.3701171875 0.0361328125 0.109375
2 0.5810546875 0.033203125 0.0087890625 0.029296875
2 0.4794921875 0.0166015625 0.0166015625 0.0322265625
2 0.4052734375 0.142578125 0.0166015625 0.0693359375
2 0.1201171875 0.0244140625 0.01171875 0.041015625
2 0.51171875 0.029296875 0.0146484375 0.04296875
2 0.5771484375 0.1259765625 0.01953125 0.0576171875
2 0.2421875 0.0107421875 0.01171875 0.021484375
2 0.54296875 0.2509765625 0.0263671875 0.0458984375
2 0.734375 0.173828125 0.0205078125 0.0478515625
3 0.89453125 0.6875 0.044921875 0.33203125