2 0.2470703125 0.720703125 0.0478515625 0.1708984375
2 0.857421875 0.37109375 0.0322265625 0.0966796875
2 0.21484375 0.5849609375 0.044921875 0.1689453125
2 0.4248046875 0.5458984375 0.0458984375 0.158203125
0 0.3349609375 0.3544921875 0.0986328125 0.259765625
2 0.158203125 0.91015625 0.0673828125 0.1767578125
2 0.2724609375 0.9267578125 0.0634765625 0.13671875
3 0.6787109375 0.1474609375 0.091796875 0.2666015625
0 0.6328125 0.3662109375 0.0947265625 0.2333984375
2 0.8212890625 0.3154296875 0.0166015625 0.0703125
0 0.783203125 0.2998046875 0.0927734375 0.1650390625
0 0.80859375 0.4638671875 0.1083984375 0.189453125
0 0.5927734375 0.21875 0.0703125 0.1513671875
2 0.70703125 0.53515625 0.05078125 0.0751953125
0 0.560546875 0.1083984375 0.056640625 0.130859375
3 0.3525390625 0.13671875 0.0849609375 0.1953125
0 0.8583984375 0.64453125 0.1201171875 0.3125
0 0.611328125 0.0302734375 0.0400390625 0.060546875
2 0.78515625 0.2177734375 0.0263671875 0.0390625
0 0.390625 0.04296875 0.052734375 0.0849609375
3 0.4736328125 0.1591796875 0.1142578125 0.3134765625
0 0.525390625 0.0361328125 0.041015625 0.072265625
2 0.91015625 0.46484375 0.0146484375 0.09375
2 0.5478515625 0.4833984375 0.05078125 0.0537109375
0 0.8984375 0.357421875 0.0380859375 0.1455078125
0 0.5712890625 0.6962890625 0.1533203125 0.4111328125
2 0.16015625 0.7568359375 0.048828125 0.1259765625
0 0.392578125 0.103515625 0.0146484375 0.1015625
2 0.2607421875 0.5498046875 0.0341796875 0.095703125
3 0.2421875 0.013671875 0.0517578125 0.0263671875
3 0.4541015625 0.0341796875 0.0546875 0.0673828125