2 0.6669921875 0.0966796875 0.0146484375 0.041015625
2 0.7373046875 0.158203125 0.017578125 0.0517578125
2 0.6083984375 0.03515625 0.0146484375 0.037109375
2 0.654296875 0.0556640625 0.0126953125 0.0419921875
2 0.62109375 0.0419921875 0.0146484375 0.0390625
2 0.7744140625 0.2197265625 0.0263671875 0.0751953125
2 0.6318359375 0.087890625 0.0126953125 0.0361328125
2 0.744140625 0.0322265625 0.0107421875 0.0263671875
2 0.6669921875 0.0634765625 0.0126953125 0.03125
0 0.6533203125 0.1689453125 0.06640625 0.1376953125
0 0.8828125 0.3505859375 0.0693359375 0.15625
2 0.6865234375 0.1064453125 0.0205078125 0.0419921875
2 0.6884765625 0.15234375 0.0224609375 0.0595703125
2 0.638671875 0.03515625 0.0126953125 0.03125
2 0.509765625 0.0166015625 0.0107421875 0.02734375
2 0.822265625 0.2392578125 0.0263671875 0.076171875
0 0.5869140625 0.087890625 0.0458984375 0.142578125
2 0.71484375 0.0146484375 0.01171875 0.029296875
0 0.1396484375 0.0888671875 0.083984375 0.1123046875
2 0.6552734375 0.01171875 0.0107421875 0.0234375
0 0.2255859375 0.08984375 0.0576171875 0.1025390625
2 0.6220703125 0.01171875 0.009765625 0.0234375
2 0.5947265625 0.0087890625 0.013671875 0.017578125
2 0.59765625 0.0615234375 0.015625 0.0283203125
2 0.146484375 0.013671875 0.0146484375 0.02734375
0 0.9052734375 0.4833984375 0.0234375 0.216796875