2 0.453125 0.0380859375 0.015625 0.044921875
2 0.6845703125 0.107421875 0.0166015625 0.0498046875
2 0.74609375 0.1923828125 0.0244140625 0.0673828125
2 0.630859375 0.0234375 0.0166015625 0.044921875
0 0.5830078125 0.1982421875 0.0712890625 0.1455078125
2 0.7099609375 0.1748046875 0.0244140625 0.0615234375
2 0.392578125 0.45703125 0.04296875 0.126953125
2 0.4306640625 0.0166015625 0.0126953125 0.0302734375
2 0.4931640625 0.017578125 0.013671875 0.0341796875
0 0.5234375 0.021484375 0.03125 0.04296875
0 0.5390625 0.1328125 0.0576171875 0.1337890625
2 0.728515625 0.02734375 0.021484375 0.0400390625
2 0.8115234375 0.24609375 0.0234375 0.068359375
2 0.6962890625 0.0234375 0.017578125 0.0400390625
0 0.6787109375 0.232421875 0.0673828125 0.1611328125
0 0.8681640625 0.380859375 0.083984375 0.1572265625
3 0.4716796875 0.107421875 0.0615234375 0.1708984375
0 0.4853515625 0.447265625 0.1181640625 0.2431640625
0 0.4833984375 0.7119140625 0.1416015625 0.388671875
3 0.771484375 0.36328125 0.125 0.21875
0 0.60546875 0.0927734375 0.0498046875 0.0927734375
3 0.6357421875 0.45703125 0.1376953125 0.310546875
0 0.26953125 0.6806640625 0.1416015625 0.3203125
2 0.79296875 0.2509765625 0.01953125 0.04296875
2 0.193359375 0.541015625 0.041015625 0.1435546875
3 0.7705078125 0.720703125 0.21875 0.537109375
0 0.5625 0.0302734375 0.0361328125 0.0595703125
0 0.3203125 0.466796875 0.095703125 0.2587890625
2 0.7109375 0.0166015625 0.0146484375 0.0322265625
2 0.5830078125 0.0654296875 0.0107421875 0.0615234375
2 0.8505859375 0.283203125 0.0224609375 0.0419921875
2 0.6806640625 0.015625 0.017578125 0.03125
2 0.9091796875 0.43359375 0.0146484375 0.1083984375
2 0.7421875 0.0224609375 0.0126953125 0.044921875