0 0.3857421875 0.0537109375 0.046875 0.0634765625
3 0.7763671875 0.57421875 0.2373046875 0.6015625
2 0.5126953125 0.0576171875 0.01953125 0.0849609375
2 0.4326171875 0.037109375 0.0166015625 0.0458984375
0 0.5478515625 0.1875 0.0625 0.1376953125
0 0.3525390625 0.1513671875 0.06640625 0.0986328125
2 0.775390625 0.2587890625 0.029296875 0.0498046875
0 0.423828125 0.2919921875 0.0830078125 0.142578125
0 0.337890625 0.2607421875 0.0771484375 0.1591796875
0 0.591796875 0.2724609375 0.0810546875 0.1826171875
2 0.5 0.1669921875 0.0322265625 0.068359375
2 0.3994140625 0.138671875 0.029296875 0.0732421875
2 0.5849609375 0.0673828125 0.0146484375 0.0498046875
2 0.59765625 0.1640625 0.0224609375 0.0498046875
2 0.12890625 0.1474609375 0.0224609375 0.0576171875
2 0.6220703125 0.037109375 0.015625 0.0439453125
2 0.3583984375 0.04296875 0.0185546875 0.044921875
0 0.62890625 0.1455078125 0.056640625 0.1142578125
0 0.462890625 0.0712890625 0.046875 0.080078125
0 0.2890625 0.419921875 0.1162109375 0.279296875
2 0.59765625 0.10546875 0.0166015625 0.056640625
0 0.697265625 0.2294921875 0.08203125 0.1015625
0 0.44140625 0.15625 0.068359375 0.13671875
0 0.638671875 0.4140625 0.060546875 0.25390625
2 0.51171875 0.216796875 0.01953125 0.076171875
2 0.357421875 0.3701171875 0.0322265625 0.0966796875
2 0.90625 0.4013671875 0.0224609375 0.0576171875
2 0.783203125 0.1787109375 0.0234375 0.0693359375
2 0.138671875 0.11328125 0.013671875 0.041015625
2 0.0869140625 0.142578125 0.0087890625 0.0693359375
0 0.419921875 0.5458984375 0.126953125 0.3515625
2 0.17578125 0.1669921875 0.01953125 0.05859375
3 0.1513671875 0.064453125 0.0703125 0.1279296875
2 0.8740234375 0.3818359375 0.037109375 0.080078125
2 0.6357421875 0.265625 0.0185546875 0.05078125
0 0.5986328125 0.67578125 0.14453125 0.4130859375
3 0.5498046875 0.0615234375 0.07421875 0.1201171875
2 0.4794921875 0.3681640625 0.0380859375 0.115234375
0 0.833984375 0.310546875 0.09765625 0.197265625
2 0.4521484375 0.0166015625 0.01953125 0.0322265625
0 0.1103515625 0.0380859375 0.017578125 0.07421875
2 0.7431640625 0.2607421875 0.0224609375 0.0302734375
2 0.4296875 0.208984375 0.025390625 0.041015625
2 0.7197265625 0.185546875 0.0166015625 0.0478515625
2 0.40234375 0.205078125 0.0244140625 0.0498046875