2 0.6787109375 0.1064453125 0.017578125 0.0556640625
2 0.6474609375 0.0361328125 0.0166015625 0.04296875
2 0.42578125 0.0458984375 0.0146484375 0.0380859375
2 0.4111328125 0.048828125 0.017578125 0.044921875
2 0.5966796875 0.1611328125 0.021484375 0.0546875
3 0.802734375 0.666015625 0.2197265625 0.638671875
2 0.6484375 0.09375 0.0166015625 0.04296875
2 0.6201171875 0.013671875 0.0126953125 0.02734375
2 0.513671875 0.064453125 0.01953125 0.0673828125
0 0.384765625 0.0517578125 0.0478515625 0.0625
0 0.4228515625 0.3076171875 0.0810546875 0.1748046875
2 0.6201171875 0.1787109375 0.0322265625 0.0673828125
0 0.337890625 0.265625 0.07421875 0.16015625
0 0.548828125 0.1787109375 0.060546875 0.1220703125
0 0.3544921875 0.1552734375 0.0673828125 0.107421875
0 0.7021484375 0.259765625 0.0869140625 0.15625
0 0.5927734375 0.2724609375 0.0810546875 0.1865234375
0 0.46484375 0.068359375 0.046875 0.0751953125
0 0.1396484375 0.0302734375 0.03125 0.060546875
2 0.4833984375 0.1279296875 0.03125 0.05859375
2 0.783203125 0.2783203125 0.0263671875 0.06640625
2 0.599609375 0.0361328125 0.013671875 0.0400390625
2 0.3974609375 0.119140625 0.03515625 0.087890625
2 0.5400390625 0.287109375 0.0322265625 0.0693359375
2 0.7421875 0.2724609375 0.0224609375 0.0673828125
0 0.8798828125 0.3037109375 0.0703125 0.16796875
2 0.638671875 0.2763671875 0.0244140625 0.068359375
2 0.58203125 0.03125 0.0107421875 0.03125
0 0.6640625 0.4228515625 0.0947265625 0.263671875
2 0.501953125 0.3046875 0.0322265625 0.099609375
2 0.48046875 0.3857421875 0.037109375 0.119140625
0 0.1328125 0.2109375 0.0830078125 0.1337890625
2 0.40234375 0.19921875 0.0361328125 0.072265625
0 0.2880859375 0.427734375 0.1162109375 0.2822265625
2 0.5009765625 0.1806640625 0.0244140625 0.0654296875
2 0.7197265625 0.1845703125 0.0185546875 0.048828125
3 0.548828125 0.0595703125 0.0634765625 0.1181640625
0 0.17578125 0.0546875 0.03515625 0.087890625
2 0.35546875 0.38671875 0.0322265625 0.1044921875
3 0.4404296875 0.1484375 0.06640625 0.1318359375
0 0.4169921875 0.583984375 0.1328125 0.3603515625
3 0.771484375 0.1923828125 0.07421875 0.125
0 0.6455078125 0.84375 0.189453125 0.3037109375
0 0.5546875 0.4482421875 0.1064453125 0.265625
2 0.49609375 0.083984375 0.0166015625 0.052734375
2 0.505859375 0.2294921875 0.017578125 0.05859375
2 0.4228515625 0.0126953125 0.017578125 0.025390625
2 0.8466796875 0.376953125 0.0322265625 0.0908203125
2 0.3603515625 0.0498046875 0.0146484375 0.03125
2 0.5048828125 0.0166015625 0.013671875 0.0322265625
2 0.109375 0.048828125 0.015625 0.03515625
2 0.57421875 0.1142578125 0.0087890625 0.0322265625
2 0.4306640625 0.2080078125 0.0283203125 0.044921875
2 0.4482421875 0.0166015625 0.0166015625 0.033203125
2 0.71484375 0.015625 0.01171875 0.03125
2 0.271484375 0.0283203125 0.0166015625 0.0361328125
2 0.7431640625 0.0302734375 0.01171875 0.029296875
2 0.6708984375 0.1689453125 0.0537109375 0.0771484375
2 0.318359375 0.0830078125 0.0185546875 0.0625
3 0.763671875 0.0263671875 0.04296875 0.05078125