2 0.3935546875 0.4609375 0.041015625 0.130859375
2 0.4150390625 0.2294921875 0.0224609375 0.0576171875
3 0.345703125 0.28515625 0.1044921875 0.2646484375
0 0.5419921875 0.1396484375 0.0595703125 0.12109375
0 0.6083984375 0.048828125 0.0439453125 0.07421875
0 0.626953125 0.1689453125 0.0703125 0.1318359375
0 0.37109375 0.1328125 0.060546875 0.103515625
0 0.4873046875 0.46484375 0.119140625 0.240234375
2 0.388671875 0.0556640625 0.017578125 0.0615234375
0 0.1650390625 0.05859375 0.0517578125 0.076171875
0 0.2705078125 0.0283203125 0.0400390625 0.056640625
0 0.8701171875 0.376953125 0.0810546875 0.1513671875
0 0.693359375 0.111328125 0.064453125 0.09375
2 0.41015625 0.337890625 0.0380859375 0.1064453125
0 0.474609375 0.1474609375 0.0595703125 0.0693359375
0 0.5341796875 0.0341796875 0.048828125 0.06640625
3 0.572265625 0.0322265625 0.03515625 0.064453125
3 0.1357421875 0.15234375 0.087890625 0.1669921875
3 0.4794921875 0.2783203125 0.0927734375 0.197265625
3 0.771484375 0.375 0.1328125 0.232421875
0 0.6796875 0.2275390625 0.0693359375 0.1533203125
0 0.8037109375 0.2412109375 0.0859375 0.123046875
3 0.64453125 0.466796875 0.1357421875 0.3017578125
2 0.86328125 0.2744140625 0.0537109375 0.0693359375
0 0.2744140625 0.6806640625 0.1474609375 0.3212890625
0 0.4853515625 0.71875 0.1455078125 0.3740234375
2 0.7412109375 0.1376953125 0.0263671875 0.0400390625
3 0.4130859375 0.0244140625 0.0478515625 0.048828125
2 0.634765625 0.029296875 0.013671875 0.04296875
3 0.7724609375 0.7216796875 0.2255859375 0.541015625
2 0.3427734375 0.0693359375 0.013671875 0.046875
2 0.12890625 0.0224609375 0.0146484375 0.044921875
2 0.6533203125 0.037109375 0.0107421875 0.0283203125
0 0.7353515625 0.193359375 0.0634765625 0.0908203125
0 0.5830078125 0.302734375 0.0869140625 0.1865234375
0 0.1591796875 0.0146484375 0.041015625 0.0283203125
2 0.71484375 0.0888671875 0.0146484375 0.0341796875
0 0.1015625 0.2958984375 0.0400390625 0.1474609375
2 0.7626953125 0.1845703125 0.0107421875 0.0322265625
2 0.6162109375 0.0078125 0.0146484375 0.015625
2 0.2353515625 0.0322265625 0.0146484375 0.0478515625