2 0.724609375 0.1923828125 0.0234375 0.06640625
2 0.67578125 0.142578125 0.021484375 0.064453125
2 0.544921875 0.0537109375 0.017578125 0.05078125
2 0.7177734375 0.037109375 0.017578125 0.0380859375
0 0.861328125 0.673828125 0.1083984375 0.3662109375
2 0.736328125 0.3291015625 0.03515625 0.091796875
2 0.6083984375 0.0078125 0.0087890625 0.015625
0 0.5908203125 0.70703125 0.142578125 0.3701171875
0 0.2333984375 0.6796875 0.1533203125 0.3759765625
2 0.7431640625 0.033203125 0.0087890625 0.0283203125
0 0.7392578125 0.689453125 0.15234375 0.3154296875
2 0.701171875 0.0166015625 0.0185546875 0.033203125