2 0.8779296875 0.513671875 0.041015625 0.1357421875
2 0.5537109375 0.0576171875 0.013671875 0.046875
2 0.693359375 0.09765625 0.0205078125 0.052734375
2 0.6123046875 0.2041015625 0.02734375 0.078125
0 0.5 0.154296875 0.0615234375 0.1279296875
2 0.75390625 0.193359375 0.0224609375 0.0703125
2 0.6044921875 0.0361328125 0.0146484375 0.041015625
2 0.7451171875 0.0322265625 0.0087890625 0.025390625
0 0.4267578125 0.087890625 0.052734375 0.11328125
0 0.3828125 0.2236328125 0.0751953125 0.18359375
2 0.306640625 0.2734375 0.029296875 0.064453125
0 0.6015625 0.333984375 0.0859375 0.1904296875
0 0.4501953125 0.4111328125 0.1142578125 0.271484375
0 0.2861328125 0.412109375 0.1044921875 0.236328125
0 0.70703125 0.5947265625 0.1435546875 0.3642578125
0 0.2646484375 0.77734375 0.1796875 0.4248046875
2 0.908203125 0.396484375 0.0166015625 0.0830078125
3 0.5009765625 0.0673828125 0.0498046875 0.0810546875
0 0.728515625 0.3759765625 0.08984375 0.208984375
3 0.5126953125 0.7587890625 0.1943359375 0.46484375
2 0.716796875 0.015625 0.01171875 0.0302734375
2 0.71875 0.267578125 0.02734375 0.029296875
2 0.6923828125 0.0595703125 0.01171875 0.03125