2 0.4951171875 0.0966796875 0.0205078125 0.0625
0 0.646484375 0.140625 0.05859375 0.103515625
0 0.5986328125 0.0400390625 0.05859375 0.080078125
0 0.7744140625 0.44921875 0.115234375 0.251953125
0 0.8564453125 0.6552734375 0.1201171875 0.349609375
0 0.455078125 0.15625 0.064453125 0.15234375
0 0.5869140625 0.25390625 0.0830078125 0.21875
0 0.6533203125 0.3916015625 0.1044921875 0.2412109375
0 0.4580078125 0.390625 0.107421875 0.2451171875
0 0.7109375 0.7138671875 0.1630859375 0.373046875
2 0.720703125 0.1337890625 0.017578125 0.0615234375
0 0.2802734375 0.5849609375 0.1455078125 0.3623046875
0 0.494140625 0.62890625 0.12890625 0.326171875
2 0.7177734375 0.017578125 0.013671875 0.03515625
0 0.513671875 0.0166015625 0.03125 0.0322265625
0 0.42578125 0.0205078125 0.0419921875 0.041015625