3 0.7275390625 0.2421875 0.126953125 0.3369140625
0 0.5419921875 0.1025390625 0.0556640625 0.103515625
0 0.857421875 0.47265625 0.1171875 0.25390625
0 0.63671875 0.39453125 0.1025390625 0.212890625
0 0.51171875 0.037109375 0.04296875 0.07421875
0 0.6025390625 0.0478515625 0.046875 0.0927734375
0 0.33984375 0.3505859375 0.0830078125 0.2236328125
0 0.681640625 0.607421875 0.126953125 0.34375
3 0.34765625 0.12890625 0.08203125 0.2275390625
2 0.79296875 0.19140625 0.0185546875 0.09765625
0 0.103515625 0.1416015625 0.0439453125 0.1318359375
2 0.8193359375 0.3271484375 0.029296875 0.060546875
0 0.18359375 0.775390625 0.197265625 0.4375
3 0.4580078125 0.060546875 0.0703125 0.1201171875
2 0.587890625 0.126953125 0.017578125 0.06640625
2 0.662109375 0.080078125 0.0166015625 0.0634765625
0 0.384765625 0.0830078125 0.0234375 0.1064453125
2 0.560546875 0.064453125 0.01171875 0.046875
2 0.7392578125 0.0322265625 0.0107421875 0.02734375
0 0.8974609375 0.7529296875 0.0380859375 0.193359375
2 0.6474609375 0.041015625 0.013671875 0.0732421875
2 0.6328125 0.0361328125 0.013671875 0.0322265625
2 0.7548828125 0.0361328125 0.0126953125 0.0302734375
2 0.771484375 0.1083984375 0.009765625 0.0283203125
3 0.439453125 0.5537109375 0.3173828125 0.8857421875