2 0.67578125 0.291015625 0.029296875 0.0986328125
2 0.6787109375 0.125 0.0205078125 0.060546875
2 0.703125 0.119140625 0.01953125 0.0595703125
2 0.7802734375 0.208984375 0.021484375 0.0693359375
2 0.6328125 0.0927734375 0.0166015625 0.0498046875
2 0.6572265625 0.05078125 0.0126953125 0.0419921875
2 0.6318359375 0.05078125 0.01953125 0.0498046875
3 0.1123046875 0.091796875 0.064453125 0.166015625
2 0.712890625 0.0166015625 0.013671875 0.03125
0 0.861328125 0.6748046875 0.109375 0.37109375
0 0.52734375 0.0498046875 0.044921875 0.0908203125
0 0.232421875 0.6787109375 0.1552734375 0.376953125
0 0.591796875 0.708984375 0.1416015625 0.3720703125
2 0.912109375 0.4794921875 0.0087890625 0.0849609375
0 0.419921875 0.5361328125 0.1201171875 0.294921875