0 0.3544921875 0.1767578125 0.0751953125 0.1455078125
2 0.826171875 0.3134765625 0.029296875 0.076171875
0 0.3876953125 0.0595703125 0.0498046875 0.080078125
0 0.447265625 0.1474609375 0.0634765625 0.1064453125
2 0.2958984375 0.732421875 0.0576171875 0.177734375
0 0.4921875 0.1015625 0.0556640625 0.12890625
0 0.3271484375 0.3193359375 0.0859375 0.1943359375
2 0.388671875 0.353515625 0.03515625 0.134765625
2 0.3984375 0.1494140625 0.0205078125 0.09375
0 0.4482421875 0.3544921875 0.0986328125 0.2470703125
2 0.2197265625 0.9189453125 0.0693359375 0.154296875
0 0.552734375 0.2412109375 0.0712890625 0.1484375
0 0.4033203125 0.7734375 0.1591796875 0.4384765625
0 0.5 0.5771484375 0.1328125 0.3359375
0 0.689453125 0.169921875 0.0888671875 0.11328125
0 0.2646484375 0.5146484375 0.1298828125 0.3408203125
2 0.4169921875 0.013671875 0.0126953125 0.02734375
3 0.5791015625 0.1025390625 0.0849609375 0.197265625
0 0.78515625 0.19140625 0.0791015625 0.1337890625
0 0.1787109375 0.05078125 0.02734375 0.07421875
2 0.43359375 0.0712890625 0.0166015625 0.0537109375
0 0.5947265625 0.384765625 0.0625 0.22265625
2 0.08984375 0.3388671875 0.015625 0.0556640625
0 0.2216796875 0.1123046875 0.04296875 0.09375
0 0.8603515625 0.4833984375 0.1103515625 0.2646484375
2 0.53125 0.1220703125 0.0166015625 0.0751953125
2 0.798828125 0.43359375 0.0361328125 0.083984375
2 0.3955078125 0.2431640625 0.0244140625 0.0791015625
0 0.470703125 0.0302734375 0.0478515625 0.060546875
2 0.513671875 0.060546875 0.0146484375 0.0419921875
2 0.44140625 0.0126953125 0.015625 0.025390625
3 0.7431640625 0.71875 0.234375 0.490234375
3 0.6337890625 0.0478515625 0.052734375 0.095703125
3 0.6201171875 0.662109375 0.056640625 0.33203125