2 0.501953125 0.296875 0.0322265625 0.10546875
2 0.681640625 0.0947265625 0.017578125 0.05078125
0 0.5712890625 0.064453125 0.0576171875 0.111328125
0 0.7265625 0.2109375 0.0732421875 0.1328125
0 0.6474609375 0.388671875 0.103515625 0.244140625
0 0.525390625 0.0263671875 0.0390625 0.052734375
2 0.810546875 0.39453125 0.0361328125 0.130859375
0 0.7060546875 0.7109375 0.166015625 0.3701171875
0 0.6103515625 0.04296875 0.0400390625 0.0791015625
2 0.7431640625 0.029296875 0.0166015625 0.041015625
2 0.7578125 0.0341796875 0.0146484375 0.037109375
2 0.1513671875 0.013671875 0.0126953125 0.02734375
2 0.671875 0.044921875 0.009765625 0.037109375