2 0.7548828125 0.2333984375 0.01953125 0.080078125
2 0.814453125 0.31640625 0.033203125 0.1005859375
2 0.7236328125 0.5947265625 0.0439453125 0.1201171875
3 0.7119140625 0.220703125 0.0849609375 0.19140625
0 0.693359375 0.08984375 0.05078125 0.078125
2 0.7568359375 0.4013671875 0.046875 0.1171875
2 0.6357421875 0.0869140625 0.0166015625 0.044921875
2 0.666015625 0.2021484375 0.009765625 0.052734375
3 0.5947265625 0.0791015625 0.0537109375 0.15625
0 0.4326171875 0.2685546875 0.0810546875 0.2001953125
2 0.7431640625 0.033203125 0.0087890625 0.025390625
0 0.42578125 0.7587890625 0.1640625 0.458984375
0 0.5234375 0.0302734375 0.0419921875 0.060546875
2 0.6474609375 0.013671875 0.0205078125 0.0263671875
0 0.9091796875 0.4833984375 0.015625 0.1220703125
2 0.732421875 0.1279296875 0.029296875 0.0400390625
2 0.712890625 0.0166015625 0.01171875 0.0322265625