3 0.453125 0.2490234375 0.099609375 0.3310546875
3 0.3251953125 0.341796875 0.111328125 0.3623046875
0 0.1806640625 0.05078125 0.03515625 0.0859375
0 0.5205078125 0.0869140625 0.0478515625 0.09375
0 0.224609375 0.775390625 0.1806640625 0.435546875
0 0.3984375 0.078125 0.0498046875 0.1044921875
0 0.62109375 0.458984375 0.1083984375 0.2548828125
2 0.748046875 0.0283203125 0.0146484375 0.03515625
2 0.638671875 0.0244140625 0.0146484375 0.046875
3 0.6201171875 0.1953125 0.08984375 0.1796875
3 0.58203125 0.037109375 0.0615234375 0.072265625
0 0.734375 0.8212890625 0.1953125 0.3466796875
3 0.50390625 0.5888671875 0.1865234375 0.3232421875