2 0.1240234375 0.0361328125 0.0166015625 0.0380859375
2 0.619140625 0.3974609375 0.03515625 0.123046875
2 0.15234375 0.025390625 0.0166015625 0.0390625
2 0.8232421875 0.23828125 0.0244140625 0.0673828125
2 0.8955078125 0.33984375 0.0302734375 0.08203125
2 0.8837890625 0.46484375 0.0361328125 0.0654296875
2 0.7197265625 0.341796875 0.0419921875 0.0849609375
2 0.853515625 0.4365234375 0.03125 0.0869140625
0 0.634765625 0.2666015625 0.0751953125 0.162109375
2 0.8447265625 0.3642578125 0.0380859375 0.08984375
0 0.421875 0.1826171875 0.06640625 0.146484375
0 0.490234375 0.1708984375 0.0634765625 0.1455078125
0 0.3291015625 0.2958984375 0.0966796875 0.205078125
2 0.6923828125 0.296875 0.0341796875 0.060546875
0 0.53515625 0.33984375 0.0908203125 0.19921875
0 0.1083984375 0.142578125 0.0537109375 0.1103515625
2 0.634765625 0.017578125 0.0146484375 0.0341796875
2 0.091796875 0.0634765625 0.0224609375 0.04296875
2 0.2841796875 0.265625 0.0263671875 0.0732421875
0 0.517578125 0.044921875 0.0302734375 0.0830078125
0 0.6826171875 0.44140625 0.0927734375 0.25
0 0.802734375 0.451171875 0.1083984375 0.240234375
3 0.5751953125 0.0849609375 0.1015625 0.169921875
0 0.8623046875 0.67578125 0.1083984375 0.37109375
2 0.3212890625 0.1591796875 0.017578125 0.0517578125
2 0.4765625 0.4560546875 0.0390625 0.1474609375
0 0.591796875 0.7109375 0.1416015625 0.3681640625
0 0.236328125 0.677734375 0.15234375 0.373046875
2 0.3896484375 0.427734375 0.0419921875 0.1328125
3 0.232421875 0.0517578125 0.0712890625 0.1015625
2 0.642578125 0.390625 0.017578125 0.0673828125
2 0.9091796875 0.3984375 0.015625 0.068359375
2 0.1337890625 0.01953125 0.013671875 0.0263671875
2 0.4453125 0.365234375 0.033203125 0.0595703125
2 0.712890625 0.015625 0.013671875 0.03125
3 0.763671875 0.0263671875 0.0419921875 0.0517578125