2 0.771484375 0.185546875 0.021484375 0.0673828125
2 0.7353515625 0.1787109375 0.0263671875 0.078125
0 0.671875 0.2109375 0.07421875 0.14453125
0 0.7734375 0.4501953125 0.1162109375 0.25
0 0.85546875 0.6533203125 0.1220703125 0.357421875
0 0.65234375 0.390625 0.1015625 0.2431640625
0 0.45703125 0.05859375 0.046875 0.10546875
2 0.7587890625 0.0302734375 0.015625 0.0322265625
0 0.5830078125 0.240234375 0.0830078125 0.1923828125
0 0.455078125 0.3916015625 0.1103515625 0.2421875
0 0.61328125 0.080078125 0.046875 0.0869140625
0 0.27734375 0.58203125 0.1455078125 0.3662109375
0 0.708984375 0.7109375 0.1640625 0.3740234375
2 0.7158203125 0.017578125 0.01171875 0.033203125
0 0.4931640625 0.6337890625 0.1318359375 0.328125