0 0.3798828125 0.1201171875 0.0556640625 0.13671875
2 0.5078125 0.0927734375 0.0205078125 0.0478515625
2 0.8515625 0.44140625 0.03125 0.1015625
0 0.4912109375 0.1708984375 0.060546875 0.140625
0 0.6328125 0.28515625 0.08203125 0.185546875
2 0.8388671875 0.3037109375 0.029296875 0.076171875
2 0.7197265625 0.3388671875 0.033203125 0.083984375
0 0.2900390625 0.4375 0.1171875 0.2734375
0 0.53125 0.341796875 0.0927734375 0.1953125
0 0.6982421875 0.490234375 0.115234375 0.2890625
0 0.798828125 0.4560546875 0.11328125 0.25
0 0.6298828125 0.1142578125 0.037109375 0.072265625
2 0.69140625 0.3251953125 0.0244140625 0.05078125
0 0.423828125 0.2861328125 0.0830078125 0.173828125
2 0.2861328125 0.2548828125 0.0263671875 0.060546875
2 0.87890625 0.4697265625 0.0419921875 0.0888671875
2 0.615234375 0.404296875 0.0341796875 0.09765625
2 0.1201171875 0.05078125 0.013671875 0.044921875
2 0.2568359375 0.0263671875 0.013671875 0.041015625
3 0.5693359375 0.0830078125 0.095703125 0.166015625
2 0.904296875 0.400390625 0.0244140625 0.0869140625
0 0.1455078125 0.171875 0.0771484375 0.130859375
2 0.8603515625 0.2939453125 0.0205078125 0.0625
0 0.5810546875 0.5380859375 0.12109375 0.2998046875
2 0.63671875 0.0361328125 0.013671875 0.03125
0 0.4697265625 0.091796875 0.0498046875 0.0615234375
2 0.783203125 0.30859375 0.0244140625 0.0595703125
2 0.7861328125 0.25 0.013671875 0.0556640625
2 0.80859375 0.3271484375 0.0302734375 0.05859375
3 0.4501953125 0.041015625 0.0830078125 0.078125
2 0.833984375 0.365234375 0.0283203125 0.0673828125
0 0.6708984375 0.185546875 0.0537109375 0.1533203125
0 0.8662109375 0.701171875 0.1005859375 0.4072265625
0 0.6181640625 0.0361328125 0.0283203125 0.0546875
0 0.232421875 0.6826171875 0.1513671875 0.369140625
0 0.41796875 0.5263671875 0.12109375 0.3017578125
2 0.52734375 0.0966796875 0.01953125 0.0703125
2 0.48046875 0.4736328125 0.0361328125 0.142578125
2 0.38671875 0.40234375 0.033203125 0.099609375
2 0.095703125 0.0478515625 0.0126953125 0.0458984375
2 0.669921875 0.08203125 0.013671875 0.037109375
2 0.30859375 0.1826171875 0.017578125 0.0458984375
2 0.283203125 0.013671875 0.0146484375 0.0263671875
2 0.13671875 0.025390625 0.013671875 0.044921875
2 0.7666015625 0.1201171875 0.0166015625 0.0458984375
2 0.7119140625 0.0166015625 0.0146484375 0.033203125
2 0.333984375 0.0595703125 0.0146484375 0.0595703125
2 0.4462890625 0.3662109375 0.03125 0.0576171875
3 0.162109375 0.0546875 0.05078125 0.10546875