2 0.5478515625 0.04296875 0.013671875 0.041015625
3 0.7783203125 0.5673828125 0.2470703125 0.6123046875
0 0.6689453125 0.2138671875 0.078125 0.1494140625
0 0.28515625 0.41796875 0.11328125 0.28515625
0 0.43359375 0.0888671875 0.0498046875 0.1162109375
0 0.4140625 0.5498046875 0.1298828125 0.353515625
0 0.4169921875 0.302734375 0.0849609375 0.1533203125
0 0.357421875 0.1767578125 0.06640625 0.1328125
0 0.6396484375 0.4169921875 0.06640625 0.2607421875
2 0.7900390625 0.166015625 0.0263671875 0.0625
0 0.59375 0.671875 0.138671875 0.4189453125
2 0.7900390625 0.2431640625 0.0234375 0.08984375
0 0.5439453125 0.380859375 0.0966796875 0.2294921875
2 0.712890625 0.0166015625 0.013671875 0.0322265625
3 0.8994140625 0.6923828125 0.03515625 0.3212890625