0 0.6884765625 0.125 0.0576171875 0.091796875
0 0.5283203125 0.06640625 0.0458984375 0.09375
0 0.44921875 0.0888671875 0.0517578125 0.1181640625
2 0.2587890625 0.3583984375 0.044921875 0.119140625
2 0.1826171875 0.677734375 0.0595703125 0.1875
0 0.6865234375 0.2353515625 0.0791015625 0.158203125
2 0.490234375 0.0869140625 0.017578125 0.05859375
0 0.576171875 0.1640625 0.0693359375 0.1513671875
0 0.3251953125 0.3330078125 0.1005859375 0.1826171875
0 0.484375 0.2802734375 0.083984375 0.21484375
0 0.2001953125 0.111328125 0.0712890625 0.1318359375
0 0.7548828125 0.3759765625 0.095703125 0.2333984375
2 0.81640625 0.240234375 0.025390625 0.0576171875
0 0.3896484375 0.0859375 0.0517578125 0.099609375
2 0.5185546875 0.173828125 0.0322265625 0.0947265625
2 0.482421875 0.0439453125 0.017578125 0.0625
0 0.1259765625 0.1005859375 0.0556640625 0.0986328125
0 0.359375 0.158203125 0.0634765625 0.0947265625
2 0.4501953125 0.171875 0.015625 0.0625
2 0.15234375 0.9345703125 0.0771484375 0.1240234375
0 0.5791015625 0.0322265625 0.025390625 0.064453125
2 0.48828125 0.9306640625 0.0771484375 0.1318359375
2 0.2568359375 0.9423828125 0.08984375 0.10546875
0 0.298828125 0.5673828125 0.1416015625 0.3681640625
2 0.75 0.140625 0.02734375 0.05859375
0 0.2431640625 0.029296875 0.04296875 0.05859375
2 0.2822265625 0.29296875 0.0322265625 0.072265625
0 0.6923828125 0.6044921875 0.1552734375 0.359375
2 0.6650390625 0.013671875 0.0107421875 0.021484375
3 0.8544921875 0.580078125 0.12890625 0.6162109375
2 0.416015625 0.2646484375 0.0263671875 0.0966796875
2 0.802734375 0.701171875 0.0556640625 0.1630859375
2 0.5048828125 0.1171875 0.017578125 0.044921875
0 0.546875 0.67578125 0.1416015625 0.34765625
2 0.2158203125 0.53515625 0.0361328125 0.1484375
0 0.61328125 0.068359375 0.0478515625 0.08203125
0 0.48046875 0.16015625 0.0595703125 0.0869140625
0 0.103515625 0.306640625 0.0439453125 0.16796875
0 0.5029296875 0.0263671875 0.0341796875 0.0517578125
2 0.5390625 0.2412109375 0.0244140625 0.083984375
0 0.1025390625 0.03515625 0.0390625 0.0703125
2 0.7119140625 0.015625 0.01171875 0.0302734375
2 0.5634765625 0.01171875 0.017578125 0.0234375
2 0.7294921875 0.1142578125 0.017578125 0.0341796875
2 0.650390625 0.013671875 0.0146484375 0.02734375
2 0.1923828125 0.248046875 0.03515625 0.0771484375
2 0.5283203125 0.12109375 0.01953125 0.044921875
3 0.0927734375 0.146484375 0.0224609375 0.1474609375