2 0.70703125 0.4326171875 0.0361328125 0.126953125
2 0.6708984375 0.3154296875 0.02734375 0.0625
2 0.5810546875 0.0244140625 0.01171875 0.0361328125
2 0.7275390625 0.1865234375 0.0263671875 0.072265625
2 0.568359375 0.087890625 0.013671875 0.044921875
0 0.5712890625 0.1826171875 0.0693359375 0.130859375
3 0.8251953125 0.427734375 0.1826171875 0.5185546875
0 0.53515625 0.1083984375 0.044921875 0.1220703125
0 0.390625 0.0673828125 0.0517578125 0.091796875
0 0.5322265625 0.044921875 0.0322265625 0.0419921875
0 0.6474609375 0.4375 0.1044921875 0.2685546875
3 0.3046875 0.3291015625 0.1240234375 0.384765625
3 0.6767578125 0.1826171875 0.0791015625 0.1865234375
2 0.7197265625 0.126953125 0.0166015625 0.044921875
3 0.46484375 0.140625 0.10546875 0.2763671875
2 0.712890625 0.0166015625 0.01171875 0.0322265625
0 0.74609375 0.830078125 0.1767578125 0.3310546875
2 0.759765625 0.0302734375 0.0107421875 0.029296875
3 0.4033203125 0.015625 0.0341796875 0.0302734375
3 0.4453125 0.3369140625 0.126953125 0.154296875