2 0.56640625 0.076171875 0.017578125 0.0498046875
2 0.388671875 0.0791015625 0.0205078125 0.0654296875
2 0.66796875 0.1015625 0.0263671875 0.0673828125
0 0.5419921875 0.1376953125 0.0576171875 0.1171875
2 0.8740234375 0.2900390625 0.03125 0.0439453125
2 0.73828125 0.2041015625 0.0224609375 0.0498046875
0 0.634765625 0.166015625 0.0576171875 0.126953125
0 0.708984375 0.12109375 0.060546875 0.0986328125
2 0.904296875 0.3232421875 0.0224609375 0.060546875
2 0.81640625 0.28125 0.025390625 0.0390625
3 0.6435546875 0.4609375 0.1328125 0.30859375
3 0.7744140625 0.388671875 0.12890625 0.251953125
0 0.6103515625 0.07421875 0.05078125 0.1005859375
2 0.4150390625 0.130859375 0.021484375 0.0625
0 0.8720703125 0.37890625 0.0791015625 0.1513671875
2 0.6357421875 0.087890625 0.01171875 0.0361328125
2 0.7880859375 0.251953125 0.0322265625 0.0380859375
0 0.537109375 0.044921875 0.0458984375 0.0615234375
0 0.484375 0.46484375 0.12109375 0.2412109375
3 0.34765625 0.2744140625 0.1083984375 0.2412109375
2 0.626953125 0.0302734375 0.015625 0.037109375
3 0.76953125 0.7216796875 0.2197265625 0.5361328125
0 0.4853515625 0.7158203125 0.1474609375 0.380859375
3 0.4599609375 0.029296875 0.044921875 0.05859375
0 0.4775390625 0.28515625 0.0927734375 0.205078125
0 0.5146484375 0.0146484375 0.0322265625 0.029296875
0 0.318359375 0.466796875 0.115234375 0.2587890625
2 0.529296875 0.19140625 0.017578125 0.033203125
2 0.4208984375 0.0849609375 0.0146484375 0.0458984375
0 0.2724609375 0.6787109375 0.1455078125 0.328125
0 0.58203125 0.30078125 0.0849609375 0.189453125
2 0.5947265625 0.03515625 0.0126953125 0.0361328125
2 0.83984375 0.2744140625 0.0224609375 0.04296875
2 0.732421875 0.025390625 0.0263671875 0.0439453125
2 0.80859375 0.2451171875 0.0205078125 0.0546875