2 0.6171875 0.396484375 0.033203125 0.1171875
2 0.8603515625 0.3447265625 0.02734375 0.0703125
2 0.890625 0.4501953125 0.044921875 0.0869140625
0 0.6357421875 0.2685546875 0.07421875 0.162109375
2 0.8564453125 0.4375 0.02734375 0.080078125
2 0.48046875 0.48046875 0.029296875 0.099609375
2 0.7216796875 0.3369140625 0.0361328125 0.0869140625
0 0.623046875 0.029296875 0.0390625 0.05859375
0 0.5205078125 0.2294921875 0.0673828125 0.1318359375
0 0.2919921875 0.4375 0.1162109375 0.279296875
0 0.4189453125 0.1806640625 0.0654296875 0.1435546875
3 0.4609375 0.0400390625 0.0673828125 0.080078125
0 0.5185546875 0.05078125 0.0302734375 0.099609375
0 0.8037109375 0.455078125 0.1064453125 0.2392578125
0 0.4736328125 0.125 0.0576171875 0.119140625
3 0.57421875 0.0830078125 0.09375 0.1650390625
2 0.13671875 0.0205078125 0.0166015625 0.0400390625
0 0.86328125 0.6748046875 0.1064453125 0.3740234375
2 0.2939453125 0.255859375 0.0400390625 0.0947265625
2 0.4462890625 0.357421875 0.029296875 0.0546875
2 0.6962890625 0.3046875 0.03125 0.0478515625
2 0.6875 0.0908203125 0.0146484375 0.0390625
2 0.08984375 0.080078125 0.015625 0.0859375
2 0.30859375 0.1806640625 0.01953125 0.0498046875
0 0.6845703125 0.4462890625 0.09375 0.2587890625
0 0.5947265625 0.7099609375 0.1416015625 0.3671875
0 0.162109375 0.0712890625 0.0556640625 0.107421875
0 0.6494140625 0.11328125 0.05859375 0.0966796875
2 0.1337890625 0.0498046875 0.01171875 0.033203125
2 0.787109375 0.326171875 0.0244140625 0.0400390625
0 0.2373046875 0.677734375 0.15234375 0.3759765625
2 0.720703125 0.017578125 0.0146484375 0.0341796875
0 0.7431640625 0.6875 0.1494140625 0.3349609375
2 0.3759765625 0.2626953125 0.0205078125 0.0859375
2 0.38671875 0.4296875 0.037109375 0.1318359375