2 0.8525390625 0.439453125 0.0283203125 0.080078125
2 0.845703125 0.3662109375 0.044921875 0.0927734375
2 0.8740234375 0.349609375 0.0283203125 0.0830078125
2 0.88671875 0.466796875 0.0322265625 0.0576171875
0 0.5341796875 0.3408203125 0.08984375 0.203125
2 0.7216796875 0.3466796875 0.0263671875 0.0693359375
2 0.6201171875 0.400390625 0.0322265625 0.12109375
0 0.6298828125 0.271484375 0.0830078125 0.171875
0 0.6806640625 0.443359375 0.095703125 0.2470703125
0 0.4951171875 0.169921875 0.05859375 0.1396484375
0 0.80078125 0.4501953125 0.109375 0.236328125
0 0.3251953125 0.3037109375 0.0986328125 0.201171875
2 0.78515625 0.322265625 0.0234375 0.044921875
0 0.4208984375 0.1845703125 0.064453125 0.1494140625
2 0.8994140625 0.3271484375 0.029296875 0.0859375
0 0.86328125 0.6748046875 0.1064453125 0.37890625
3 0.544921875 0.0693359375 0.0849609375 0.13671875
2 0.0927734375 0.056640625 0.0185546875 0.0654296875
2 0.3115234375 0.1953125 0.0302734375 0.0771484375
2 0.4794921875 0.4833984375 0.02734375 0.08984375
0 0.5908203125 0.7099609375 0.140625 0.3681640625
3 0.59765625 0.0224609375 0.0322265625 0.044921875
0 0.2353515625 0.6787109375 0.15234375 0.375
0 0.4208984375 0.529296875 0.119140625 0.3095703125
2 0.421875 0.3388671875 0.0390625 0.095703125
0 0.740234375 0.685546875 0.154296875 0.34765625