2 0.92578125 0.5400390625 0.0517578125 0.0869140625
0 0.2412109375 0.26171875 0.0458984375 0.068359375
3 0.3388671875 0.2734375 0.056640625 0.125
0 0.306640625 0.21484375 0.0283203125 0.046875
0 0.2724609375 0.3701171875 0.0458984375 0.08203125
2 0.576171875 0.30078125 0.0380859375 0.0419921875
0 0.3447265625 0.3603515625 0.046875 0.078125
2 0.30078125 0.5283203125 0.0302734375 0.0771484375
2 0.4140625 0.1943359375 0.0078125 0.0263671875
2 0.21484375 0.5625 0.025390625 0.0751953125
2 0.5390625 0.2431640625 0.0166015625 0.0419921875
3 0.3134765625 0.1572265625 0.029296875 0.052734375
0 0.2744140625 0.462890625 0.06640625 0.1044921875
3 0.5107421875 0.5703125 0.0986328125 0.2666015625
0 0.2802734375 0.29296875 0.041015625 0.078125
0 0.48828125 0.2958984375 0.041015625 0.068359375
0 0.4072265625 0.2724609375 0.0380859375 0.0830078125
0 0.59765625 0.4375 0.0712890625 0.1162109375
2 0.4521484375 0.2333984375 0.01171875 0.0390625
0 0.443359375 0.330078125 0.044921875 0.0888671875
0 0.3349609375 0.1484375 0.0166015625 0.0263671875
0 0.3818359375 0.169921875 0.0205078125 0.041015625
0 0.416015625 0.1630859375 0.01953125 0.0380859375
3 0.369140625 0.125 0.0107421875 0.0244140625
2 0.2216796875 0.4404296875 0.021484375 0.068359375
2 0.9775390625 0.625 0.0439453125 0.0859375
0 0.3369140625 0.84765625 0.2431640625 0.29296875
2 0.091796875 0.603515625 0.0498046875 0.0927734375
2 0.3515625 0.5595703125 0.0322265625 0.0869140625
0 0.49609375 0.216796875 0.025390625 0.048828125
0 0.4609375 0.4267578125 0.048828125 0.1455078125
2 0.2412109375 0.3466796875 0.0205078125 0.052734375
3 0.3427734375 0.1767578125 0.033203125 0.0498046875
0 0.3818359375 0.1376953125 0.0146484375 0.0205078125
2 0.3603515625 0.181640625 0.0068359375 0.0263671875
3 0.35546875 0.12109375 0.0126953125 0.0283203125
3 0.2890625 0.123046875 0.0146484375 0.046875