0 0.490234375 0.474609375 0.0673828125 0.115234375
2 0.310546875 0.2021484375 0.009765625 0.029296875
2 0.287109375 0.2373046875 0.01171875 0.0322265625
2 0.5146484375 0.85546875 0.0498046875 0.1513671875
2 0.392578125 0.5546875 0.021484375 0.0712890625
2 0.4365234375 0.3759765625 0.01953125 0.056640625
3 0.31640625 0.162109375 0.025390625 0.060546875
2 0.4423828125 0.2900390625 0.0126953125 0.0390625
3 0.4052734375 0.2275390625 0.044921875 0.095703125
2 0.26953125 0.375 0.0166015625 0.048828125
2 0.3349609375 0.1689453125 0.01171875 0.029296875
3 0.341796875 0.203125 0.0244140625 0.048828125
0 0.3505859375 0.5732421875 0.072265625 0.166015625
3 0.1298828125 0.5234375 0.2587890625 0.31640625
0 0.3583984375 0.125 0.0146484375 0.0263671875
3 0.408203125 0.1513671875 0.037109375 0.0625
3 0.34375 0.3212890625 0.05859375 0.16015625
0 0.376953125 0.1728515625 0.021484375 0.0322265625
3 0.337890625 0.1201171875 0.017578125 0.0341796875
3 0.701171875 0.5625 0.1083984375 0.1923828125
0 0.623046875 0.6396484375 0.109375 0.1640625
0 0.1884765625 0.1630859375 0.033203125 0.0302734375