2 0.9775390625 0.6181640625 0.044921875 0.0986328125
2 0.896484375 0.541015625 0.041015625 0.072265625
2 0.41796875 0.3037109375 0.0146484375 0.0517578125
0 0.2353515625 0.2666015625 0.0361328125 0.0712890625
3 0.3330078125 0.1328125 0.0205078125 0.04296875
2 0.21484375 0.474609375 0.021484375 0.0625
2 0.576171875 0.298828125 0.0380859375 0.0458984375
2 0.390625 0.154296875 0.0068359375 0.01953125
2 0.42578125 0.2314453125 0.0126953125 0.0361328125
2 0.544921875 0.25 0.0107421875 0.0380859375
0 0.310546875 0.1767578125 0.0244140625 0.03515625
0 0.4990234375 0.2734375 0.0390625 0.0732421875
0 0.3037109375 0.3466796875 0.048828125 0.0849609375
2 0.3046875 0.2841796875 0.013671875 0.0390625
2 0.3486328125 0.8564453125 0.04296875 0.1357421875
2 0.478515625 0.2099609375 0.0166015625 0.033203125
2 0.3779296875 0.193359375 0.0087890625 0.0341796875
0 0.3662109375 0.5048828125 0.0732421875 0.126953125
3 0.33984375 0.1904296875 0.029296875 0.0830078125
2 0.375 0.2412109375 0.009765625 0.03515625
3 0.369140625 0.134765625 0.0166015625 0.037109375
2 0.2705078125 0.6416015625 0.033203125 0.1015625
0 0.353515625 0.1328125 0.0087890625 0.0126953125
0 0.3193359375 0.154296875 0.0107421875 0.0263671875
0 0.384765625 0.671875 0.1240234375 0.2119140625