2 0.9267578125 0.5439453125 0.052734375 0.0927734375
2 0.9755859375 0.6279296875 0.0439453125 0.08203125
2 0.5771484375 0.3017578125 0.0419921875 0.0439453125
0 0.2333984375 0.2666015625 0.037109375 0.0712890625
2 0.4736328125 0.20703125 0.01171875 0.029296875
2 0.80078125 0.7001953125 0.044921875 0.1025390625
0 0.384765625 0.1767578125 0.0205078125 0.0439453125
0 0.34375 0.376953125 0.044921875 0.0888671875
0 0.3125 0.185546875 0.021484375 0.060546875
3 0.392578125 0.5537109375 0.12890625 0.26953125
0 0.5322265625 0.30859375 0.0439453125 0.07421875
3 0.3388671875 0.2548828125 0.0576171875 0.1572265625
3 0.365234375 0.1337890625 0.0146484375 0.02734375
0 0.2529296875 0.3701171875 0.0537109375 0.0986328125
3 0.337890625 0.1474609375 0.025390625 0.0634765625
2 0.298828125 0.26171875 0.0107421875 0.0302734375
2 0.892578125 0.5498046875 0.033203125 0.0556640625
3 0.416015625 0.2021484375 0.0615234375 0.1259765625
2 0.4482421875 0.224609375 0.0087890625 0.03125
3 0.2880859375 0.1240234375 0.0146484375 0.0458984375
3 0.466796875 0.3369140625 0.052734375 0.1103515625
0 0.5361328125 0.9619140625 0.1474609375 0.072265625