2 0.337890625 0.455078125 0.0244140625 0.0693359375
0 0.3642578125 0.1328125 0.0166015625 0.0341796875
2 0.3671875 0.5556640625 0.0234375 0.080078125
0 0.42578125 0.193359375 0.0244140625 0.0419921875
2 0.34375 0.595703125 0.029296875 0.0888671875
0 0.400390625 0.2333984375 0.0302734375 0.052734375
0 0.322265625 0.3271484375 0.0380859375 0.0869140625
2 0.373046875 0.71484375 0.0341796875 0.1025390625
0 0.392578125 0.19921875 0.0263671875 0.0390625
0 0.3818359375 0.1494140625 0.017578125 0.0263671875
3 0.1064453125 0.6162109375 0.2119140625 0.2880859375
2 0.3037109375 0.2822265625 0.0107421875 0.0400390625
2 0.3798828125 0.478515625 0.0185546875 0.056640625
3 0.2373046875 0.3759765625 0.107421875 0.2138671875
2 0.396484375 0.162109375 0.0087890625 0.0263671875
0 0.3369140625 0.1708984375 0.01953125 0.0234375
3 0.4677734375 0.2294921875 0.060546875 0.130859375
0 0.5078125 0.740234375 0.1259765625 0.2001953125
3 0.341796875 0.2255859375 0.0390625 0.1083984375