2 0.927734375 0.5419921875 0.052734375 0.09375
2 0.9765625 0.6162109375 0.044921875 0.103515625
0 0.365234375 0.138671875 0.0126953125 0.0244140625
2 0.576171875 0.3017578125 0.0361328125 0.0419921875
2 0.478515625 0.208984375 0.0185546875 0.033203125
2 0.4287109375 0.21484375 0.0107421875 0.029296875
2 0.3134765625 0.2412109375 0.0107421875 0.0341796875
0 0.3828125 0.1669921875 0.017578125 0.0380859375
2 0.3125 0.1943359375 0.0078125 0.0234375
2 0.8935546875 0.55078125 0.03515625 0.056640625
2 0.3046875 0.818359375 0.04296875 0.1083984375
2 0.2958984375 0.6787109375 0.0302734375 0.083984375
0 0.5234375 0.349609375 0.052734375 0.0888671875
2 0.458984375 0.197265625 0.0126953125 0.033203125
0 0.333984375 0.1630859375 0.0185546875 0.044921875
0 0.423828125 0.1787109375 0.0244140625 0.056640625
3 0.369140625 0.564453125 0.1025390625 0.2314453125
2 0.3330078125 0.3193359375 0.01171875 0.037109375
3 0.3935546875 0.1396484375 0.013671875 0.0283203125
3 0.375 0.12890625 0.0107421875 0.0302734375
0 0.498046875 0.21875 0.0302734375 0.048828125
3 0.3994140625 0.2177734375 0.0400390625 0.087890625
3 0.2880859375 0.1220703125 0.0146484375 0.0439453125
0 0.369140625 0.1689453125 0.0126953125 0.037109375
3 0.5986328125 0.8623046875 0.2939453125 0.265625
0 0.341796875 0.1357421875 0.0078125 0.0166015625