0 0.53515625 0.5078125 0.0869140625 0.1787109375
2 0.365234375 0.15234375 0.005859375 0.0224609375
0 0.4736328125 0.3955078125 0.0634765625 0.134765625
2 0.248046875 0.4072265625 0.0185546875 0.0546875
2 0.328125 0.74609375 0.0361328125 0.1220703125
2 0.57421875 0.3037109375 0.03515625 0.0361328125
2 0.3291015625 0.22265625 0.009765625 0.03125
2 0.3232421875 0.169921875 0.0068359375 0.0244140625
2 0.298828125 0.2197265625 0.0107421875 0.02734375
2 0.505859375 0.2822265625 0.015625 0.0498046875
2 0.3388671875 0.1728515625 0.0068359375 0.0234375
0 0.419921875 0.1650390625 0.0166015625 0.0400390625
2 0.5283203125 0.638671875 0.0341796875 0.111328125
2 0.4736328125 0.58203125 0.0380859375 0.0908203125
2 0.978515625 0.6171875 0.04296875 0.0908203125
2 0.5517578125 0.37890625 0.0166015625 0.0537109375
2 0.3154296875 0.189453125 0.0087890625 0.0400390625
0 0.3486328125 0.580078125 0.083984375 0.1630859375
3 0.3935546875 0.1787109375 0.029296875 0.064453125
3 0.3603515625 0.1298828125 0.0185546875 0.037109375
2 0.353515625 0.158203125 0.005859375 0.0234375
0 0.4638671875 0.79296875 0.134765625 0.2041015625
0 0.3310546875 0.1484375 0.0185546875 0.0390625
0 0.3466796875 0.2880859375 0.0439453125 0.095703125
3 0.828125 0.751953125 0.3408203125 0.490234375
3 0.2880859375 0.1337890625 0.017578125 0.0634765625