2 0.2861328125 0.421875 0.0166015625 0.052734375
2 0.2880859375 0.3115234375 0.013671875 0.041015625
2 0.337890625 0.158203125 0.0087890625 0.0263671875
2 0.341796875 0.5458984375 0.0244140625 0.0927734375
0 0.427734375 0.2822265625 0.0341796875 0.0615234375
2 0.298828125 0.70703125 0.029296875 0.0947265625
0 0.380859375 0.1806640625 0.021484375 0.048828125
2 0.31640625 0.4462890625 0.0224609375 0.05859375
2 0.32421875 0.1572265625 0.0078125 0.021484375
0 0.40625 0.1669921875 0.017578125 0.041015625
3 0.5 0.392578125 0.08203125 0.1875
2 0.3037109375 0.1845703125 0.0087890625 0.025390625
0 0.5517578125 0.341796875 0.0556640625 0.1005859375
0 0.392578125 0.142578125 0.009765625 0.0224609375
3 0.3642578125 0.1337890625 0.025390625 0.0478515625
0 0.54296875 0.607421875 0.078125 0.1552734375