2 0.32421875 0.8369140625 0.068359375 0.1318359375
0 0.365234375 0.1376953125 0.0146484375 0.0283203125
3 0.2822265625 0.4130859375 0.115234375 0.2021484375
0 0.4052734375 0.1982421875 0.029296875 0.04296875
2 0.3525390625 0.359375 0.0166015625 0.0576171875
2 0.333984375 0.2548828125 0.0107421875 0.0302734375
2 0.3271484375 0.6337890625 0.0810546875 0.1044921875
0 0.4794921875 0.26953125 0.04296875 0.0654296875
2 0.3447265625 0.3203125 0.015625 0.046875
2 0.3173828125 0.18359375 0.01171875 0.0263671875
0 0.431640625 0.271484375 0.0419921875 0.0654296875
0 0.43359375 0.330078125 0.0458984375 0.080078125
2 0.3525390625 0.2529296875 0.01171875 0.0322265625
2 0.1728515625 0.4970703125 0.02734375 0.06640625
2 0.310546875 0.166015625 0.0078125 0.025390625
0 0.3818359375 0.1669921875 0.0205078125 0.0380859375
0 0.32421875 0.21875 0.0244140625 0.05078125
3 0.3525390625 0.1220703125 0.0107421875 0.0341796875
3 0.3408203125 0.169921875 0.029296875 0.080078125
2 0.4306640625 0.2255859375 0.0107421875 0.0263671875
2 0.32421875 0.15625 0.0107421875 0.03125
3 0.0439453125 0.6240234375 0.0859375 0.2314453125
3 0.2841796875 0.2529296875 0.05859375 0.130859375
3 0.2900390625 0.1337890625 0.0224609375 0.0703125
3 0.509765625 0.4423828125 0.1005859375 0.2177734375
0 0.599609375 0.4248046875 0.08984375 0.1591796875