2 0.9267578125 0.5390625 0.0517578125 0.091796875
2 0.5771484375 0.2998046875 0.037109375 0.0439453125
2 0.978515625 0.626953125 0.04296875 0.0859375
0 0.412109375 0.681640625 0.15625 0.2685546875
2 0.28515625 0.251953125 0.01171875 0.0302734375
0 0.265625 0.318359375 0.0400390625 0.068359375
2 0.5390625 0.6181640625 0.0283203125 0.1025390625
0 0.4345703125 0.1845703125 0.0205078125 0.0498046875
0 0.3427734375 0.3642578125 0.046875 0.0869140625
0 0.4384765625 0.3046875 0.0419921875 0.08984375
0 0.314453125 0.162109375 0.021484375 0.0341796875
2 0.4892578125 0.5859375 0.0244140625 0.08203125
2 0.41015625 0.2490234375 0.0126953125 0.04296875
2 0.5341796875 0.541015625 0.0224609375 0.0537109375
3 0.3427734375 0.2568359375 0.044921875 0.126953125
0 0.33984375 0.171875 0.01953125 0.04296875
3 0.365234375 0.13671875 0.017578125 0.0537109375
2 0.4619140625 0.85546875 0.0380859375 0.1298828125
3 0.3955078125 0.1875 0.048828125 0.12109375