2 0.4111328125 0.205078125 0.0087890625 0.03125
0 0.88671875 0.8603515625 0.1767578125 0.263671875
0 0.4384765625 0.203125 0.02734375 0.0498046875
0 0.5390625 0.5986328125 0.080078125 0.171875
2 0.2919921875 0.7666015625 0.037109375 0.1123046875
0 0.373046875 0.17578125 0.025390625 0.033203125
2 0.2998046875 0.3134765625 0.0146484375 0.04296875
2 0.3623046875 0.8544921875 0.076171875 0.1513671875
0 0.392578125 0.1943359375 0.0234375 0.04296875
2 0.3291015625 0.3203125 0.013671875 0.052734375
2 0.4169921875 0.16015625 0.0107421875 0.029296875
2 0.3076171875 0.2255859375 0.0107421875 0.029296875
3 0.359375 0.146484375 0.0205078125 0.0419921875
2 0.26171875 0.3955078125 0.01953125 0.056640625
2 0.3291015625 0.2060546875 0.0107421875 0.03515625
2 0.3984375 0.1533203125 0.0068359375 0.025390625
3 0.3779296875 0.14453125 0.0126953125 0.0302734375
2 0.3056640625 0.1484375 0.0087890625 0.021484375
3 0.333984375 0.1669921875 0.0224609375 0.0458984375
2 0.306640625 0.265625 0.01171875 0.0400390625
0 0.337890625 0.1357421875 0.01171875 0.017578125
2 0.326171875 0.267578125 0.01171875 0.041015625
3 0.4716796875 0.3447265625 0.068359375 0.1640625
0 0.388671875 0.1416015625 0.0107421875 0.025390625
3 0.2880859375 0.14453125 0.01953125 0.0458984375