0 0.78515625 0.62890625 0.1357421875 0.2177734375
0 0.3935546875 0.6064453125 0.1005859375 0.1572265625
2 0.4248046875 0.294921875 0.0126953125 0.04296875
2 0.5458984375 0.4990234375 0.02734375 0.080078125
0 0.35546875 0.4287109375 0.0517578125 0.091796875
0 0.4365234375 0.189453125 0.0224609375 0.048828125
2 0.576171875 0.3037109375 0.0390625 0.0400390625
2 0.5595703125 0.6005859375 0.0322265625 0.0986328125
0 0.490234375 0.490234375 0.0732421875 0.1796875
0 0.224609375 0.4443359375 0.0693359375 0.099609375
2 0.9794921875 0.6220703125 0.041015625 0.0927734375
0 0.3408203125 0.181640625 0.01953125 0.033203125
2 0.2822265625 0.2763671875 0.0126953125 0.044921875
0 0.4150390625 0.216796875 0.0244140625 0.0576171875
2 0.4462890625 0.39453125 0.0224609375 0.0595703125
2 0.4970703125 0.7021484375 0.0341796875 0.1171875
2 0.6005859375 0.4833984375 0.0263671875 0.0771484375
3 0.341796875 0.2822265625 0.0517578125 0.1572265625
2 0.4697265625 0.2080078125 0.021484375 0.033203125
0 0.3134765625 0.16796875 0.0234375 0.029296875
3 0.375 0.14453125 0.0380859375 0.0791015625
2 0.6103515625 0.4375 0.0205078125 0.0556640625
0 0.3173828125 0.1435546875 0.0166015625 0.0234375
2 0.2880859375 0.2421875 0.01171875 0.0361328125
2 0.3173828125 0.224609375 0.0126953125 0.0361328125
2 0.2685546875 0.3330078125 0.0146484375 0.0458984375
3 0.353515625 0.119140625 0.0107421875 0.0205078125
2 0.4951171875 0.21875 0.025390625 0.048828125
0 0.3896484375 0.19140625 0.0302734375 0.056640625
3 0.2890625 0.1220703125 0.0146484375 0.0439453125
0 0.3583984375 0.1396484375 0.009765625 0.0244140625