2 0.9169921875 0.5419921875 0.076171875 0.0947265625
2 0.3037109375 0.5009765625 0.0205078125 0.056640625
2 0.34375 0.58203125 0.0283203125 0.080078125
2 0.3310546875 0.2646484375 0.0126953125 0.0341796875
2 0.3623046875 0.869140625 0.041015625 0.119140625
2 0.4052734375 0.556640625 0.025390625 0.0751953125
2 0.9794921875 0.609375 0.041015625 0.1162109375
2 0.31640625 0.712890625 0.0302734375 0.1005859375
2 0.26171875 0.5302734375 0.0263671875 0.0712890625
0 0.314453125 0.169921875 0.0185546875 0.0341796875
3 0.361328125 0.1240234375 0.021484375 0.052734375
2 0.603515625 0.3251953125 0.0244140625 0.0380859375
2 0.5751953125 0.4375 0.01953125 0.0634765625
3 0.333984375 0.1337890625 0.0205078125 0.04296875
0 0.337890625 0.1767578125 0.01953125 0.037109375
3 0.2890625 0.125 0.0166015625 0.048828125
3 0.4794921875 0.783203125 0.138671875 0.2666015625
3 0.3193359375 0.1376953125 0.01171875 0.03125
3 0.4052734375 0.2158203125 0.0498046875 0.1015625
3 0.4736328125 0.3017578125 0.1005859375 0.228515625