2 0.578125 0.30078125 0.03515625 0.041015625
2 0.2939453125 0.3447265625 0.015625 0.0556640625
0 0.4140625 0.2783203125 0.0380859375 0.064453125
2 0.390625 0.2294921875 0.009765625 0.033203125
2 0.2626953125 0.5615234375 0.0322265625 0.0859375
2 0.283203125 0.310546875 0.013671875 0.044921875
2 0.57421875 0.462890625 0.0244140625 0.0712890625
2 0.3515625 0.5654296875 0.046875 0.08203125
2 0.560546875 0.3876953125 0.0185546875 0.056640625
2 0.4208984375 0.2177734375 0.0087890625 0.0283203125
0 0.337890625 0.2421875 0.03125 0.0537109375
2 0.423828125 0.6455078125 0.0439453125 0.107421875
2 0.6171875 0.5322265625 0.025390625 0.080078125
2 0.546875 0.623046875 0.0302734375 0.0947265625
0 0.3984375 0.14453125 0.021484375 0.0380859375
0 0.3349609375 0.140625 0.015625 0.02734375
3 0.3681640625 0.142578125 0.021484375 0.0419921875
2 0.52734375 0.3125 0.0107421875 0.0341796875
0 0.3828125 0.13671875 0.0107421875 0.0263671875
3 0.4775390625 0.3115234375 0.0869140625 0.1962890625
0 0.6884765625 0.708984375 0.12109375 0.1943359375
3 0.33984375 0.1171875 0.009765625 0.0224609375