2 0.9150390625 0.541015625 0.078125 0.095703125
0 0.5166015625 0.546875 0.0830078125 0.1630859375
2 0.76171875 0.7470703125 0.0361328125 0.10546875
2 0.478515625 0.2080078125 0.0185546875 0.03125
0 0.296875 0.21875 0.029296875 0.0537109375
0 0.498046875 0.21875 0.0322265625 0.0517578125
2 0.5712890625 0.30078125 0.029296875 0.041015625
0 0.42578125 0.2314453125 0.03515625 0.056640625
0 0.4033203125 0.1484375 0.017578125 0.0341796875
0 0.337890625 0.12109375 0.0166015625 0.029296875
0 0.37890625 0.154296875 0.0166015625 0.0390625
2 0.4140625 0.9189453125 0.0537109375 0.1474609375
0 0.458984375 0.3662109375 0.0537109375 0.1201171875
2 0.2802734375 0.326171875 0.01171875 0.04296875
2 0.9775390625 0.626953125 0.0439453125 0.0830078125
2 0.4033203125 0.787109375 0.0537109375 0.1181640625
3 0.34375 0.3017578125 0.0439453125 0.115234375
2 0.4326171875 0.1953125 0.01171875 0.0302734375
3 0.35546875 0.1201171875 0.015625 0.037109375
2 0.4267578125 0.703125 0.0341796875 0.083984375
2 0.3125 0.16796875 0.0078125 0.0234375
3 0.2880859375 0.123046875 0.013671875 0.044921875
0 0.369140625 0.5302734375 0.08203125 0.16015625
3 0.33203125 0.162109375 0.0283203125 0.060546875
0 0.3046875 0.1328125 0.013671875 0.0185546875
0 0.3681640625 0.142578125 0.0087890625 0.021484375
0 0.9501953125 0.869140625 0.0986328125 0.2509765625
0 0.3271484375 0.126953125 0.0126953125 0.0205078125