2 0.9140625 0.5400390625 0.0703125 0.08984375
2 0.9775390625 0.6220703125 0.044921875 0.0947265625
2 0.4794921875 0.208984375 0.01953125 0.0322265625
0 0.5185546875 0.546875 0.08203125 0.1630859375
0 0.384765625 0.169921875 0.0205078125 0.041015625
2 0.298828125 0.564453125 0.0302734375 0.087890625
2 0.572265625 0.3017578125 0.0322265625 0.0400390625
2 0.3544921875 0.5419921875 0.02734375 0.0703125
0 0.4033203125 0.1494140625 0.017578125 0.03515625
2 0.4619140625 0.19921875 0.0068359375 0.0244140625
2 0.287109375 0.2900390625 0.0126953125 0.0419921875
2 0.310546875 0.1591796875 0.0068359375 0.025390625
0 0.298828125 0.20703125 0.02734375 0.046875
2 0.427734375 0.7783203125 0.037109375 0.119140625
2 0.4248046875 0.1552734375 0.009765625 0.0263671875
2 0.3564453125 0.69921875 0.0390625 0.1005859375
3 0.35546875 0.1220703125 0.0146484375 0.0361328125
0 0.4541015625 0.2666015625 0.0419921875 0.0673828125
0 0.458984375 0.3662109375 0.0537109375 0.12109375
2 0.4443359375 0.2216796875 0.009765625 0.0234375
0 0.3720703125 0.1494140625 0.013671875 0.02734375
2 0.2978515625 0.1552734375 0.005859375 0.0263671875
3 0.3388671875 0.12109375 0.015625 0.0283203125
2 0.3173828125 0.1630859375 0.0078125 0.0224609375
3 0.3466796875 0.255859375 0.0400390625 0.0908203125
3 0.3466796875 0.4306640625 0.0595703125 0.130859375
2 0.3583984375 0.17578125 0.0048828125 0.0263671875
3 0.2880859375 0.1220703125 0.0146484375 0.044921875
0 0.3388671875 0.181640625 0.03125 0.0625