2 0.9765625 0.6220703125 0.044921875 0.0908203125
2 0.9150390625 0.5400390625 0.0791015625 0.095703125
0 0.2373046875 0.265625 0.037109375 0.0693359375
3 0.32421875 0.23828125 0.0419921875 0.099609375
2 0.5751953125 0.3017578125 0.037109375 0.04296875
0 0.4267578125 0.208984375 0.03125 0.0576171875
3 0.73046875 0.62109375 0.1767578125 0.34375
2 0.2900390625 0.2578125 0.0126953125 0.0390625
0 0.3896484375 0.1416015625 0.013671875 0.03125
0 0.33984375 0.30078125 0.037109375 0.06640625
0 0.4580078125 0.2080078125 0.0302734375 0.0498046875
2 0.5458984375 0.2548828125 0.013671875 0.033203125
2 0.13671875 0.58203125 0.0263671875 0.087890625
2 0.3779296875 0.2490234375 0.009765625 0.0419921875
0 0.509765625 0.2939453125 0.04296875 0.08203125
3 0.3486328125 0.22265625 0.0185546875 0.0595703125
2 0.4833984375 0.2119140625 0.029296875 0.044921875
2 0.2724609375 0.310546875 0.0126953125 0.044921875
3 0.3125 0.4111328125 0.0966796875 0.1572265625
0 0.2998046875 0.20703125 0.017578125 0.0419921875
0 0.3896484375 0.19140625 0.0234375 0.05078125
2 0.314453125 0.1572265625 0.0107421875 0.02734375
2 0.263671875 0.2587890625 0.0126953125 0.041015625
3 0.0537109375 0.650390625 0.1044921875 0.1982421875
2 0.46875 0.279296875 0.013671875 0.0458984375
3 0.3720703125 0.142578125 0.0224609375 0.0556640625
3 0.3349609375 0.1376953125 0.0224609375 0.0498046875
0 0.2431640625 0.53515625 0.1298828125 0.1455078125
0 0.400390625 0.73046875 0.162109375 0.2705078125