2 0.9140625 0.5439453125 0.072265625 0.0849609375
2 0.978515625 0.61328125 0.0419921875 0.10546875
0 0.236328125 0.2666015625 0.037109375 0.0712890625
0 0.44140625 0.2578125 0.03515625 0.0625
2 0.6455078125 0.7919921875 0.0419921875 0.134765625
2 0.3154296875 0.638671875 0.0322265625 0.091796875
2 0.2783203125 0.4365234375 0.017578125 0.05078125
0 0.3974609375 0.6025390625 0.0888671875 0.1416015625
2 0.4921875 0.5966796875 0.0283203125 0.091796875
0 0.4189453125 0.205078125 0.025390625 0.0478515625
2 0.57421875 0.3037109375 0.037109375 0.0400390625
2 0.318359375 0.3193359375 0.013671875 0.033203125
0 0.5205078125 0.302734375 0.0478515625 0.087890625
3 0.3310546875 0.1357421875 0.01953125 0.05078125
3 0.1298828125 0.5302734375 0.1845703125 0.2265625
0 0.541015625 0.7021484375 0.09765625 0.2763671875
2 0.4814453125 0.2685546875 0.0107421875 0.0390625
3 0.3525390625 0.416015625 0.080078125 0.1767578125
2 0.3154296875 0.1640625 0.005859375 0.02734375
0 0.3583984375 0.1240234375 0.0126953125 0.0244140625
0 0.52734375 0.5224609375 0.091796875 0.138671875