2 0.5771484375 0.302734375 0.0341796875 0.0400390625
2 0.9150390625 0.54296875 0.07421875 0.08984375
0 0.5703125 0.9208984375 0.181640625 0.1484375
0 0.345703125 0.236328125 0.0263671875 0.046875
2 0.357421875 0.7626953125 0.03515625 0.1162109375
2 0.248046875 0.4375 0.0185546875 0.0556640625
2 0.45703125 0.4599609375 0.0244140625 0.0634765625
2 0.2880859375 0.4150390625 0.017578125 0.052734375
2 0.2890625 0.21875 0.0087890625 0.0302734375
2 0.3046875 0.2802734375 0.0126953125 0.0341796875
2 0.287109375 0.515625 0.0244140625 0.0625
2 0.376953125 0.6005859375 0.0341796875 0.0908203125
2 0.31640625 0.359375 0.017578125 0.0498046875
2 0.40625 0.546875 0.025390625 0.0693359375
0 0.431640625 0.1826171875 0.021484375 0.0458984375
2 0.9765625 0.6240234375 0.0419921875 0.0830078125
0 0.3076171875 0.1943359375 0.0244140625 0.048828125
2 0.3466796875 0.3388671875 0.0205078125 0.0458984375
0 0.34375 0.1728515625 0.017578125 0.033203125
2 0.2705078125 0.3037109375 0.0126953125 0.041015625
2 0.51953125 0.5986328125 0.0283203125 0.0986328125
2 0.337890625 0.6484375 0.025390625 0.0673828125
2 0.2958984375 0.32421875 0.0146484375 0.044921875
2 0.3193359375 0.2509765625 0.0126953125 0.037109375
2 0.41015625 0.8193359375 0.0361328125 0.1171875
2 0.2626953125 0.5888671875 0.025390625 0.083984375
0 0.3935546875 0.2138671875 0.0263671875 0.0634765625
2 0.2783203125 0.28515625 0.01171875 0.03125
2 0.291015625 0.6728515625 0.0341796875 0.1015625
0 0.357421875 0.490234375 0.064453125 0.109375
2 0.322265625 0.189453125 0.009765625 0.025390625
2 0.2880859375 0.1689453125 0.0126953125 0.0263671875
2 0.306640625 0.232421875 0.0107421875 0.0283203125
0 0.3173828125 0.150390625 0.0166015625 0.0263671875
2 0.41015625 0.19921875 0.013671875 0.03515625
3 0.3369140625 0.119140625 0.017578125 0.029296875
3 0.2880859375 0.12109375 0.013671875 0.041015625