2 0.9140625 0.5400390625 0.07421875 0.0966796875
2 0.3193359375 0.1533203125 0.009765625 0.0263671875
2 0.978515625 0.5888671875 0.04296875 0.1396484375
2 0.369140625 0.5087890625 0.0263671875 0.0830078125
3 0.359375 0.125 0.01953125 0.044921875
0 0.3095703125 0.185546875 0.0205078125 0.0390625
0 0.3330078125 0.2109375 0.025390625 0.04296875
2 0.3994140625 0.8935546875 0.05078125 0.140625
3 0.3349609375 0.138671875 0.021484375 0.052734375
3 0.3740234375 0.1669921875 0.025390625 0.068359375
2 0.2119140625 0.85546875 0.076171875 0.125
3 0.41015625 0.20703125 0.0595703125 0.1396484375
3 0.46875 0.7431640625 0.119140625 0.224609375
3 0.056640625 0.8974609375 0.11328125 0.201171875
3 0.291015625 0.1337890625 0.0185546875 0.0703125
0 0.439453125 0.2177734375 0.013671875 0.064453125