3 0.3369140625 0.2763671875 0.0556640625 0.1162109375
0 0.263671875 0.421875 0.0498046875 0.08984375
0 0.2412109375 0.263671875 0.0458984375 0.0712890625
3 0.48828125 0.4013671875 0.091796875 0.1943359375
0 0.220703125 0.546875 0.1171875 0.1279296875
0 0.3017578125 0.2177734375 0.0283203125 0.046875
3 0.3095703125 0.1689453125 0.0302734375 0.06640625
0 0.3466796875 0.3798828125 0.0478515625 0.0810546875
0 0.29296875 0.3115234375 0.0380859375 0.0712890625
0 0.544921875 0.5712890625 0.08203125 0.1865234375
2 0.3056640625 0.875 0.0849609375 0.1337890625
2 0.2822265625 0.603515625 0.0400390625 0.083984375
3 0.3681640625 0.1396484375 0.0185546875 0.0439453125
0 0.4580078125 0.255859375 0.041015625 0.044921875
2 0.0517578125 0.6494140625 0.056640625 0.08984375
2 0.92578125 0.54296875 0.0478515625 0.0859375
2 0.390625 0.6181640625 0.06640625 0.0986328125
0 0.39453125 0.2197265625 0.03125 0.0625
2 0.4697265625 0.576171875 0.02734375 0.0869140625
0 0.4189453125 0.2021484375 0.0263671875 0.041015625
0 0.4228515625 0.275390625 0.0341796875 0.0703125
2 0.5439453125 0.25390625 0.01171875 0.044921875
3 0.3349609375 0.1630859375 0.0244140625 0.0546875
3 0.4150390625 0.1630859375 0.01953125 0.0341796875
2 0.189453125 0.48046875 0.0263671875 0.0556640625
0 0.2900390625 0.2587890625 0.0361328125 0.056640625
2 0.8984375 0.8203125 0.064453125 0.1376953125
2 0.7568359375 0.63671875 0.041015625 0.0908203125
2 0.4755859375 0.2109375 0.01171875 0.03125
2 0.1279296875 0.5791015625 0.041015625 0.0771484375
2 0.978515625 0.62890625 0.0419921875 0.0830078125
2 0.384765625 0.1611328125 0.017578125 0.02734375
2 0.892578125 0.548828125 0.0322265625 0.060546875
3 0.2880859375 0.1201171875 0.0166015625 0.0400390625
3 0.2666015625 0.1376953125 0.021484375 0.0654296875