2 0.89453125 0.5400390625 0.0361328125 0.072265625
2 0.5771484375 0.2998046875 0.03515625 0.0400390625
2 0.720703125 0.5712890625 0.02734375 0.080078125
0 0.490234375 0.8974609375 0.1630859375 0.193359375
3 0.3359375 0.126953125 0.021484375 0.0498046875
2 0.5888671875 0.685546875 0.0361328125 0.1064453125
3 0.36328125 0.130859375 0.0185546875 0.041015625
3 0.5224609375 0.4853515625 0.0927734375 0.265625
0 0.3642578125 0.513671875 0.072265625 0.142578125
2 0.3134765625 0.1611328125 0.0068359375 0.0263671875
2 0.80078125 0.6455078125 0.0478515625 0.111328125
0 0.3212890625 0.275390625 0.0322265625 0.068359375
3 0.380859375 0.1611328125 0.0205078125 0.044921875
0 0.95703125 0.9091796875 0.0859375 0.166015625
3 0.404296875 0.1875 0.029296875 0.0615234375
2 0.978515625 0.5888671875 0.04296875 0.138671875
2 0.4638671875 0.4375 0.01953125 0.0712890625
2 0.9375 0.53515625 0.033203125 0.0810546875
2 0.4287109375 0.4111328125 0.0234375 0.06640625
2 0.2890625 0.2353515625 0.0107421875 0.04296875
2 0.30078125 0.205078125 0.0107421875 0.029296875
2 0.3056640625 0.1435546875 0.0087890625 0.02734375
0 0.4697265625 0.2744140625 0.05078125 0.076171875
0 0.4462890625 0.34375 0.0498046875 0.11328125
3 0.4013671875 0.1416015625 0.0146484375 0.0263671875
3 0.611328125 0.470703125 0.0849609375 0.1376953125
3 0.3486328125 0.3818359375 0.0615234375 0.140625
3 0.337890625 0.203125 0.0400390625 0.1025390625
0 0.4990234375 0.34765625 0.044921875 0.044921875