2 0.296875 0.2001953125 0.009765625 0.0322265625
2 0.3115234375 0.1767578125 0.0078125 0.029296875
0 0.3369140625 0.1826171875 0.025390625 0.04296875
2 0.578125 0.3017578125 0.03515625 0.0400390625
0 0.197265625 0.5029296875 0.1123046875 0.1259765625
0 0.5703125 0.5751953125 0.0791015625 0.1552734375
0 0.392578125 0.212890625 0.02734375 0.0458984375
2 0.3984375 0.2578125 0.0107421875 0.037109375
2 0.5478515625 0.38671875 0.0166015625 0.0546875
0 0.3427734375 0.3056640625 0.0400390625 0.0634765625
2 0.326171875 0.166015625 0.005859375 0.0263671875
2 0.978515625 0.6142578125 0.04296875 0.103515625
2 0.4326171875 0.3515625 0.0126953125 0.0458984375
0 0.3740234375 0.1689453125 0.021484375 0.033203125
3 0.3701171875 0.1416015625 0.021484375 0.0361328125
0 0.3193359375 0.1376953125 0.0146484375 0.02734375
2 0.4775390625 0.2099609375 0.0166015625 0.0302734375
2 0.6357421875 0.4462890625 0.021484375 0.060546875
2 0.916015625 0.5390625 0.0771484375 0.08984375
0 0.41796875 0.1650390625 0.01953125 0.041015625
0 0.5693359375 0.46875 0.083984375 0.10546875
3 0.7001953125 0.5419921875 0.12109375 0.203125
0 0.3349609375 0.1318359375 0.0166015625 0.0244140625