2 0.3916015625 0.1923828125 0.013671875 0.03125
0 0.4423828125 0.2275390625 0.033203125 0.05078125
2 0.123046875 0.578125 0.0419921875 0.080078125
0 0.337890625 0.1806640625 0.0234375 0.041015625
0 0.2587890625 0.396484375 0.05859375 0.08984375
0 0.3125 0.1826171875 0.01953125 0.03515625
0 0.28125 0.2919921875 0.0390625 0.0751953125
0 0.45703125 0.3271484375 0.048828125 0.10546875
0 0.38671875 0.1376953125 0.0166015625 0.0224609375
2 0.4140625 0.2138671875 0.0107421875 0.0439453125
2 0.0458984375 0.6435546875 0.0693359375 0.0830078125
2 0.4345703125 0.1689453125 0.0078125 0.029296875
0 0.3603515625 0.1279296875 0.015625 0.0283203125
2 0.978515625 0.6240234375 0.0419921875 0.0771484375
2 0.56640625 0.30078125 0.021484375 0.03515625
2 0.296875 0.1689453125 0.0068359375 0.025390625
3 0.4716796875 0.78125 0.181640625 0.3349609375
3 0.341796875 0.271484375 0.0546875 0.1357421875
0 0.46875 0.4423828125 0.048828125 0.1142578125
3 0.3740234375 0.478515625 0.1044921875 0.2734375
3 0.611328125 0.4423828125 0.1064453125 0.19140625
3 0.5126953125 0.3115234375 0.08203125 0.1484375
0 0.2470703125 0.208984375 0.0224609375 0.0615234375