0 0.78125 0.7724609375 0.158203125 0.271484375
2 0.576171875 0.3017578125 0.0400390625 0.04296875
2 0.431640625 0.2392578125 0.0107421875 0.03515625
2 0.9775390625 0.6162109375 0.044921875 0.099609375
2 0.23828125 0.419921875 0.01953125 0.06640625
0 0.3564453125 0.1279296875 0.01171875 0.0234375
2 0.9150390625 0.541015625 0.07421875 0.0908203125
2 0.31640625 0.2255859375 0.0087890625 0.037109375
2 0.478515625 0.2109375 0.0166015625 0.033203125
2 0.3173828125 0.1513671875 0.0087890625 0.0244140625
0 0.2353515625 0.2666015625 0.0361328125 0.0712890625
3 0.3720703125 0.1376953125 0.01953125 0.041015625
2 0.30859375 0.1884765625 0.0087890625 0.0302734375
2 0.4638671875 0.2041015625 0.0087890625 0.0244140625
3 0.431640625 0.7158203125 0.197265625 0.287109375
3 0.3388671875 0.1796875 0.029296875 0.0751953125
3 0.701171875 0.9345703125 0.26953125 0.119140625
3 0.2939453125 0.2451171875 0.044921875 0.083984375
3 0.32421875 0.1298828125 0.0234375 0.0458984375
3 0.2890625 0.1259765625 0.0166015625 0.05078125