2 0.9267578125 0.5439453125 0.0556640625 0.0869140625
2 0.978515625 0.5927734375 0.04296875 0.138671875
2 0.5458984375 0.2568359375 0.0107421875 0.03125
2 0.4794921875 0.46484375 0.021484375 0.072265625
2 0.5732421875 0.423828125 0.021484375 0.0693359375
2 0.4267578125 0.3564453125 0.01953125 0.0625
2 0.576171875 0.3037109375 0.03515625 0.0380859375
0 0.248046875 0.26171875 0.0537109375 0.0654296875
0 0.380859375 0.14453125 0.0166015625 0.0400390625
0 0.3115234375 0.1884765625 0.0244140625 0.033203125
0 0.3134765625 0.1630859375 0.01953125 0.029296875
2 0.28515625 0.2490234375 0.0146484375 0.0361328125
0 0.3857421875 0.1875 0.025390625 0.041015625
0 0.3486328125 0.212890625 0.025390625 0.037109375
0 0.330078125 0.2685546875 0.0419921875 0.0576171875
2 0.4765625 0.26171875 0.013671875 0.0380859375
2 0.3515625 0.7509765625 0.0556640625 0.115234375
0 0.3359375 0.3857421875 0.0537109375 0.08203125
2 0.2919921875 0.2119140625 0.0107421875 0.037109375
2 0.2265625 0.455078125 0.01953125 0.0625
2 0.4384765625 0.30859375 0.0146484375 0.0478515625
0 0.4169921875 0.1640625 0.01953125 0.0322265625
2 0.4287109375 0.216796875 0.009765625 0.03125
3 0.3642578125 0.123046875 0.021484375 0.05078125
2 0.474609375 0.208984375 0.009765625 0.0341796875
3 0.3193359375 0.1328125 0.01953125 0.0400390625
0 0.4130859375 0.228515625 0.0302734375 0.0556640625
2 0.5205078125 0.2578125 0.01953125 0.0400390625
0 0.48828125 0.619140625 0.1025390625 0.2001953125
3 0.2900390625 0.1240234375 0.015625 0.0458984375
3 0.3388671875 0.140625 0.025390625 0.033203125
0 0.267578125 0.1923828125 0.0341796875 0.04296875
3 0.2021484375 0.8994140625 0.263671875 0.201171875
0 0.3115234375 0.2353515625 0.0263671875 0.0478515625