2 0.9267578125 0.54296875 0.0556640625 0.091796875
2 0.9775390625 0.6162109375 0.0439453125 0.103515625
2 0.5771484375 0.3017578125 0.0380859375 0.0419921875
2 0.5439453125 0.251953125 0.009765625 0.0322265625
0 0.2353515625 0.2666015625 0.0361328125 0.0693359375
2 0.4326171875 0.3583984375 0.0166015625 0.0546875
2 0.396484375 0.1640625 0.0068359375 0.0224609375
0 0.30859375 0.1748046875 0.01953125 0.0390625
2 0.4453125 0.26953125 0.013671875 0.044921875
2 0.275390625 0.4990234375 0.025390625 0.0791015625
2 0.25390625 0.3974609375 0.017578125 0.052734375
2 0.3876953125 0.2158203125 0.0107421875 0.037109375
0 0.4951171875 0.21875 0.0244140625 0.048828125
0 0.3134765625 0.296875 0.0400390625 0.0712890625
3 0.3349609375 0.134765625 0.0244140625 0.046875
2 0.3759765625 0.2421875 0.0087890625 0.0302734375
0 0.3505859375 0.4423828125 0.05859375 0.1083984375
0 0.35546875 0.1328125 0.009765625 0.0126953125
2 0.8935546875 0.55078125 0.033203125 0.0576171875
0 0.5234375 0.3056640625 0.044921875 0.0791015625
2 0.4765625 0.2060546875 0.0224609375 0.0380859375
0 0.3740234375 0.1484375 0.01953125 0.0283203125
0 0.021484375 0.6767578125 0.0419921875 0.1103515625
0 0.33984375 0.5556640625 0.08984375 0.166015625
0 0.36328125 0.1318359375 0.0068359375 0.017578125
0 0.38671875 0.1337890625 0.0087890625 0.017578125