0 0.2431640625 0.263671875 0.046875 0.0673828125
2 0.57421875 0.3046875 0.029296875 0.03515625
0 0.3134765625 0.1728515625 0.0205078125 0.0302734375
3 0.3466796875 0.2021484375 0.0361328125 0.091796875
0 0.2939453125 0.3271484375 0.0439453125 0.0712890625
0 0.4638671875 0.6669921875 0.1279296875 0.2646484375
2 0.39453125 0.1591796875 0.0068359375 0.0224609375
0 0.3056640625 0.265625 0.0341796875 0.0625
0 0.4306640625 0.296875 0.04296875 0.0791015625
2 0.4423828125 0.3857421875 0.0146484375 0.0478515625
2 0.380859375 0.1875 0.0078125 0.0234375
0 0.3056640625 0.2138671875 0.0244140625 0.0390625
0 0.3681640625 0.1435546875 0.0185546875 0.03125
2 0.6796875 0.521484375 0.0244140625 0.080078125
0 0.515625 0.482421875 0.072265625 0.1337890625
0 0.3466796875 0.294921875 0.037109375 0.068359375
2 0.28125 0.2548828125 0.01171875 0.0302734375
0 0.416015625 0.1611328125 0.0224609375 0.0390625
2 0.443359375 0.244140625 0.0087890625 0.0244140625
2 0.974609375 0.6328125 0.0400390625 0.0673828125
2 0.2548828125 0.3408203125 0.013671875 0.04296875
2 0.9267578125 0.541015625 0.046875 0.0859375
3 0.2900390625 0.1240234375 0.017578125 0.0478515625
0 0.1728515625 0.8779296875 0.27734375 0.2373046875
0 0.3857421875 0.1357421875 0.0107421875 0.0263671875