2 0.9140625 0.5380859375 0.072265625 0.09375
2 0.978515625 0.6201171875 0.0419921875 0.095703125
0 0.33984375 0.310546875 0.041015625 0.076171875
2 0.48828125 0.4501953125 0.0244140625 0.078125
2 0.2314453125 0.4697265625 0.025390625 0.0673828125
2 0.3916015625 0.173828125 0.0078125 0.025390625
0 0.3896484375 0.22265625 0.01953125 0.0458984375
2 0.3173828125 0.1708984375 0.0068359375 0.02734375
2 0.4775390625 0.208984375 0.0166015625 0.0302734375
3 0.36328125 0.130859375 0.017578125 0.0361328125
2 0.302734375 0.5869140625 0.025390625 0.078125
2 0.482421875 0.28125 0.0185546875 0.046875
3 0.3935546875 0.146484375 0.0244140625 0.0478515625
2 0.419921875 0.6171875 0.0703125 0.1015625
0 0.4921875 0.3681640625 0.05078125 0.0869140625
2 0.4677734375 0.2412109375 0.0087890625 0.0263671875
2 0.4775390625 0.5458984375 0.0244140625 0.0771484375
0 0.4970703125 0.21875 0.0302734375 0.0498046875
2 0.4892578125 0.310546875 0.0126953125 0.037109375
0 0.3369140625 0.1640625 0.0185546875 0.0283203125
0 0.3349609375 0.140625 0.013671875 0.0302734375
3 0.3388671875 0.119140625 0.0087890625 0.0224609375
3 0.423828125 0.2333984375 0.056640625 0.1376953125