2 0.916015625 0.54296875 0.0771484375 0.0986328125
3 0.3828125 0.5556640625 0.1357421875 0.287109375
2 0.2998046875 0.2080078125 0.0107421875 0.029296875
0 0.4990234375 0.890625 0.1845703125 0.2158203125
0 0.3466796875 0.208984375 0.021484375 0.04296875
0 0.5166015625 0.509765625 0.0830078125 0.1337890625
0 0.5029296875 0.359375 0.0625 0.08984375
2 0.4453125 0.2568359375 0.0146484375 0.0458984375
2 0.353515625 0.2421875 0.0068359375 0.0341796875
0 0.4296875 0.17578125 0.01953125 0.0458984375
2 0.287109375 0.2861328125 0.01171875 0.0419921875
2 0.9775390625 0.5908203125 0.0439453125 0.1435546875
2 0.3115234375 0.212890625 0.0107421875 0.0263671875
2 0.4560546875 0.484375 0.021484375 0.0751953125
2 0.3203125 0.2041015625 0.009765625 0.0263671875
2 0.435546875 0.4091796875 0.017578125 0.060546875
2 0.46484375 0.5859375 0.0341796875 0.0927734375
0 0.3349609375 0.4033203125 0.052734375 0.1015625
3 0.380859375 0.1552734375 0.0380859375 0.0908203125
3 0.32421875 0.3017578125 0.0615234375 0.146484375
3 0.6162109375 0.4306640625 0.1396484375 0.2900390625
3 0.341796875 0.1650390625 0.0283203125 0.0693359375
3 0.40625 0.2333984375 0.044921875 0.1259765625
3 0.48046875 0.2431640625 0.037109375 0.07421875
3 0.2890625 0.1240234375 0.0146484375 0.044921875