2 0.92578125 0.5419921875 0.052734375 0.091796875
2 0.466796875 0.541015625 0.0263671875 0.0869140625
2 0.380859375 0.197265625 0.009765625 0.03125
2 0.212890625 0.4345703125 0.0205078125 0.05859375
2 0.8916015625 0.5458984375 0.033203125 0.0654296875
0 0.3974609375 0.6181640625 0.09765625 0.1513671875
2 0.5751953125 0.302734375 0.03515625 0.0400390625
0 0.517578125 0.31640625 0.0498046875 0.080078125
0 0.435546875 0.2333984375 0.0361328125 0.0556640625
0 0.404296875 0.1494140625 0.017578125 0.03515625
2 0.173828125 0.533203125 0.0322265625 0.078125
2 0.4013671875 0.2470703125 0.009765625 0.0361328125
2 0.296875 0.5048828125 0.0185546875 0.060546875
2 0.283203125 0.5537109375 0.02734375 0.08203125
0 0.43359375 0.306640625 0.044921875 0.0712890625
0 0.37890625 0.1435546875 0.0146484375 0.03515625
2 0.3173828125 0.6083984375 0.02734375 0.0908203125
3 0.36328125 0.1337890625 0.0166015625 0.0419921875
2 0.4208984375 0.1953125 0.0087890625 0.03125
0 0.3544921875 0.45703125 0.0634765625 0.12109375
2 0.978515625 0.5986328125 0.04296875 0.1357421875
0 0.3310546875 0.13671875 0.0166015625 0.0244140625
2 0.421875 0.162109375 0.01171875 0.0263671875
2 0.388671875 0.1435546875 0.0078125 0.021484375
2 0.390625 0.853515625 0.0419921875 0.1328125
2 0.462890625 0.201171875 0.0068359375 0.021484375
3 0.3212890625 0.2548828125 0.0439453125 0.091796875
2 0.3125 0.1337890625 0.005859375 0.021484375
3 0.33984375 0.1865234375 0.037109375 0.0947265625
3 0.513671875 0.4580078125 0.072265625 0.2041015625
2 0.369140625 0.15625 0.009765625 0.0224609375
3 0.2890625 0.12109375 0.013671875 0.041015625
0 0.5478515625 0.9658203125 0.162109375 0.0673828125
3 0.271484375 0.3466796875 0.0625 0.1259765625