2 0.9765625 0.615234375 0.0439453125 0.107421875
2 0.9169921875 0.5390625 0.0771484375 0.095703125
2 0.4765625 0.2080078125 0.0126953125 0.029296875
2 0.544921875 0.255859375 0.0107421875 0.029296875
0 0.236328125 0.2646484375 0.037109375 0.0703125
2 0.5283203125 0.328125 0.013671875 0.0439453125
2 0.443359375 0.38671875 0.021484375 0.0625
3 0.3076171875 0.2763671875 0.056640625 0.138671875
2 0.458984375 0.2529296875 0.0126953125 0.0390625
2 0.2646484375 0.3232421875 0.013671875 0.052734375
2 0.55859375 0.3876953125 0.017578125 0.0546875
0 0.416015625 0.162109375 0.01953125 0.0390625
2 0.5771484375 0.2998046875 0.0380859375 0.044921875
0 0.4140625 0.2236328125 0.033203125 0.0517578125
0 0.37890625 0.134765625 0.0126953125 0.021484375
0 0.3876953125 0.162109375 0.01953125 0.0419921875
2 0.599609375 0.43359375 0.021484375 0.0625
2 0.44921875 0.19140625 0.0107421875 0.0341796875
0 0.3388671875 0.38671875 0.0498046875 0.0966796875
2 0.3115234375 0.1845703125 0.009765625 0.0400390625
0 0.421875 0.7080078125 0.1572265625 0.275390625
0 0.4931640625 0.2197265625 0.025390625 0.0478515625
3 0.150390625 0.5595703125 0.2138671875 0.2236328125
0 0.3681640625 0.15625 0.013671875 0.0283203125
3 0.3623046875 0.1279296875 0.017578125 0.03515625
2 0.2734375 0.298828125 0.0126953125 0.0400390625
0 0.3984375 0.1513671875 0.009765625 0.0224609375
2 0.462890625 0.1982421875 0.0087890625 0.0263671875
0 0.501953125 0.5380859375 0.076171875 0.158203125
3 0.2890625 0.125 0.0166015625 0.05078125
0 0.0615234375 0.900390625 0.1220703125 0.1884765625
3 0.3447265625 0.2431640625 0.03515625 0.1103515625