2 0.9150390625 0.541015625 0.07421875 0.08984375
2 0.576171875 0.3017578125 0.037109375 0.041015625
0 0.6357421875 0.5341796875 0.091796875 0.162109375
0 0.2353515625 0.265625 0.03515625 0.0693359375
2 0.8642578125 0.7578125 0.052734375 0.119140625
2 0.3232421875 0.2724609375 0.009765625 0.033203125
2 0.404296875 0.193359375 0.0087890625 0.0234375
3 0.3271484375 0.1337890625 0.025390625 0.05078125
2 0.30859375 0.25 0.009765625 0.0361328125
0 0.3427734375 0.2451171875 0.029296875 0.05078125
2 0.970703125 0.634765625 0.0322265625 0.0673828125
3 0.3681640625 0.1318359375 0.0166015625 0.03515625
3 0.2822265625 0.2666015625 0.052734375 0.095703125
3 0.1513671875 0.900390625 0.27734375 0.1982421875
0 0.3564453125 0.1298828125 0.009765625 0.017578125
2 0.302734375 0.15234375 0.005859375 0.01953125
3 0.5029296875 0.6025390625 0.1103515625 0.2265625
0 0.3837890625 0.1396484375 0.0166015625 0.0205078125
3 0.291015625 0.125 0.0205078125 0.05078125
3 0.73046875 0.9541015625 0.2275390625 0.0791015625