2 0.916015625 0.5419921875 0.076171875 0.0908203125
2 0.8046875 0.6396484375 0.0390625 0.1103515625
0 0.5361328125 0.892578125 0.171875 0.2119140625
0 0.51953125 0.5458984375 0.08984375 0.1640625
0 0.3466796875 0.41796875 0.0517578125 0.0947265625
0 0.3857421875 0.564453125 0.087890625 0.1455078125
0 0.482421875 0.4150390625 0.056640625 0.1181640625
0 0.2978515625 0.2373046875 0.029296875 0.056640625
0 0.4853515625 0.25 0.03515625 0.0537109375
2 0.44921875 0.2412109375 0.0126953125 0.0478515625
2 0.31640625 0.1728515625 0.0068359375 0.01953125
0 0.3349609375 0.1435546875 0.017578125 0.033203125
0 0.890625 0.8798828125 0.1787109375 0.2314453125
2 0.9775390625 0.625 0.0439453125 0.0849609375
2 0.2890625 0.4765625 0.0224609375 0.06640625
2 0.4619140625 0.265625 0.013671875 0.044921875
0 0.6748046875 0.6494140625 0.111328125 0.189453125
2 0.525390625 0.3515625 0.0166015625 0.0673828125
2 0.421875 0.2138671875 0.009765625 0.0283203125
2 0.3056640625 0.15234375 0.005859375 0.0185546875
2 0.728515625 0.5693359375 0.03515625 0.0947265625
0 0.423828125 0.2578125 0.03515625 0.05859375
3 0.625 0.4443359375 0.12109375 0.267578125
0 0.376953125 0.1328125 0.0087890625 0.0146484375
3 0.3388671875 0.1845703125 0.025390625 0.0556640625