2 0.8955078125 0.5439453125 0.037109375 0.0693359375
2 0.322265625 0.3125 0.0146484375 0.04296875
2 0.2666015625 0.3125 0.013671875 0.04296875
2 0.2890625 0.4169921875 0.021484375 0.064453125
2 0.9775390625 0.6171875 0.044921875 0.1064453125
2 0.287109375 0.2744140625 0.01171875 0.03515625
3 0.525390625 0.3115234375 0.09765625 0.21875
0 0.341796875 0.203125 0.0234375 0.0556640625
0 0.3466796875 0.4130859375 0.056640625 0.0986328125
2 0.2919921875 0.3271484375 0.0146484375 0.044921875
2 0.3193359375 0.216796875 0.013671875 0.0302734375
2 0.2783203125 0.61328125 0.056640625 0.08984375
0 0.341796875 0.1669921875 0.0166015625 0.029296875
0 0.4384765625 0.19140625 0.021484375 0.048828125
2 0.5185546875 0.6025390625 0.0283203125 0.08984375
0 0.400390625 0.2568359375 0.03515625 0.0751953125
0 0.337890625 0.2802734375 0.0341796875 0.0576171875
2 0.474609375 0.2099609375 0.009765625 0.0244140625
2 0.3046875 0.3056640625 0.013671875 0.0380859375
2 0.3076171875 0.259765625 0.013671875 0.03515625
2 0.5869140625 0.3046875 0.0224609375 0.041015625
2 0.291015625 0.2333984375 0.01171875 0.0302734375
2 0.447265625 0.3828125 0.0244140625 0.068359375
0 0.3125 0.1787109375 0.025390625 0.0439453125
3 0.3974609375 0.1826171875 0.0634765625 0.119140625
0 0.3583984375 0.1279296875 0.01171875 0.025390625
3 0.513671875 0.845703125 0.1982421875 0.3056640625
0 0.314453125 0.1474609375 0.015625 0.0234375