2 0.3125 0.2080078125 0.0087890625 0.03125
0 0.3408203125 0.2294921875 0.0302734375 0.05859375
3 0.3408203125 0.1201171875 0.013671875 0.037109375
0 0.3515625 0.421875 0.0556640625 0.0908203125
2 0.2939453125 0.2236328125 0.0107421875 0.03515625
0 0.525390625 0.43359375 0.06640625 0.1083984375
2 0.3876953125 0.20703125 0.0087890625 0.0263671875
2 0.3271484375 0.208984375 0.0087890625 0.0322265625
2 0.91796875 0.5439453125 0.08203125 0.0908203125
2 0.400390625 0.2607421875 0.0107421875 0.0322265625
3 0.3193359375 0.142578125 0.0146484375 0.0341796875
2 0.521484375 0.3154296875 0.0126953125 0.0380859375
2 0.4169921875 0.6796875 0.0380859375 0.1064453125
2 0.9794921875 0.6171875 0.041015625 0.103515625
0 0.4189453125 0.166015625 0.017578125 0.0380859375
0 0.3759765625 0.181640625 0.0205078125 0.0361328125
0 0.56640625 0.376953125 0.0654296875 0.0986328125
0 0.4970703125 0.3662109375 0.0556640625 0.0908203125
0 0.400390625 0.1669921875 0.021484375 0.044921875
2 0.66015625 0.4853515625 0.0224609375 0.064453125
0 0.02734375 0.6787109375 0.0546875 0.119140625
3 0.3671875 0.1337890625 0.0126953125 0.03125
3 0.3564453125 0.1298828125 0.0126953125 0.03125