2 0.92578125 0.5400390625 0.0517578125 0.091796875
2 0.478515625 0.2099609375 0.017578125 0.0322265625
2 0.9755859375 0.630859375 0.04296875 0.07421875
2 0.318359375 0.2041015625 0.009765625 0.0302734375
2 0.39453125 0.177734375 0.0078125 0.025390625
2 0.302734375 0.1513671875 0.0068359375 0.0205078125
2 0.578125 0.296875 0.0400390625 0.05078125
2 0.318359375 0.1650390625 0.0078125 0.0244140625
0 0.4267578125 0.7412109375 0.1220703125 0.1923828125
0 0.498046875 0.2197265625 0.0322265625 0.048828125
2 0.4052734375 0.171875 0.0068359375 0.0234375
2 0.376953125 0.1357421875 0.0087890625 0.0205078125
2 0.322265625 0.2587890625 0.01171875 0.037109375
2 0.9072265625 0.8125 0.056640625 0.1181640625
2 0.33203125 0.173828125 0.009765625 0.021484375
0 0.337890625 0.111328125 0.01171875 0.01953125
2 0.2919921875 0.3681640625 0.0205078125 0.064453125
2 0.3125 0.130859375 0.009765625 0.0224609375
3 0.3623046875 0.1240234375 0.01953125 0.0400390625
2 0.294921875 0.2705078125 0.0107421875 0.0283203125
2 0.892578125 0.548828125 0.0322265625 0.0595703125
3 0.3984375 0.138671875 0.021484375 0.052734375
0 0.3447265625 0.44140625 0.060546875 0.12109375
0 0.4736328125 0.3232421875 0.048828125 0.083984375
3 0.2890625 0.125 0.0146484375 0.05078125
3 0.3388671875 0.2216796875 0.0302734375 0.080078125
0 0.3203125 0.1162109375 0.0107421875 0.0185546875