2 0.9228515625 0.541015625 0.044921875 0.0966796875
0 0.236328125 0.2666015625 0.03515625 0.068359375
3 0.31640625 0.259765625 0.0546875 0.1220703125
2 0.9775390625 0.611328125 0.0439453125 0.1181640625
2 0.5458984375 0.25390625 0.01171875 0.0302734375
0 0.341796875 0.3330078125 0.0390625 0.06640625
0 0.2646484375 0.3095703125 0.0419921875 0.0634765625
2 0.578125 0.3017578125 0.0390625 0.041015625
2 0.892578125 0.548828125 0.033203125 0.060546875
0 0.435546875 0.1923828125 0.0244140625 0.0361328125
2 0.3662109375 0.1669921875 0.0087890625 0.025390625
2 0.3369140625 0.79296875 0.0498046875 0.1396484375
0 0.4072265625 0.16796875 0.0185546875 0.041015625
3 0.36328125 0.1337890625 0.0185546875 0.04296875
2 0.4150390625 0.20703125 0.0087890625 0.0361328125
2 0.2587890625 0.6630859375 0.04296875 0.087890625
0 0.4716796875 0.67578125 0.1142578125 0.2685546875
2 0.1376953125 0.544921875 0.03515625 0.076171875
2 0.31640625 0.1572265625 0.0087890625 0.02734375
0 0.6884765625 0.6533203125 0.1318359375 0.2158203125
2 0.4990234375 0.232421875 0.017578125 0.0380859375
0 0.3798828125 0.1484375 0.0166015625 0.04296875
2 0.310546875 0.185546875 0.01171875 0.0283203125
2 0.244140625 0.3837890625 0.0205078125 0.0703125
0 0.224609375 0.5498046875 0.1396484375 0.1435546875
3 0.302734375 0.4296875 0.1142578125 0.1689453125
0 0.45703125 0.224609375 0.0283203125 0.05859375
0 0.486328125 0.3447265625 0.0478515625 0.1044921875
0 0.3447265625 0.220703125 0.017578125 0.041015625
3 0.2890625 0.125 0.0146484375 0.044921875
0 0.4208984375 0.158203125 0.0146484375 0.025390625
3 0.3369140625 0.146484375 0.02734375 0.0634765625
0 0.451171875 0.2890625 0.0400390625 0.0810546875