2 0.9033203125 0.5361328125 0.052734375 0.0830078125
2 0.978515625 0.6279296875 0.0419921875 0.0830078125
2 0.57421875 0.302734375 0.0322265625 0.0400390625
0 0.2353515625 0.265625 0.037109375 0.0703125
0 0.3994140625 0.162109375 0.0185546875 0.025390625
3 0.4638671875 0.73046875 0.197265625 0.357421875
2 0.45703125 0.267578125 0.01171875 0.0380859375
0 0.4638671875 0.23046875 0.0322265625 0.0625
2 0.6474609375 0.705078125 0.044921875 0.134765625
0 0.4580078125 0.37890625 0.0625 0.0986328125
2 0.5458984375 0.25 0.0087890625 0.0224609375
0 0.3330078125 0.162109375 0.0185546875 0.0283203125
3 0.3212890625 0.134765625 0.0205078125 0.05078125
0 0.4140625 0.1904296875 0.021484375 0.04296875
3 0.3916015625 0.2021484375 0.029296875 0.056640625
2 0.30859375 0.203125 0.0068359375 0.02734375
3 0.615234375 0.46875 0.166015625 0.2412109375
0 0.494140625 0.2197265625 0.025390625 0.048828125