3 0.3798828125 0.150390625 0.017578125 0.046875
0 0.23828125 0.421875 0.064453125 0.0908203125
3 0.3984375 0.169921875 0.0234375 0.0498046875
0 0.7099609375 0.6923828125 0.1328125 0.2421875
2 0.2109375 0.5107421875 0.0361328125 0.080078125
0 0.4677734375 0.439453125 0.0498046875 0.1171875
0 0.4248046875 0.2314453125 0.0361328125 0.0615234375
0 0.345703125 0.3310546875 0.0439453125 0.087890625
0 0.056640625 0.64453125 0.111328125 0.173828125
0 0.525390625 0.353515625 0.0556640625 0.083984375
0 0.6337890625 0.4951171875 0.087890625 0.146484375
3 0.3583984375 0.1220703125 0.0126953125 0.0361328125
3 0.333984375 0.23046875 0.04296875 0.1015625
3 0.337890625 0.1279296875 0.021484375 0.0498046875
0 0.41796875 0.1572265625 0.0205078125 0.0302734375