2 0.9267578125 0.54296875 0.0537109375 0.095703125
2 0.9765625 0.6162109375 0.0458984375 0.107421875
0 0.234375 0.265625 0.037109375 0.0703125
0 0.3291015625 0.2255859375 0.0283203125 0.046875
2 0.310546875 0.193359375 0.0087890625 0.02734375
0 0.494140625 0.265625 0.0400390625 0.080078125
2 0.2822265625 0.1962890625 0.0087890625 0.0263671875
2 0.400390625 0.177734375 0.0078125 0.0205078125
3 0.337890625 0.1259765625 0.01953125 0.044921875
3 0.447265625 0.708984375 0.18359375 0.359375
3 0.3662109375 0.125 0.0126953125 0.0322265625
2 0.4150390625 0.208984375 0.009765625 0.03125
2 0.2783203125 0.341796875 0.013671875 0.0400390625
2 0.4931640625 0.5390625 0.0224609375 0.0712890625
0 0.5234375 0.408203125 0.068359375 0.1328125
2 0.583984375 0.302734375 0.0283203125 0.041015625
2 0.322265625 0.1630859375 0.005859375 0.01953125
0 0.4599609375 0.2841796875 0.044921875 0.083984375
2 0.4814453125 0.2099609375 0.0263671875 0.03125
2 0.892578125 0.55078125 0.0341796875 0.0576171875
2 0.3271484375 0.1787109375 0.005859375 0.0244140625
2 0.310546875 0.1611328125 0.005859375 0.0234375
2 0.439453125 0.173828125 0.0068359375 0.0234375
0 0.3544921875 0.12890625 0.0087890625 0.0166015625
0 0.38671875 0.1357421875 0.0107421875 0.013671875