2 0.4912109375 0.5419921875 0.0263671875 0.0830078125
3 0.4423828125 0.2578125 0.0673828125 0.12890625
2 0.6220703125 0.6923828125 0.0390625 0.1181640625
0 0.708984375 0.642578125 0.119140625 0.1982421875
2 0.322265625 0.6103515625 0.02734375 0.0888671875
2 0.37109375 0.6162109375 0.025390625 0.0810546875
2 0.3642578125 0.4111328125 0.021484375 0.0673828125
0 0.412109375 0.1552734375 0.017578125 0.0361328125
0 0.2958984375 0.3583984375 0.048828125 0.0888671875
2 0.46484375 0.4990234375 0.0263671875 0.0869140625
2 0.3857421875 0.1474609375 0.009765625 0.0234375
2 0.787109375 0.64453125 0.0439453125 0.0888671875
2 0.3720703125 0.771484375 0.037109375 0.1328125
0 0.3623046875 0.1240234375 0.0126953125 0.029296875
0 0.384765625 0.18359375 0.0205078125 0.05078125
0 0.30859375 0.2216796875 0.025390625 0.052734375
0 0.3974609375 0.220703125 0.025390625 0.064453125
2 0.294921875 0.7431640625 0.02734375 0.080078125
2 0.5712890625 0.302734375 0.0185546875 0.033203125
2 0.9775390625 0.619140625 0.044921875 0.09765625
3 0.537109375 0.427734375 0.0986328125 0.177734375
0 0.3330078125 0.1337890625 0.0185546875 0.02734375
0 0.3193359375 0.140625 0.01171875 0.0234375
0 0.353515625 0.119140625 0.009765625 0.021484375
0 0.2890625 0.1630859375 0.0146484375 0.0283203125