2 0.9267578125 0.5419921875 0.0517578125 0.09375
2 0.9765625 0.6181640625 0.0439453125 0.0986328125
2 0.5791015625 0.3017578125 0.037109375 0.041015625
2 0.501953125 0.5888671875 0.0283203125 0.087890625
2 0.4375 0.2109375 0.009765625 0.0341796875
2 0.4794921875 0.578125 0.025390625 0.0830078125
2 0.42578125 0.2041015625 0.009765625 0.0390625
0 0.34765625 0.4443359375 0.060546875 0.1103515625
2 0.431640625 0.30078125 0.017578125 0.0478515625
3 0.3427734375 0.2626953125 0.0390625 0.0869140625
0 0.4462890625 0.248046875 0.029296875 0.0517578125
0 0.3359375 0.15234375 0.0146484375 0.0283203125
0 0.388671875 0.134765625 0.013671875 0.0263671875
0 0.337890625 0.1875 0.0244140625 0.044921875
2 0.6376953125 0.5048828125 0.0224609375 0.0771484375
0 0.3994140625 0.1396484375 0.0126953125 0.0166015625
2 0.3076171875 0.23828125 0.009765625 0.029296875
2 0.4228515625 0.1552734375 0.0107421875 0.021484375
3 0.3603515625 0.1298828125 0.0166015625 0.02734375
2 0.482421875 0.212890625 0.02734375 0.0419921875
2 0.3046875 0.15234375 0.005859375 0.021484375
2 0.3662109375 0.1611328125 0.0068359375 0.025390625
3 0.4013671875 0.1982421875 0.0478515625 0.0986328125
2 0.31640625 0.1708984375 0.0068359375 0.0185546875
3 0.5869140625 0.5185546875 0.0966796875 0.12890625
3 0.2890625 0.123046875 0.0146484375 0.044921875
0 0.3779296875 0.1982421875 0.0107421875 0.0400390625
3 0.5224609375 0.291015625 0.0732421875 0.1484375