0 0.3662109375 0.142578125 0.013671875 0.02734375
0 0.4375 0.2109375 0.0283203125 0.046875
0 0.4013671875 0.21484375 0.03125 0.0498046875
2 0.4599609375 0.5849609375 0.037109375 0.0966796875
2 0.4228515625 0.158203125 0.009765625 0.0263671875
2 0.3193359375 0.1923828125 0.01171875 0.0361328125
2 0.3623046875 0.375 0.01953125 0.0625
2 0.3505859375 0.556640625 0.025390625 0.0703125
2 0.3212890625 0.4931640625 0.0224609375 0.0673828125
2 0.306640625 0.2333984375 0.0107421875 0.0400390625
0 0.3193359375 0.275390625 0.033203125 0.072265625
0 0.4091796875 0.26171875 0.0361328125 0.0537109375
0 0.3837890625 0.162109375 0.0244140625 0.0322265625
3 0.1435546875 0.546875 0.25 0.267578125
2 0.501953125 0.55078125 0.0283203125 0.0859375
2 0.3994140625 0.162109375 0.005859375 0.0234375
2 0.314453125 0.1591796875 0.005859375 0.0224609375
0 0.3837890625 0.1357421875 0.0146484375 0.0234375
2 0.3037109375 0.18359375 0.0087890625 0.0283203125
2 0.341796875 0.3828125 0.0205078125 0.0615234375
2 0.435546875 0.2822265625 0.015625 0.05078125
2 0.3525390625 0.4580078125 0.0185546875 0.0625
3 0.2587890625 0.33203125 0.08203125 0.1806640625
3 0.2880859375 0.1220703125 0.015625 0.044921875
3 0.4716796875 0.3603515625 0.0830078125 0.1630859375
3 0.3955078125 0.8671875 0.2099609375 0.25390625
3 0.3427734375 0.205078125 0.03515625 0.0966796875
0 0.244140625 0.1767578125 0.021484375 0.0380859375