2 0.5771484375 0.302734375 0.041015625 0.0400390625
2 0.478515625 0.2080078125 0.017578125 0.0341796875
0 0.236328125 0.2666015625 0.037109375 0.068359375
2 0.8466796875 0.7333984375 0.0517578125 0.1171875
2 0.603515625 0.498046875 0.02734375 0.0751953125
2 0.904296875 0.5380859375 0.052734375 0.0830078125
0 0.3349609375 0.2080078125 0.0244140625 0.044921875
0 0.388671875 0.203125 0.025390625 0.0458984375
0 0.5078125 0.4814453125 0.0712890625 0.169921875
0 0.494140625 0.2177734375 0.021484375 0.046875
2 0.69921875 0.603515625 0.0322265625 0.091796875
0 0.3935546875 0.1484375 0.0166015625 0.03125
0 0.3681640625 0.14453125 0.0185546875 0.0361328125
3 0.431640625 0.228515625 0.0615234375 0.1064453125
2 0.2958984375 0.3427734375 0.0146484375 0.0439453125
2 0.7666015625 0.7568359375 0.0498046875 0.1240234375
2 0.3125 0.1630859375 0.005859375 0.025390625
2 0.462890625 0.455078125 0.0185546875 0.0654296875
2 0.9765625 0.6220703125 0.044921875 0.09375
0 0.3818359375 0.1357421875 0.0107421875 0.0244140625
3 0.33203125 0.1416015625 0.0263671875 0.0498046875