2 0.349609375 0.3037109375 0.0126953125 0.0400390625
2 0.25390625 0.41015625 0.0205078125 0.0615234375
0 0.4306640625 0.240234375 0.03515625 0.05859375
3 0.3330078125 0.12890625 0.01953125 0.048828125
0 0.4404296875 0.669921875 0.154296875 0.2626953125
0 0.51171875 0.3505859375 0.044921875 0.0849609375
2 0.3173828125 0.205078125 0.0107421875 0.0341796875
2 0.3974609375 0.244140625 0.009765625 0.04296875
0 0.5009765625 0.482421875 0.0751953125 0.169921875
2 0.45703125 0.19921875 0.0126953125 0.02734375
2 0.3154296875 0.12890625 0.005859375 0.0234375
2 0.2890625 0.318359375 0.0126953125 0.041015625
2 0.283203125 0.2822265625 0.01171875 0.046875
0 0.333984375 0.169921875 0.0205078125 0.0439453125
0 0.4736328125 0.23828125 0.0341796875 0.0693359375
3 0.384765625 0.1572265625 0.0380859375 0.0888671875
3 0.4580078125 0.3544921875 0.07421875 0.1708984375
3 0.9052734375 0.796875 0.185546875 0.3984375
0 0.146484375 0.8818359375 0.26171875 0.2333984375