2 0.9267578125 0.5439453125 0.052734375 0.0927734375
2 0.9775390625 0.6162109375 0.044921875 0.1044921875
2 0.5771484375 0.30078125 0.041015625 0.0439453125
2 0.4775390625 0.2080078125 0.01953125 0.0361328125
0 0.2333984375 0.2666015625 0.0380859375 0.0712890625
2 0.6474609375 0.515625 0.02734375 0.072265625
2 0.287109375 0.306640625 0.0126953125 0.04296875
3 0.33984375 0.2763671875 0.06640625 0.1728515625
0 0.34765625 0.42578125 0.0537109375 0.099609375
0 0.373046875 0.162109375 0.0166015625 0.0380859375
3 0.4326171875 0.67578125 0.1630859375 0.345703125
0 0.3115234375 0.1962890625 0.0234375 0.0712890625
2 0.892578125 0.55078125 0.033203125 0.056640625
0 0.5322265625 0.306640625 0.0439453125 0.0751953125
0 0.240234375 0.4033203125 0.0615234375 0.11328125
2 0.2451171875 0.482421875 0.02734375 0.0634765625
3 0.337890625 0.1513671875 0.0244140625 0.068359375
2 0.4267578125 0.1962890625 0.0078125 0.0341796875
0 0.36328125 0.1337890625 0.013671875 0.0263671875
3 0.4013671875 0.181640625 0.044921875 0.1044921875
2 0.31640625 0.1474609375 0.009765625 0.0263671875
3 0.2890625 0.123046875 0.013671875 0.0439453125
0 0.2451171875 0.2060546875 0.0234375 0.0546875
3 0.443359375 0.29296875 0.0458984375 0.09765625
3 0.3193359375 0.1240234375 0.01171875 0.029296875
3 0.3369140625 0.1123046875 0.0185546875 0.021484375
0 0.4267578125 0.15625 0.0107421875 0.025390625