2 0.9765625 0.623046875 0.044921875 0.08984375
2 0.900390625 0.5380859375 0.0458984375 0.08203125
0 0.2353515625 0.2666015625 0.0361328125 0.0693359375
0 0.4306640625 0.6904296875 0.1220703125 0.185546875
2 0.5380859375 0.65234375 0.0322265625 0.0966796875
2 0.5771484375 0.30078125 0.041015625 0.0439453125
2 0.544921875 0.251953125 0.01171875 0.033203125
0 0.3427734375 0.1875 0.01953125 0.03125
2 0.3935546875 0.19140625 0.009765625 0.0244140625
2 0.2822265625 0.3203125 0.0126953125 0.0400390625
0 0.4072265625 0.2451171875 0.0322265625 0.0654296875
3 0.318359375 0.443359375 0.1103515625 0.2333984375
0 0.3642578125 0.1396484375 0.0146484375 0.02734375
0 0.3427734375 0.3203125 0.037109375 0.0703125
2 0.939453125 0.5390625 0.037109375 0.08203125
2 0.4873046875 0.6416015625 0.029296875 0.0869140625
3 0.3251953125 0.2412109375 0.048828125 0.1103515625
3 0.337890625 0.125 0.0166015625 0.0302734375
3 0.4697265625 0.265625 0.056640625 0.1083984375
2 0.390625 0.9287109375 0.05078125 0.13671875
0 0.4462890625 0.3369140625 0.0498046875 0.103515625
2 0.5009765625 0.2841796875 0.01171875 0.04296875
2 0.4033203125 0.1416015625 0.0087890625 0.0185546875
2 0.375 0.185546875 0.005859375 0.025390625
2 0.3564453125 0.2578125 0.0107421875 0.0419921875
0 0.3291015625 0.1689453125 0.017578125 0.0341796875
3 0.2880859375 0.1220703125 0.0146484375 0.0400390625
3 0.3212890625 0.1259765625 0.013671875 0.0263671875
0 0.0927734375 0.6259765625 0.1533203125 0.140625
0 0.3876953125 0.1396484375 0.01171875 0.0224609375