2 0.927734375 0.5419921875 0.056640625 0.09375
2 0.9765625 0.6220703125 0.044921875 0.0908203125
0 0.326171875 0.2314453125 0.029296875 0.05859375
0 0.4326171875 0.6728515625 0.1416015625 0.208984375
3 0.3330078125 0.13671875 0.021484375 0.0439453125
2 0.5771484375 0.30078125 0.041015625 0.0439453125
0 0.185546875 0.861328125 0.244140625 0.26171875
3 0.2724609375 0.41015625 0.107421875 0.185546875
0 0.2353515625 0.2666015625 0.0361328125 0.0703125
2 0.478515625 0.2099609375 0.017578125 0.0341796875
2 0.544921875 0.2529296875 0.0107421875 0.03515625
2 0.2939453125 0.2724609375 0.013671875 0.0400390625
2 0.341796875 0.1875 0.0087890625 0.0302734375
0 0.3115234375 0.189453125 0.025390625 0.0517578125
2 0.4443359375 0.185546875 0.0087890625 0.0361328125
2 0.376953125 0.1357421875 0.005859375 0.017578125
2 0.279296875 0.2001953125 0.0068359375 0.025390625
2 0.357421875 0.1337890625 0.0068359375 0.0146484375
2 0.49609375 0.2900390625 0.0126953125 0.044921875
0 0.650390625 0.5283203125 0.0966796875 0.158203125
0 0.42578125 0.203125 0.0322265625 0.064453125
0 0.5810546875 0.97265625 0.15625 0.052734375
3 0.2890625 0.123046875 0.0146484375 0.044921875