2 0.92578125 0.5419921875 0.0537109375 0.095703125
2 0.5361328125 0.3359375 0.0166015625 0.05078125
0 0.42578125 0.6865234375 0.1123046875 0.171875
2 0.5771484375 0.3017578125 0.0380859375 0.0400390625
2 0.490234375 0.576171875 0.029296875 0.08984375
2 0.263671875 0.5068359375 0.0205078125 0.0625
2 0.9755859375 0.619140625 0.0458984375 0.099609375
0 0.376953125 0.1611328125 0.013671875 0.0322265625
3 0.3623046875 0.4326171875 0.0849609375 0.1923828125
2 0.2724609375 0.3291015625 0.017578125 0.0478515625
2 0.326171875 0.18359375 0.0087890625 0.02734375
0 0.408203125 0.1767578125 0.021484375 0.046875
3 0.4638671875 0.3486328125 0.076171875 0.1787109375
2 0.291015625 0.353515625 0.0146484375 0.0517578125
2 0.296875 0.2724609375 0.013671875 0.0400390625
0 0.4404296875 0.255859375 0.037109375 0.0576171875
0 0.4287109375 0.193359375 0.0234375 0.0537109375
2 0.3994140625 0.2568359375 0.0146484375 0.04296875
2 0.2861328125 0.5751953125 0.0322265625 0.0986328125
2 0.892578125 0.5498046875 0.0322265625 0.0546875
2 0.3916015625 0.162109375 0.0107421875 0.0263671875
2 0.318359375 0.1591796875 0.0087890625 0.0263671875
2 0.46875 0.20703125 0.0244140625 0.0361328125
3 0.3623046875 0.1279296875 0.017578125 0.0458984375
2 0.37109375 0.1806640625 0.009765625 0.0283203125
0 0.3349609375 0.1484375 0.015625 0.03515625
2 0.330078125 0.7880859375 0.04296875 0.123046875
2 0.4267578125 0.9423828125 0.048828125 0.1123046875
3 0.3359375 0.12109375 0.0146484375 0.0302734375
2 0.3564453125 0.16015625 0.0078125 0.0302734375
3 0.40234375 0.1455078125 0.0146484375 0.0283203125
3 0.3232421875 0.1103515625 0.0126953125 0.021484375