2 0.9287109375 0.5439453125 0.0546875 0.0927734375
2 0.5771484375 0.3017578125 0.0390625 0.0439453125
2 0.9765625 0.6181640625 0.044921875 0.1025390625
2 0.544921875 0.255859375 0.01171875 0.029296875
3 0.3076171875 0.2783203125 0.05859375 0.1357421875
2 0.4775390625 0.2109375 0.0166015625 0.0341796875
2 0.4208984375 0.21484375 0.0107421875 0.03125
2 0.30859375 0.1923828125 0.009765625 0.029296875
0 0.236328125 0.2685546875 0.0390625 0.07421875
0 0.4736328125 0.3984375 0.0615234375 0.1337890625
2 0.74609375 0.62109375 0.0380859375 0.09765625
2 0.318359375 0.154296875 0.0087890625 0.0244140625
2 0.4140625 0.1962890625 0.009765625 0.033203125
2 0.6474609375 0.4580078125 0.0234375 0.0751953125
2 0.3994140625 0.2431640625 0.0126953125 0.0390625
2 0.28515625 0.4111328125 0.021484375 0.06640625
0 0.3427734375 0.4169921875 0.052734375 0.091796875
0 0.2978515625 0.8017578125 0.2236328125 0.2998046875
2 0.232421875 0.3017578125 0.01171875 0.0380859375
2 0.3955078125 0.17578125 0.0068359375 0.0234375
0 0.248046875 0.361328125 0.05078125 0.1044921875
2 0.265625 0.30859375 0.015625 0.0478515625
0 0.3681640625 0.15234375 0.01953125 0.033203125
3 0.337890625 0.1591796875 0.02734375 0.0634765625
0 0.494140625 0.2197265625 0.0244140625 0.0498046875
3 0.3642578125 0.126953125 0.015625 0.033203125
0 0.3994140625 0.150390625 0.0205078125 0.0419921875
0 0.435546875 0.189453125 0.0224609375 0.046875
2 0.0849609375 0.6044921875 0.0654296875 0.0986328125
2 0.4619140625 0.1982421875 0.0078125 0.0283203125
2 0.2744140625 0.3427734375 0.0185546875 0.0478515625
0 0.5009765625 0.5791015625 0.08203125 0.1953125
2 0.27734375 0.2060546875 0.009765625 0.0361328125
0 0.44140625 0.3330078125 0.0478515625 0.08984375
3 0.3818359375 0.1259765625 0.0166015625 0.0380859375
3 0.3525390625 0.1220703125 0.0078125 0.0234375
3 0.2880859375 0.12109375 0.013671875 0.041015625
0 0.3427734375 0.3505859375 0.041015625 0.0771484375