2 0.9267578125 0.5419921875 0.052734375 0.0927734375
2 0.892578125 0.5498046875 0.0302734375 0.0546875
0 0.3818359375 0.6064453125 0.0908203125 0.1455078125
2 0.978515625 0.6171875 0.04296875 0.103515625
2 0.322265625 0.1513671875 0.005859375 0.021484375
2 0.478515625 0.2099609375 0.0166015625 0.0302734375
0 0.337890625 0.111328125 0.01171875 0.017578125
0 0.53515625 0.9189453125 0.17578125 0.1611328125
2 0.322265625 0.1806640625 0.0068359375 0.0244140625
0 0.36328125 0.126953125 0.0166015625 0.0302734375
0 0.3779296875 0.1298828125 0.0126953125 0.0244140625
0 0.498046875 0.2197265625 0.0322265625 0.05078125
2 0.3232421875 0.2216796875 0.009765625 0.0283203125
2 0.3955078125 0.1962890625 0.0087890625 0.0283203125
2 0.3017578125 0.1513671875 0.0087890625 0.0234375
2 0.3076171875 0.3125 0.0146484375 0.0390625
2 0.3525390625 0.1318359375 0.0078125 0.0205078125
0 0.544921875 0.439453125 0.072265625 0.123046875
2 0.5791015625 0.296875 0.0380859375 0.0498046875
0 0.3408203125 0.3623046875 0.046875 0.0966796875
2 0.30078125 0.2265625 0.01171875 0.0263671875
3 0.3994140625 0.140625 0.0234375 0.0556640625
2 0.294921875 0.2919921875 0.013671875 0.0380859375
3 0.2880859375 0.1220703125 0.0146484375 0.044921875
3 0.3369140625 0.1953125 0.02734375 0.0634765625
3 0.3203125 0.11328125 0.0078125 0.0185546875