0 0.39453125 0.208984375 0.0263671875 0.0419921875
0 0.287109375 0.31640625 0.0478515625 0.07421875
0 0.3935546875 0.8759765625 0.1943359375 0.2431640625
2 0.916015625 0.54296875 0.076171875 0.08984375
0 0.3349609375 0.150390625 0.017578125 0.02734375
2 0.9716796875 0.6357421875 0.03515625 0.0634765625
3 0.357421875 0.125 0.0166015625 0.03125
2 0.4521484375 0.3837890625 0.021484375 0.068359375
3 0.3818359375 0.169921875 0.0263671875 0.048828125
0 0.4365234375 0.298828125 0.0400390625 0.0693359375
0 0.33984375 0.2099609375 0.025390625 0.0400390625
2 0.78515625 0.67578125 0.041015625 0.10546875
2 0.3203125 0.1513671875 0.0068359375 0.01953125
0 0.4189453125 0.1669921875 0.01953125 0.037109375
2 0.4501953125 0.6484375 0.0263671875 0.0927734375
2 0.466796875 0.24609375 0.0107421875 0.0458984375
3 0.3193359375 0.134765625 0.0107421875 0.0234375
3 0.3388671875 0.1240234375 0.01171875 0.021484375
0 0.498046875 0.21875 0.0322265625 0.0498046875
0 0.3701171875 0.1357421875 0.0107421875 0.0224609375