0 0.544921875 0.6337890625 0.0810546875 0.1904296875
2 0.3125 0.4921875 0.021484375 0.0751953125
2 0.298828125 0.384765625 0.01953125 0.052734375
2 0.3466796875 0.1953125 0.0087890625 0.0322265625
0 0.40234375 0.2353515625 0.033203125 0.0615234375
0 0.447265625 0.33984375 0.0361328125 0.0810546875
0 0.4306640625 0.2138671875 0.029296875 0.0625
0 0.6298828125 0.505859375 0.0908203125 0.1259765625
2 0.310546875 0.203125 0.0087890625 0.03515625
2 0.330078125 0.4345703125 0.0224609375 0.0625
2 0.376953125 0.7705078125 0.0419921875 0.103515625
2 0.4287109375 0.3857421875 0.0205078125 0.07421875
0 0.482421875 0.2685546875 0.0400390625 0.0732421875
2 0.9775390625 0.6162109375 0.044921875 0.107421875
2 0.353515625 0.6708984375 0.029296875 0.099609375
3 0.33203125 0.287109375 0.05859375 0.1318359375
2 0.4287109375 0.2744140625 0.0166015625 0.044921875
3 0.3642578125 0.1259765625 0.0234375 0.04296875
3 0.232421875 0.419921875 0.0947265625 0.169921875
3 0.3857421875 0.1748046875 0.0263671875 0.0615234375
2 0.892578125 0.8818359375 0.0537109375 0.1484375
2 0.4189453125 0.3388671875 0.0166015625 0.0576171875
3 0.5029296875 0.3955078125 0.076171875 0.1884765625
2 0.333984375 0.203125 0.009765625 0.0263671875
0 0.3193359375 0.1298828125 0.013671875 0.0263671875
3 0.384765625 0.517578125 0.09375 0.19921875
3 0.2900390625 0.1240234375 0.0166015625 0.048828125
0 0.1884765625 0.1357421875 0.02734375 0.0390625