2 0.9287109375 0.54296875 0.0556640625 0.0927734375
2 0.978515625 0.626953125 0.04296875 0.083984375
2 0.4033203125 0.2236328125 0.0107421875 0.033203125
0 0.337890625 0.1357421875 0.013671875 0.0224609375
2 0.5771484375 0.3017578125 0.0390625 0.0419921875
2 0.2744140625 0.3232421875 0.01171875 0.0361328125
2 0.392578125 0.2451171875 0.0107421875 0.0419921875
2 0.2880859375 0.23046875 0.0107421875 0.03515625
2 0.3193359375 0.224609375 0.01171875 0.033203125
3 0.4150390625 0.62890625 0.1728515625 0.3310546875
0 0.3408203125 0.2666015625 0.033203125 0.044921875
2 0.263671875 0.3974609375 0.0166015625 0.048828125
2 0.32421875 0.15234375 0.0087890625 0.021484375
0 0.51953125 0.9111328125 0.19140625 0.173828125
2 0.251953125 0.421875 0.017578125 0.0546875
2 0.8935546875 0.5498046875 0.03515625 0.05859375
3 0.3720703125 0.1279296875 0.02734375 0.0546875
0 0.501953125 0.46875 0.0751953125 0.1181640625
3 0.3330078125 0.384765625 0.0849609375 0.2109375
3 0.32421875 0.1318359375 0.0146484375 0.02734375
2 0.498046875 0.2265625 0.01953125 0.0361328125
2 0.0126953125 0.66015625 0.025390625 0.0703125
3 0.3427734375 0.1923828125 0.033203125 0.08984375
2 0.3173828125 0.173828125 0.0087890625 0.0302734375
3 0.384765625 0.177734375 0.029296875 0.0869140625
3 0.439453125 0.2294921875 0.0615234375 0.146484375
0 0.5556640625 0.67578125 0.0859375 0.2314453125
0 0.4775390625 0.2353515625 0.033203125 0.0703125
3 0.2890625 0.125 0.0146484375 0.048828125