0 0.236328125 0.267578125 0.037109375 0.0712890625
0 0.49609375 0.791015625 0.16796875 0.3251953125
0 0.5595703125 0.349609375 0.060546875 0.1044921875
2 0.1318359375 0.5927734375 0.056640625 0.0908203125
2 0.2880859375 0.3427734375 0.013671875 0.044921875
2 0.978515625 0.625 0.04296875 0.0859375
0 0.4462890625 0.3330078125 0.05859375 0.1025390625
2 0.3017578125 0.5166015625 0.0244140625 0.072265625
0 0.3671875 0.482421875 0.0634765625 0.1064453125
2 0.322265625 0.263671875 0.01171875 0.03515625
0 0.4287109375 0.2275390625 0.0341796875 0.052734375
3 0.3447265625 0.349609375 0.064453125 0.138671875
3 0.2060546875 0.4462890625 0.1142578125 0.1806640625
0 0.3349609375 0.150390625 0.0166015625 0.025390625
2 0.3154296875 0.154296875 0.0068359375 0.0283203125
2 0.62890625 0.857421875 0.0498046875 0.1611328125
2 0.4990234375 0.2880859375 0.0146484375 0.0517578125
0 0.5361328125 0.5556640625 0.08984375 0.150390625
2 0.9306640625 0.54296875 0.04296875 0.080078125
2 0.4814453125 0.6484375 0.03515625 0.1015625
2 0.4794921875 0.2119140625 0.0146484375 0.0322265625
0 0.3583984375 0.1279296875 0.0146484375 0.0224609375
3 0.291015625 0.1298828125 0.01953125 0.05859375