2 0.927734375 0.54296875 0.0537109375 0.09375
0 0.3369140625 0.30078125 0.0361328125 0.068359375
2 0.39453125 0.25 0.01171875 0.0361328125
2 0.314453125 0.1748046875 0.0087890625 0.02734375
2 0.4267578125 0.197265625 0.0078125 0.0263671875
2 0.89453125 0.55078125 0.03515625 0.056640625
2 0.4150390625 0.3212890625 0.0166015625 0.046875
2 0.4775390625 0.2548828125 0.0107421875 0.0322265625
2 0.4794921875 0.2109375 0.0205078125 0.03125
2 0.576171875 0.30078125 0.0400390625 0.04296875
0 0.478515625 0.3046875 0.041015625 0.0703125
3 0.3720703125 0.140625 0.0205078125 0.0458984375
2 0.3056640625 0.2197265625 0.0107421875 0.0322265625
3 0.5244140625 0.4814453125 0.0986328125 0.2646484375
2 0.3798828125 0.1943359375 0.0068359375 0.0244140625
2 0.4052734375 0.2421875 0.009765625 0.0380859375
3 0.33984375 0.2314453125 0.037109375 0.1005859375
2 0.978515625 0.5947265625 0.0419921875 0.1337890625
2 0.2802734375 0.2880859375 0.0126953125 0.03515625
2 0.2978515625 0.2724609375 0.0126953125 0.037109375
0 0.447265625 0.244140625 0.0302734375 0.068359375
2 0.2900390625 0.1689453125 0.01171875 0.0224609375
0 0.8037109375 0.798828125 0.1767578125 0.2841796875
0 0.3369140625 0.1376953125 0.0166015625 0.0380859375
2 0.4423828125 0.392578125 0.017578125 0.060546875
2 0.44140625 0.158203125 0.0087890625 0.0263671875
3 0.40234375 0.146484375 0.013671875 0.0302734375
3 0.3544921875 0.1220703125 0.0126953125 0.0322265625
3 0.3232421875 0.1123046875 0.01171875 0.0244140625
0 0.3955078125 0.208984375 0.0146484375 0.0400390625
0 0.4990234375 0.22265625 0.0302734375 0.0419921875