2 0.9140625 0.541015625 0.0791015625 0.0966796875
2 0.279296875 0.3037109375 0.013671875 0.04296875
2 0.2568359375 0.353515625 0.0146484375 0.0458984375
2 0.294921875 0.376953125 0.015625 0.046875
2 0.2685546875 0.3349609375 0.01171875 0.0390625
0 0.361328125 0.48046875 0.072265625 0.1162109375
2 0.2939453125 0.4951171875 0.025390625 0.0703125
2 0.296875 0.2685546875 0.013671875 0.0380859375
2 0.3291015625 0.359375 0.017578125 0.0498046875
0 0.341796875 0.20703125 0.0244140625 0.0546875
2 0.396484375 0.625 0.0703125 0.091796875
2 0.58203125 0.30078125 0.0322265625 0.0439453125
0 0.3984375 0.2451171875 0.0322265625 0.0712890625
2 0.9755859375 0.6162109375 0.0478515625 0.1064453125
2 0.54296875 0.2587890625 0.01171875 0.025390625
0 0.341796875 0.169921875 0.017578125 0.033203125
2 0.51953125 0.603515625 0.0283203125 0.08984375
0 0.3408203125 0.3056640625 0.0361328125 0.06640625
3 0.484375 0.2529296875 0.0693359375 0.166015625
2 0.2939453125 0.2138671875 0.0107421875 0.037109375
0 0.4169921875 0.16796875 0.0166015625 0.0341796875
0 0.3125 0.1796875 0.025390625 0.044921875
0 0.435546875 0.1923828125 0.021484375 0.046875
2 0.3193359375 0.220703125 0.01953125 0.0390625
2 0.302734375 0.34765625 0.017578125 0.041015625
0 0.357421875 0.1279296875 0.01171875 0.0244140625
0 0.318359375 0.1455078125 0.0146484375 0.0263671875