2 0.9130859375 0.5380859375 0.0703125 0.091796875
0 0.4462890625 0.7314453125 0.1259765625 0.1962890625
0 0.333984375 0.154296875 0.017578125 0.0302734375
0 0.4833984375 0.4150390625 0.0576171875 0.1201171875
0 0.5166015625 0.5439453125 0.0869140625 0.16015625
0 0.470703125 0.2373046875 0.03125 0.0576171875
2 0.4345703125 0.2236328125 0.015625 0.0439453125
2 0.3134765625 0.1826171875 0.0078125 0.0283203125
0 0.36328125 0.505859375 0.072265625 0.1123046875
0 0.2978515625 0.2578125 0.0302734375 0.0625
0 0.4072265625 0.2333984375 0.03125 0.0517578125
2 0.4091796875 0.1884765625 0.0087890625 0.02734375
2 0.3037109375 0.6005859375 0.029296875 0.0849609375
0 0.859375 0.8525390625 0.1640625 0.2587890625
0 0.6630859375 0.6357421875 0.1123046875 0.1806640625
2 0.9775390625 0.625 0.0439453125 0.0849609375
2 0.49609375 0.326171875 0.021484375 0.0634765625
2 0.447265625 0.220703125 0.017578125 0.03515625
2 0.29296875 0.1787109375 0.0068359375 0.029296875
2 0.29296875 0.2978515625 0.0126953125 0.04296875
2 0.3203125 0.1474609375 0.0078125 0.0205078125
3 0.3408203125 0.19921875 0.029296875 0.05859375
3 0.6240234375 0.4306640625 0.109375 0.2490234375
0 0.3720703125 0.125 0.0205078125 0.0302734375
0 0.3544921875 0.1103515625 0.0087890625 0.015625