2 0.2587890625 0.3935546875 0.0166015625 0.0498046875
2 0.384765625 0.1806640625 0.0087890625 0.0263671875
2 0.2587890625 0.5322265625 0.0244140625 0.06640625
0 0.3330078125 0.15625 0.0166015625 0.033203125
0 0.482421875 0.2548828125 0.03515625 0.0634765625
0 0.4052734375 0.1962890625 0.0263671875 0.0419921875
2 0.2158203125 0.4775390625 0.0166015625 0.052734375
2 0.5791015625 0.3056640625 0.037109375 0.03515625
2 0.3525390625 0.4794921875 0.01953125 0.064453125
0 0.3349609375 0.1953125 0.025390625 0.0439453125
0 0.46875 0.40625 0.0615234375 0.138671875
2 0.3203125 0.2734375 0.0126953125 0.033203125
0 0.416015625 0.755859375 0.1923828125 0.3056640625
0 0.40625 0.1640625 0.0185546875 0.03125
3 0.6435546875 0.4736328125 0.09375 0.21875
3 0.9052734375 0.884765625 0.189453125 0.2275390625
3 0.3759765625 0.1376953125 0.0302734375 0.0703125
0 0.5234375 0.5380859375 0.076171875 0.1953125
0 0.4521484375 0.2119140625 0.0322265625 0.05859375