2 0.9150390625 0.5400390625 0.0771484375 0.095703125
0 0.3955078125 0.212890625 0.029296875 0.0419921875
0 0.3818359375 0.1650390625 0.021484375 0.03515625
2 0.974609375 0.634765625 0.0400390625 0.068359375
2 0.4765625 0.2080078125 0.013671875 0.03125
2 0.57421875 0.30078125 0.0380859375 0.04296875
2 0.3408203125 0.173828125 0.0087890625 0.0234375
2 0.12109375 0.576171875 0.0498046875 0.0791015625
2 0.2822265625 0.294921875 0.013671875 0.041015625
2 0.4619140625 0.2001953125 0.0068359375 0.0234375
0 0.55859375 0.375 0.0634765625 0.1123046875
2 0.3154296875 0.19921875 0.0087890625 0.0244140625
0 0.4267578125 0.1943359375 0.0283203125 0.044921875
2 0.9091796875 0.8203125 0.05078125 0.1142578125
2 0.3212890625 0.15625 0.0068359375 0.021484375
2 0.4111328125 0.302734375 0.0146484375 0.048828125
2 0.3046875 0.15234375 0.0068359375 0.0205078125
3 0.3623046875 0.1279296875 0.015625 0.0322265625
2 0.36328125 0.15234375 0.013671875 0.0263671875
3 0.3310546875 0.2822265625 0.0654296875 0.1484375
3 0.4521484375 0.326171875 0.0546875 0.1337890625
2 0.3310546875 0.201171875 0.009765625 0.025390625
0 0.3359375 0.119140625 0.0107421875 0.0205078125
0 0.5244140625 0.52734375 0.0830078125 0.169921875
0 0.498046875 0.8642578125 0.1611328125 0.2568359375
3 0.236328125 0.4755859375 0.1279296875 0.1875
2 0.3544921875 0.5166015625 0.02734375 0.0869140625
2 0.326171875 0.134765625 0.0068359375 0.015625
2 0.2900390625 0.169921875 0.01171875 0.0224609375
0 0.400390625 0.146484375 0.021484375 0.0341796875
3 0.044921875 0.66015625 0.0888671875 0.2109375
3 0.2880859375 0.1201171875 0.013671875 0.0400390625
0 0.3759765625 0.1357421875 0.009765625 0.0244140625