2 0.46484375 0.2265625 0.0107421875 0.03125
2 0.2705078125 0.328125 0.013671875 0.0400390625
2 0.337890625 0.2734375 0.01171875 0.0390625
3 0.3701171875 0.1337890625 0.0205078125 0.0458984375
2 0.302734375 0.271484375 0.01171875 0.0341796875
2 0.490234375 0.306640625 0.013671875 0.0439453125
2 0.3486328125 0.189453125 0.0087890625 0.033203125
2 0.322265625 0.25390625 0.0126953125 0.0361328125
0 0.3251953125 0.1875 0.0224609375 0.0419921875
0 0.4169921875 0.1640625 0.0166015625 0.033203125
2 0.3076171875 0.328125 0.0146484375 0.04296875
0 0.4560546875 0.375 0.060546875 0.12109375
2 0.478515625 0.576171875 0.0361328125 0.09765625
2 0.310546875 0.4091796875 0.0185546875 0.0556640625
0 0.3232421875 0.16015625 0.015625 0.0263671875
2 0.978515625 0.6220703125 0.04296875 0.091796875
2 0.431640625 0.216796875 0.0087890625 0.0283203125
3 0.3310546875 0.125 0.0244140625 0.0380859375
0 0.419921875 0.2734375 0.0380859375 0.0859375
3 0.60546875 0.4912109375 0.185546875 0.2998046875
0 0.357421875 0.125 0.01171875 0.025390625
3 0.2900390625 0.123046875 0.017578125 0.046875
3 0.8583984375 0.822265625 0.2666015625 0.34375
0 0.3837890625 0.4794921875 0.1015625 0.173828125
0 0.51953125 0.8916015625 0.15625 0.2109375