2 0.578125 0.30078125 0.037109375 0.044921875
2 0.92578125 0.5419921875 0.0517578125 0.0927734375
2 0.5439453125 0.2548828125 0.009765625 0.03125
0 0.236328125 0.2666015625 0.0361328125 0.068359375
2 0.294921875 0.232421875 0.009765625 0.0341796875
2 0.5380859375 0.6513671875 0.0302734375 0.09375
2 0.572265625 0.5166015625 0.0263671875 0.0791015625
0 0.3486328125 0.244140625 0.0302734375 0.0517578125
2 0.4765625 0.2109375 0.013671875 0.029296875
2 0.4873046875 0.638671875 0.03515625 0.0986328125
2 0.4384765625 0.4609375 0.0205078125 0.0751953125
0 0.388671875 0.1982421875 0.0263671875 0.0478515625
0 0.396484375 0.142578125 0.0166015625 0.0322265625
0 0.29296875 0.3076171875 0.041015625 0.064453125
2 0.310546875 0.22265625 0.01171875 0.0322265625
0 0.390625 0.625 0.0927734375 0.162109375
2 0.978515625 0.5908203125 0.04296875 0.14453125
0 0.4736328125 0.880859375 0.1572265625 0.2236328125
0 0.419921875 0.2734375 0.0380859375 0.0830078125
0 0.4970703125 0.470703125 0.0751953125 0.1591796875
3 0.337890625 0.1884765625 0.0322265625 0.0966796875
2 0.3203125 0.2607421875 0.0078125 0.037109375
3 0.380859375 0.1396484375 0.0126953125 0.029296875
3 0.201171875 0.4736328125 0.1826171875 0.2607421875
3 0.3388671875 0.1220703125 0.013671875 0.0224609375