0 0.3388671875 0.228515625 0.029296875 0.0498046875
2 0.314453125 0.1962890625 0.0087890625 0.0322265625
0 0.36328125 0.13671875 0.0126953125 0.0185546875
0 0.4140625 0.271484375 0.037109375 0.0625
0 0.375 0.1630859375 0.0205078125 0.0283203125
0 0.2587890625 0.46484375 0.072265625 0.1015625
3 0.5322265625 0.3759765625 0.1328125 0.2958984375
3 0.3359375 0.123046875 0.0205078125 0.0361328125
0 0.4111328125 0.1650390625 0.029296875 0.03515625
3 0.3916015625 0.7958984375 0.33203125 0.4072265625
0 0.30859375 0.1337890625 0.01171875 0.0205078125
3 0.2890625 0.1240234375 0.0146484375 0.044921875
0 0.322265625 0.1259765625 0.0166015625 0.0234375
3 0.412109375 0.2138671875 0.037109375 0.0712890625
0 0.4677734375 0.2412109375 0.0302734375 0.068359375
0 0.6171875 0.40625 0.0458984375 0.126953125