2 0.9755859375 0.61328125 0.0458984375 0.111328125
2 0.92578125 0.54296875 0.0537109375 0.09375
0 0.234375 0.2666015625 0.037109375 0.0712890625
0 0.322265625 0.208984375 0.0263671875 0.044921875
2 0.283203125 0.2978515625 0.0107421875 0.0341796875
2 0.3115234375 0.177734375 0.0078125 0.0263671875
0 0.369140625 0.134765625 0.013671875 0.0224609375
2 0.240234375 0.341796875 0.01953125 0.044921875
2 0.4150390625 0.203125 0.009765625 0.0263671875
3 0.3857421875 0.5556640625 0.126953125 0.265625
2 0.8916015625 0.55078125 0.03125 0.0556640625
2 0.5791015625 0.30078125 0.0361328125 0.0537109375
2 0.3203125 0.1513671875 0.0087890625 0.01953125
3 0.337890625 0.126953125 0.017578125 0.03515625
0 0.384765625 0.134765625 0.013671875 0.017578125
0 0.5615234375 0.482421875 0.07421875 0.1640625
2 0.474609375 0.208984375 0.0107421875 0.02734375
0 0.505859375 0.27734375 0.04296875 0.076171875
2 0.419921875 0.1640625 0.0185546875 0.0224609375
2 0.544921875 0.25 0.0078125 0.0263671875
0 0.3388671875 0.18359375 0.0244140625 0.05078125
0 0.3544921875 0.1298828125 0.009765625 0.017578125
2 0.4638671875 0.205078125 0.0087890625 0.0234375
2 0.4736328125 0.5732421875 0.03515625 0.0869140625
2 0.4345703125 0.2548828125 0.0126953125 0.04296875
2 0.275390625 0.6650390625 0.03515625 0.08984375