2 0.92578125 0.5400390625 0.0517578125 0.087890625
2 0.576171875 0.2998046875 0.0390625 0.04296875
2 0.7568359375 0.6015625 0.037109375 0.099609375
0 0.4365234375 0.2451171875 0.03515625 0.0595703125
2 0.314453125 0.234375 0.01171875 0.0380859375
2 0.892578125 0.5458984375 0.03125 0.0634765625
0 0.525390625 0.5712890625 0.0830078125 0.166015625
0 0.408203125 0.16015625 0.01953125 0.041015625
2 0.4130859375 0.197265625 0.0107421875 0.0283203125
0 0.4814453125 0.3125 0.0498046875 0.07421875
2 0.3095703125 0.2685546875 0.0146484375 0.041015625
2 0.9765625 0.6328125 0.046875 0.078125
0 0.36328125 0.5009765625 0.0712890625 0.11328125
2 0.3154296875 0.2001953125 0.013671875 0.0322265625
0 0.4853515625 0.4267578125 0.0595703125 0.1298828125
0 0.3134765625 0.400390625 0.048828125 0.09765625
2 0.4775390625 0.5224609375 0.02734375 0.080078125
2 0.2646484375 0.478515625 0.0185546875 0.0625
3 0.359375 0.1259765625 0.0146484375 0.02734375
3 0.3408203125 0.189453125 0.0302734375 0.0986328125
2 0.3330078125 0.263671875 0.01171875 0.03515625
0 0.8955078125 0.8564453125 0.2041015625 0.279296875
0 0.3095703125 0.1689453125 0.021484375 0.037109375
3 0.3291015625 0.1337890625 0.0283203125 0.0439453125
3 0.2880859375 0.12109375 0.013671875 0.04296875