2 0.92578125 0.5439453125 0.052734375 0.0927734375
2 0.3671875 0.1708984375 0.0087890625 0.0263671875
2 0.8935546875 0.5498046875 0.0322265625 0.0556640625
2 0.326171875 0.23046875 0.009765625 0.037109375
2 0.3037109375 0.80078125 0.0341796875 0.095703125
2 0.4677734375 0.25390625 0.0107421875 0.0380859375
2 0.4873046875 0.4921875 0.0224609375 0.0791015625
3 0.423828125 0.6220703125 0.1435546875 0.298828125
2 0.5771484375 0.3056640625 0.0390625 0.033203125
2 0.9775390625 0.59375 0.0439453125 0.1337890625
2 0.31640625 0.1806640625 0.0068359375 0.029296875
2 0.275390625 0.591796875 0.0234375 0.080078125
0 0.3671875 0.1435546875 0.0126953125 0.03125
3 0.3388671875 0.4140625 0.0634765625 0.1611328125
2 0.3857421875 0.201171875 0.009765625 0.0400390625
0 0.4169921875 0.169921875 0.02734375 0.0439453125
0 0.3974609375 0.142578125 0.0146484375 0.0283203125
2 0.3603515625 0.9296875 0.05078125 0.12890625
2 0.255859375 0.505859375 0.0244140625 0.068359375
3 0.3349609375 0.1416015625 0.021484375 0.064453125
2 0.458984375 0.1953125 0.0126953125 0.037109375
2 0.26953125 0.4140625 0.0146484375 0.048828125
0 0.8798828125 0.8408203125 0.18359375 0.283203125
3 0.4267578125 0.26953125 0.052734375 0.1171875
2 0.4755859375 0.208984375 0.0166015625 0.033203125
0 0.404296875 0.208984375 0.0234375 0.0478515625
0 0.5791015625 0.9716796875 0.1416015625 0.0546875