0 0.4091796875 0.228515625 0.03125 0.060546875
2 0.587890625 0.46875 0.0283203125 0.078125
2 0.568359375 0.2998046875 0.025390625 0.03515625
0 0.4365234375 0.203125 0.0283203125 0.052734375
2 0.65234375 0.6083984375 0.029296875 0.0986328125
2 0.40625 0.1513671875 0.0107421875 0.0244140625
0 0.478515625 0.3740234375 0.052734375 0.123046875
0 0.9140625 0.84765625 0.169921875 0.2900390625
0 0.36328125 0.1337890625 0.0146484375 0.0341796875
0 0.384765625 0.1337890625 0.017578125 0.03125
0 0.3837890625 0.1630859375 0.01953125 0.033203125
0 0.31640625 0.14453125 0.0166015625 0.03125
0 0.3359375 0.3505859375 0.0498046875 0.12890625