2 0.466796875 0.6669921875 0.0361328125 0.103515625
2 0.341796875 0.4443359375 0.0205078125 0.072265625
2 0.0966796875 0.580078125 0.0478515625 0.0888671875
0 0.4208984375 0.294921875 0.0419921875 0.0712890625
3 0.224609375 0.4814453125 0.1748046875 0.2392578125
0 0.45703125 0.236328125 0.0361328125 0.0546875
2 0.3935546875 0.6181640625 0.0654296875 0.1044921875
0 0.373046875 0.1513671875 0.0185546875 0.033203125
0 0.392578125 0.177734375 0.0244140625 0.0439453125
0 0.3857421875 0.1416015625 0.0146484375 0.03125
2 0.306640625 0.17578125 0.0087890625 0.0263671875
0 0.416015625 0.2392578125 0.037109375 0.060546875
2 0.3154296875 0.205078125 0.013671875 0.0322265625
2 0.318359375 0.4052734375 0.01953125 0.064453125
2 0.3369140625 0.328125 0.0166015625 0.04296875
2 0.322265625 0.171875 0.013671875 0.0400390625
0 0.3212890625 0.2421875 0.02734375 0.0615234375
3 0.2919921875 0.1337890625 0.02734375 0.072265625
3 0.3427734375 0.1875 0.03515625 0.0791015625
3 0.271484375 0.283203125 0.064453125 0.146484375
3 0.537109375 0.3203125 0.08984375 0.20703125
0 0.978515625 0.5927734375 0.04296875 0.123046875
0 0.6064453125 0.9638671875 0.1416015625 0.06640625