2 0.8974609375 0.5419921875 0.0419921875 0.0732421875
0 0.3369140625 0.1357421875 0.0146484375 0.017578125
2 0.3095703125 0.171875 0.0068359375 0.0224609375
0 0.4091796875 0.234375 0.0302734375 0.0546875
0 0.53125 0.3056640625 0.0439453125 0.0712890625
2 0.3935546875 0.1611328125 0.0068359375 0.0205078125
2 0.970703125 0.6396484375 0.033203125 0.056640625
2 0.31640625 0.1611328125 0.0068359375 0.025390625
2 0.3046875 0.537109375 0.025390625 0.076171875
0 0.2353515625 0.265625 0.03515625 0.072265625
3 0.3408203125 0.2177734375 0.0380859375 0.126953125
2 0.49609375 0.337890625 0.013671875 0.048828125
0 0.5556640625 0.4873046875 0.08984375 0.134765625
2 0.3720703125 0.931640625 0.056640625 0.1337890625
2 0.416015625 0.203125 0.0087890625 0.021484375
2 0.4775390625 0.2109375 0.0146484375 0.0341796875
2 0.3896484375 0.140625 0.0087890625 0.0185546875
2 0.3369140625 0.779296875 0.0478515625 0.1337890625
2 0.5791015625 0.3017578125 0.0361328125 0.041015625
2 0.443359375 0.17578125 0.009765625 0.0244140625
0 0.7197265625 0.71875 0.14453125 0.212890625
3 0.357421875 0.12109375 0.0166015625 0.0322265625
3 0.3203125 0.12109375 0.0146484375 0.03515625
3 0.4140625 0.712962962890625 0.418229166015625 0.70092592578125 0.421875 0.70277777734375 0.427083333984375 0.69907407421875 0.430729166015625 0.70462962890625 0.428645833984375 0.737962962890625 0.421354166015625 0.7555555546875 0.423958333984375 0.764814814453125 0.425520833984375 0.79907407421875 0.420833333984375 0.841666666015625 0.421875 0.8555555546875 0.425 0.8731481484375 0.432291666015625 0.889814814453125 0.430729166015625 0.908333333984375 0.428645833984375 0.911111111328125 0.430729166015625 0.918518517578125 0.428645833984375 0.925 0.433854166015625 0.956481482421875 0.4390625 0.971296296875 0.443229166015625 0.97037037109375 0.454166666015625 0.993518517578125 0.459375 0.99907407421875 0.913020833984375 0.99907407421875 0.925 0.99537037109375 0.643229166015625 0.646296296875 0.599479166015625 0.596296296875 0.566145833984375 0.59907407421875 0.516145833984375 0.613888888671875 0.471875 0.621296296875 0.463020833984375 0.6194444453125 0.456770833984375 0.62407407421875 0.44375 0.62592592578125 0.441666666015625 0.632407408203125 0.444270833984375 0.64907407421875 0.44375 0.6731481484375 0.440625 0.686111111328125 0.4125 0.685185185546875 0.403645833984375 0.689814814453125 0.4 0.69537037109375 0.399479166015625 0.716666666015625 0.403645833984375 0.7231481484375 0.408333333984375 0.721296296875 0.4140625 0.712962962890625