2 0.92578125 0.5419921875 0.052734375 0.091796875
0 0.234375 0.2666015625 0.0361328125 0.0693359375
0 0.4921875 0.21875 0.0244140625 0.0478515625
2 0.978515625 0.62109375 0.04296875 0.09375
2 0.5771484375 0.3017578125 0.041015625 0.04296875
0 0.337890625 0.16796875 0.0205078125 0.0458984375
2 0.544921875 0.2509765625 0.009765625 0.0341796875
2 0.365234375 0.158203125 0.0068359375 0.0224609375
3 0.3349609375 0.12890625 0.0234375 0.041015625
0 0.3095703125 0.17578125 0.0205078125 0.0380859375
2 0.380859375 0.140625 0.0087890625 0.0166015625
3 0.333984375 0.2333984375 0.0380859375 0.0869140625
2 0.31640625 0.1943359375 0.0068359375 0.025390625
2 0.9111328125 0.8408203125 0.0576171875 0.134765625
0 0.4599609375 0.228515625 0.0322265625 0.060546875
2 0.400390625 0.177734375 0.0087890625 0.0263671875
0 0.35546875 0.12890625 0.0087890625 0.0146484375
2 0.40625 0.228515625 0.009765625 0.0341796875
2 0.892578125 0.5478515625 0.0322265625 0.048828125
3 0.3662109375 0.12890625 0.01171875 0.029296875
2 0.2734375 0.3857421875 0.0166015625 0.046875
0 0.43359375 0.681640625 0.11328125 0.1806640625
0 0.2333984375 0.4951171875 0.09765625 0.123046875
0 0.5029296875 0.8916015625 0.1533203125 0.2138671875
0 0.244140625 0.197265625 0.0205078125 0.0380859375
3 0.2890625 0.12109375 0.0146484375 0.0400390625
0 0.560546875 0.375 0.07421875 0.1435546875
0 0.0234375 0.927734375 0.0458984375 0.1396484375