0 0.3369140625 0.4365234375 0.05859375 0.10546875
3 0.4765625 0.37109375 0.0849609375 0.2001953125
3 0.341796875 0.2958984375 0.056640625 0.13671875
0 0.5166015625 0.5693359375 0.080078125 0.150390625
2 0.3017578125 0.546875 0.0322265625 0.0859375
3 0.337890625 0.134765625 0.025390625 0.048828125
2 0.4658203125 0.5400390625 0.02734375 0.0830078125
0 0.3740234375 0.181640625 0.0166015625 0.041015625
0 0.58984375 0.373046875 0.0673828125 0.1240234375
2 0.154296875 0.95703125 0.1064453125 0.0791015625
2 0.9775390625 0.6220703125 0.044921875 0.091796875
0 0.3388671875 0.16015625 0.015625 0.017578125
3 0.4423828125 0.232421875 0.076171875 0.1123046875
0 0.2841796875 0.1923828125 0.0390625 0.0419921875
3 0.365234375 0.1328125 0.0166015625 0.0400390625
0 0.31640625 0.1611328125 0.0185546875 0.0244140625
0 0.521484375 0.3505859375 0.0283203125 0.0869140625
3 0.2880859375 0.1259765625 0.015625 0.052734375