2 0.2177734375 0.8740234375 0.083984375 0.130859375
2 0.396484375 0.1494140625 0.0078125 0.017578125
0 0.5595703125 0.4736328125 0.0810546875 0.142578125
2 0.3408203125 0.7958984375 0.046875 0.111328125
0 0.357421875 0.123046875 0.0205078125 0.0322265625
2 0.4404296875 0.2314453125 0.009765625 0.0390625
2 0.57421875 0.3037109375 0.0361328125 0.0361328125
2 0.4677734375 0.3046875 0.0126953125 0.0458984375
2 0.3037109375 0.14453125 0.0068359375 0.0234375
2 0.9765625 0.611328125 0.046875 0.10546875
0 0.33203125 0.1240234375 0.0146484375 0.02734375
2 0.3759765625 0.1337890625 0.0107421875 0.0205078125
3 0.2890625 0.12109375 0.0146484375 0.041015625