0 0.5517578125 0.6611328125 0.0888671875 0.1923828125
0 0.3369140625 0.1669921875 0.0205078125 0.037109375
0 0.408203125 0.2353515625 0.03125 0.0517578125
0 0.3798828125 0.1767578125 0.0205078125 0.037109375
0 0.248046875 0.419921875 0.0732421875 0.1015625
2 0.4697265625 0.419921875 0.0185546875 0.06640625
2 0.4072265625 0.2822265625 0.013671875 0.0537109375
0 0.34375 0.265625 0.0341796875 0.052734375
3 0.3212890625 0.1318359375 0.0146484375 0.0302734375
2 0.611328125 0.4619140625 0.021484375 0.0693359375
0 0.6396484375 0.5693359375 0.0986328125 0.1376953125
2 0.314453125 0.1640625 0.0068359375 0.0244140625
0 0.41796875 0.1630859375 0.0224609375 0.0419921875
3 0.3330078125 0.1220703125 0.017578125 0.03515625
3 0.82421875 0.6962890625 0.1728515625 0.2744140625
3 0.2890625 0.119140625 0.0126953125 0.044921875
0 0.3583984375 0.126953125 0.0087890625 0.0224609375