2 0.892578125 0.5458984375 0.0302734375 0.0673828125
2 0.4345703125 0.224609375 0.0107421875 0.033203125
2 0.919921875 0.541015625 0.037109375 0.0927734375
2 0.4267578125 0.1962890625 0.0107421875 0.0302734375
0 0.3037109375 0.294921875 0.0400390625 0.0625
0 0.34765625 0.2646484375 0.033203125 0.056640625
0 0.3154296875 0.1650390625 0.021484375 0.0390625
0 0.142578125 0.6015625 0.1240234375 0.130859375
2 0.3916015625 0.2431640625 0.009765625 0.0341796875
2 0.416015625 0.24609375 0.0107421875 0.0380859375
0 0.2412109375 0.2626953125 0.0478515625 0.0673828125
2 0.615234375 0.44921875 0.0224609375 0.0712890625
0 0.3837890625 0.13671875 0.0146484375 0.03125
0 0.416015625 0.162109375 0.01953125 0.037109375
2 0.9765625 0.6298828125 0.0439453125 0.078125
0 0.3818359375 0.169921875 0.0205078125 0.0390625
3 0.3603515625 0.12109375 0.0185546875 0.0400390625
0 0.49609375 0.4521484375 0.0693359375 0.1357421875
2 0.5810546875 0.30078125 0.0322265625 0.0439453125
2 0.2763671875 0.2861328125 0.0126953125 0.0400390625
2 0.3955078125 0.1923828125 0.0087890625 0.0302734375
2 0.931640625 0.8876953125 0.0625 0.1533203125
0 0.3671875 0.146484375 0.0126953125 0.0302734375
0 0.3115234375 0.2236328125 0.029296875 0.0537109375
2 0.482421875 0.548828125 0.0224609375 0.068359375
2 0.283203125 0.248046875 0.0185546875 0.0341796875
2 0.5185546875 0.255859375 0.0146484375 0.0390625
2 0.3232421875 0.1943359375 0.0068359375 0.029296875
3 0.337890625 0.146484375 0.0234375 0.041015625
0 0.1943359375 0.87109375 0.2724609375 0.2529296875
3 0.2900390625 0.1240234375 0.0166015625 0.0478515625
0 0.4814453125 0.6767578125 0.1201171875 0.1962890625
0 0.2861328125 0.1904296875 0.0263671875 0.0390625
0 0.2451171875 0.19921875 0.0224609375 0.044921875