0 0.3525390625 0.4794921875 0.064453125 0.1103515625
2 0.9140625 0.541015625 0.0732421875 0.08984375
2 0.576171875 0.302734375 0.0380859375 0.0419921875
2 0.3095703125 0.3955078125 0.0185546875 0.0576171875
0 0.2353515625 0.267578125 0.037109375 0.0693359375
0 0.4609375 0.263671875 0.0380859375 0.0732421875
2 0.978515625 0.5908203125 0.0419921875 0.1484375
2 0.4267578125 0.599609375 0.05859375 0.091796875
0 0.3125 0.1669921875 0.0205078125 0.0400390625
2 0.482421875 0.5068359375 0.0234375 0.0751953125
2 0.3388671875 0.6103515625 0.029296875 0.0859375
2 0.2890625 0.2275390625 0.009765625 0.029296875
2 0.5009765625 0.6484375 0.0302734375 0.0947265625
0 0.447265625 0.205078125 0.029296875 0.0556640625
0 0.3857421875 0.1796875 0.021484375 0.046875
2 0.4765625 0.2080078125 0.0205078125 0.0361328125
2 0.3955078125 0.205078125 0.009765625 0.029296875
0 0.4072265625 0.1630859375 0.017578125 0.0400390625
0 0.3408203125 0.1943359375 0.0205078125 0.02734375
3 0.5712890625 0.69921875 0.1083984375 0.2763671875
3 0.333984375 0.25390625 0.0419921875 0.0966796875
3 0.2880859375 0.1240234375 0.0146484375 0.046875
0 0.3603515625 0.1318359375 0.0087890625 0.015625
3 0.287109375 0.32421875 0.0498046875 0.1025390625
3 0.853515625 0.8173828125 0.1875 0.2333984375
0 0.244140625 0.201171875 0.021484375 0.048828125