0 0.2392578125 0.26171875 0.0400390625 0.068359375
0 0.259765625 0.4501953125 0.0517578125 0.1015625
0 0.3466796875 0.3896484375 0.048828125 0.0810546875
3 0.337890625 0.2744140625 0.0537109375 0.1171875
0 0.16015625 0.6005859375 0.146484375 0.138671875
0 0.306640625 0.333984375 0.04296875 0.080078125
0 0.51171875 0.4638671875 0.0849609375 0.1416015625
3 0.4599609375 0.3486328125 0.080078125 0.169921875
3 0.3076171875 0.1787109375 0.0302734375 0.0751953125
2 0.4521484375 0.4794921875 0.0234375 0.0771484375
2 0.505859375 0.6259765625 0.0322265625 0.0986328125
0 0.4130859375 0.2255859375 0.0361328125 0.0517578125
0 0.298828125 0.25390625 0.0302734375 0.052734375
0 0.384765625 0.185546875 0.0244140625 0.05859375
2 0.5625 0.3818359375 0.01953125 0.056640625
0 0.265625 0.3740234375 0.0478515625 0.080078125
3 0.341796875 0.1884765625 0.0419921875 0.0625
2 0.4765625 0.2099609375 0.0126953125 0.0283203125
2 0.6103515625 0.4384765625 0.0263671875 0.0703125
3 0.3818359375 0.1376953125 0.015625 0.0302734375
0 0.7080078125 0.609375 0.1064453125 0.16015625
0 0.412109375 0.294921875 0.021484375 0.0849609375
2 0.3212890625 0.6201171875 0.06640625 0.095703125
0 0.408203125 0.1611328125 0.0166015625 0.0263671875
0 0.365234375 0.13671875 0.0146484375 0.0283203125
0 0.408203125 0.7783203125 0.1748046875 0.294921875
0 0.9775390625 0.6005859375 0.0439453125 0.1220703125
0 0.3486328125 0.466796875 0.05859375 0.1015625