0 0.337890625 0.2666015625 0.033203125 0.0654296875
2 0.43359375 0.2431640625 0.0107421875 0.0341796875
0 0.3681640625 0.5126953125 0.07421875 0.115234375
0 0.490234375 0.37109375 0.0556640625 0.0888671875
0 0.3681640625 0.1591796875 0.015625 0.0419921875
2 0.388671875 0.23046875 0.009765625 0.03125
2 0.58203125 0.392578125 0.0185546875 0.060546875
2 0.2822265625 0.2490234375 0.01171875 0.0419921875
2 0.3818359375 0.1904296875 0.0087890625 0.0263671875
2 0.4794921875 0.259765625 0.01171875 0.044921875
0 0.517578125 0.310546875 0.0517578125 0.0927734375
2 0.318359375 0.248046875 0.0107421875 0.03125
2 0.5751953125 0.302734375 0.03515625 0.0390625
2 0.4833984375 0.53515625 0.0302734375 0.09375
3 0.3359375 0.1416015625 0.015625 0.0283203125
3 0.3974609375 0.1630859375 0.0205078125 0.04296875
2 0.3037109375 0.1513671875 0.0087890625 0.0263671875
0 0.318359375 0.1484375 0.013671875 0.0263671875
0 0.41796875 0.1669921875 0.0185546875 0.0390625
3 0.8544921875 0.8037109375 0.2802734375 0.376953125