2 0.978515625 0.62109375 0.04296875 0.095703125
3 0.3359375 0.123046875 0.0166015625 0.0380859375
2 0.404296875 0.65625 0.0615234375 0.0966796875
2 0.556640625 0.4306640625 0.0244140625 0.0751953125
2 0.57421875 0.3017578125 0.03515625 0.0400390625
0 0.3408203125 0.232421875 0.02734375 0.048828125
2 0.6357421875 0.4736328125 0.02734375 0.0751953125
2 0.2919921875 0.740234375 0.048828125 0.09765625
0 0.4833984375 0.818359375 0.146484375 0.25
2 0.3046875 0.2666015625 0.0107421875 0.0390625
2 0.4951171875 0.2734375 0.013671875 0.041015625
2 0.3818359375 0.1787109375 0.0107421875 0.0322265625
3 0.4248046875 0.2421875 0.0654296875 0.1240234375
0 0.1650390625 0.8408203125 0.263671875 0.306640625
2 0.560546875 0.794921875 0.033203125 0.0966796875
0 0.4189453125 0.162109375 0.017578125 0.0322265625
2 0.2958984375 0.232421875 0.0107421875 0.03515625
2 0.4013671875 0.955078125 0.0458984375 0.0869140625
3 0.380859375 0.1396484375 0.0166015625 0.041015625
0 0.3193359375 0.1494140625 0.0166015625 0.0263671875
0 0.404296875 0.1474609375 0.013671875 0.03125
3 0.3232421875 0.126953125 0.013671875 0.0263671875
0 0.3583984375 0.126953125 0.0126953125 0.02734375
0 0.3671875 0.1337890625 0.009765625 0.0244140625