0 0.3974609375 0.1435546875 0.0185546875 0.0322265625
0 0.515625 0.5478515625 0.0869140625 0.1591796875
2 0.3017578125 0.1962890625 0.0087890625 0.0263671875
3 0.337890625 0.1240234375 0.01953125 0.037109375
2 0.3173828125 0.171875 0.0068359375 0.0263671875
2 0.9794921875 0.6171875 0.041015625 0.09765625
0 0.482421875 0.4140625 0.0546875 0.1162109375
2 0.326171875 0.142578125 0.0068359375 0.025390625
0 0.5634765625 0.4228515625 0.0732421875 0.1123046875
0 0.3388671875 0.1689453125 0.01953125 0.046875
2 0.5771484375 0.302734375 0.0341796875 0.041015625
0 0.275390625 0.3662109375 0.048828125 0.0908203125
0 0.3466796875 0.228515625 0.025390625 0.052734375
3 0.3740234375 0.5263671875 0.1142578125 0.2333984375
2 0.40234375 0.1708984375 0.0068359375 0.025390625
2 0.326171875 0.3525390625 0.0126953125 0.0458984375
3 0.7802734375 0.720703125 0.2021484375 0.3857421875
2 0.3154296875 0.1376953125 0.0078125 0.0263671875
2 0.333984375 0.2001953125 0.009765625 0.0244140625
0 0.64453125 0.5126953125 0.078125 0.138671875
2 0.521484375 0.3896484375 0.0205078125 0.05859375
2 0.9150390625 0.5439453125 0.068359375 0.0859375
0 0.3505859375 0.2998046875 0.0341796875 0.072265625
0 0.361328125 0.125 0.017578125 0.02734375
3 0.2939453125 0.2578125 0.044921875 0.0830078125
3 0.2880859375 0.123046875 0.0146484375 0.044921875
0 0.4951171875 0.2177734375 0.02734375 0.0517578125