2 0.900390625 0.5380859375 0.0458984375 0.083984375
2 0.974609375 0.630859375 0.041015625 0.080078125
2 0.576171875 0.30078125 0.04296875 0.04296875
0 0.341796875 0.3369140625 0.0400390625 0.064453125
0 0.236328125 0.2666015625 0.0361328125 0.0693359375
0 0.3798828125 0.1337890625 0.013671875 0.0263671875
0 0.4306640625 0.1875 0.0224609375 0.0458984375
0 0.419921875 0.2529296875 0.033203125 0.0615234375
2 0.302734375 0.5478515625 0.0419921875 0.080078125
3 0.3095703125 0.2734375 0.056640625 0.1298828125
0 0.4423828125 0.314453125 0.044921875 0.1005859375
3 0.359375 0.1259765625 0.017578125 0.03515625
0 0.4130859375 0.169921875 0.0185546875 0.037109375
0 0.4501953125 0.232421875 0.0283203125 0.0634765625
2 0.544921875 0.255859375 0.01171875 0.03125
2 0.6591796875 0.5615234375 0.029296875 0.0830078125
0 0.34375 0.193359375 0.021484375 0.046875
3 0.302734375 0.4306640625 0.115234375 0.1689453125
0 0.3134765625 0.1630859375 0.01953125 0.0361328125
0 0.1865234375 0.50390625 0.08984375 0.1181640625
2 0.478515625 0.2099609375 0.013671875 0.037109375
2 0.3037109375 0.1953125 0.0087890625 0.0263671875
3 0.390625 0.189453125 0.0322265625 0.0751953125
2 0.501953125 0.2353515625 0.0107421875 0.033203125
3 0.2880859375 0.1220703125 0.013671875 0.04296875
3 0.3359375 0.150390625 0.0283203125 0.0634765625
0 0.3994140625 0.140625 0.0146484375 0.0234375
3 0.3466796875 0.248046875 0.029296875 0.0888671875
0 0.0322265625 0.7119140625 0.0634765625 0.1337890625