0 0.236328125 0.265625 0.037109375 0.0703125
2 0.904296875 0.5341796875 0.0546875 0.087890625
2 0.9765625 0.6298828125 0.0439453125 0.078125
2 0.576171875 0.3037109375 0.037109375 0.0390625
2 0.544921875 0.25390625 0.01171875 0.0302734375
3 0.310546875 0.2685546875 0.056640625 0.1337890625
0 0.4267578125 0.181640625 0.021484375 0.044921875
2 0.515625 0.3603515625 0.0166015625 0.05078125
0 0.341796875 0.33984375 0.041015625 0.0703125
0 0.4052734375 0.2275390625 0.0263671875 0.0537109375
0 0.37890625 0.1318359375 0.0126953125 0.0224609375
0 0.3837890625 0.177734375 0.0224609375 0.052734375
0 0.408203125 0.1669921875 0.0205078125 0.03515625
3 0.3369140625 0.1513671875 0.02734375 0.0751953125
2 0.357421875 0.5751953125 0.048828125 0.08984375
2 0.4658203125 0.2001953125 0.013671875 0.0380859375
0 0.3115234375 0.1728515625 0.0205078125 0.0390625
0 0.447265625 0.21875 0.025390625 0.0576171875
3 0.396484375 0.142578125 0.0146484375 0.029296875
3 0.3466796875 0.23046875 0.02734375 0.0537109375
3 0.3037109375 0.4306640625 0.1171875 0.1650390625
0 0.1416015625 0.564453125 0.125 0.1376953125
2 0.4794921875 0.20703125 0.0126953125 0.0361328125
0 0.3583984375 0.1298828125 0.0146484375 0.0244140625
2 0.5 0.23046875 0.0126953125 0.033203125
0 0.1865234375 0.1650390625 0.025390625 0.0283203125
0 0.3212890625 0.134765625 0.0107421875 0.025390625