2 0.8955078125 0.5439453125 0.0361328125 0.0703125
2 0.5751953125 0.302734375 0.041015625 0.041015625
0 0.58984375 0.4404296875 0.0810546875 0.134765625
0 0.3505859375 0.466796875 0.0634765625 0.1103515625
2 0.283203125 0.30078125 0.01171875 0.03515625
2 0.4345703125 0.1962890625 0.009765625 0.0263671875
2 0.7578125 0.611328125 0.0390625 0.1005859375
2 0.3173828125 0.154296875 0.005859375 0.0234375
2 0.298828125 0.3525390625 0.015625 0.0546875
0 0.34375 0.3544921875 0.0439453125 0.0791015625
2 0.3056640625 0.15234375 0.0068359375 0.0234375
2 0.4345703125 0.330078125 0.017578125 0.0478515625
2 0.2841796875 0.3837890625 0.0166015625 0.0537109375
0 0.4140625 0.16015625 0.0205078125 0.0390625
0 0.3408203125 0.275390625 0.03515625 0.0615234375
2 0.240234375 0.4453125 0.0205078125 0.0556640625
2 0.294921875 0.2451171875 0.009765625 0.025390625
3 0.3671875 0.13671875 0.0224609375 0.052734375
2 0.3857421875 0.2197265625 0.0107421875 0.03515625
0 0.4599609375 0.275390625 0.0498046875 0.0712890625
2 0.2978515625 0.5302734375 0.0244140625 0.07421875
2 0.2646484375 0.4677734375 0.0205078125 0.0615234375
2 0.296875 0.212890625 0.01171875 0.03515625
3 0.328125 0.205078125 0.0341796875 0.0703125
0 0.3896484375 0.16796875 0.0205078125 0.041015625
2 0.3115234375 0.294921875 0.01171875 0.04296875
3 0.0546875 0.6298828125 0.109375 0.263671875
0 0.4677734375 0.419921875 0.03515625 0.099609375
2 0.9716796875 0.638671875 0.033203125 0.060546875
2 0.6083984375 0.591796875 0.025390625 0.0947265625
3 0.9150390625 0.861328125 0.166015625 0.2607421875
3 0.4375 0.6787109375 0.166015625 0.2880859375
0 0.546875 0.5966796875 0.0986328125 0.2001953125