2 0.9140625 0.54296875 0.076171875 0.0908203125
0 0.1220703125 0.607421875 0.1328125 0.1318359375
0 0.2373046875 0.2646484375 0.041015625 0.0693359375
2 0.9736328125 0.6337890625 0.0380859375 0.0693359375
0 0.494140625 0.21875 0.025390625 0.0478515625
2 0.57421875 0.3017578125 0.0439453125 0.044921875
0 0.36328125 0.140625 0.0126953125 0.0244140625
3 0.41796875 0.2568359375 0.0498046875 0.1220703125
0 0.7197265625 0.6142578125 0.1162109375 0.193359375
2 0.4775390625 0.208984375 0.0146484375 0.029296875
3 0.34765625 0.2919921875 0.0458984375 0.1201171875
0 0.3203125 0.4599609375 0.0634765625 0.1142578125
0 0.2451171875 0.4345703125 0.05078125 0.08984375
2 0.3076171875 0.2353515625 0.01171875 0.0400390625
2 0.52734375 0.330078125 0.017578125 0.0517578125
0 0.365234375 0.5576171875 0.083984375 0.1396484375
0 0.58203125 0.69140625 0.10546875 0.2744140625
2 0.25 0.3681640625 0.0166015625 0.0439453125
0 0.3349609375 0.171875 0.0205078125 0.0458984375
0 0.4013671875 0.6865234375 0.1142578125 0.1845703125
2 0.41796875 0.39453125 0.0166015625 0.0625
3 0.3173828125 0.1357421875 0.0224609375 0.0478515625
0 0.376953125 0.146484375 0.0166015625 0.041015625
0 0.4853515625 0.328125 0.0556640625 0.080078125
3 0.306640625 0.19140625 0.0341796875 0.0751953125
0 0.44921875 0.236328125 0.0185546875 0.0625
2 0.498046875 0.2802734375 0.0146484375 0.0478515625
3 0.34765625 0.2099609375 0.0361328125 0.06640625
3 0.2822265625 0.279296875 0.044921875 0.0986328125
0 0.580078125 0.44921875 0.078125 0.1220703125
0 0.5048828125 0.560546875 0.0673828125 0.177734375
3 0.2890625 0.125 0.0166015625 0.046875
0 0.388671875 0.1435546875 0.0087890625 0.0205078125
3 0.3369140625 0.138671875 0.0185546875 0.0361328125
0 0.515625 0.96484375 0.1650390625 0.06640625