2 0.9775390625 0.6142578125 0.044921875 0.1064453125
2 0.9267578125 0.5419921875 0.052734375 0.09375
2 0.5771484375 0.2998046875 0.0390625 0.044921875
3 0.4697265625 0.798828125 0.181640625 0.365234375
0 0.4287109375 0.240234375 0.03515625 0.052734375
2 0.3154296875 0.2578125 0.01171875 0.0322265625
2 0.4775390625 0.2080078125 0.017578125 0.033203125
2 0.314453125 0.158203125 0.005859375 0.0244140625
2 0.4287109375 0.26953125 0.0126953125 0.0400390625
2 0.8935546875 0.5498046875 0.0341796875 0.056640625
2 0.3544921875 0.5048828125 0.0205078125 0.0673828125
0 0.3662109375 0.158203125 0.0126953125 0.0322265625
3 0.3876953125 0.18359375 0.03125 0.07421875
2 0.3046875 0.353515625 0.0185546875 0.0576171875
3 0.333984375 0.130859375 0.0224609375 0.0498046875
0 0.333984375 0.1708984375 0.021484375 0.0498046875
0 0.4228515625 0.1767578125 0.025390625 0.0576171875
3 0.3681640625 0.125 0.01953125 0.0322265625
2 0.458984375 0.1982421875 0.0087890625 0.029296875
2 0.3544921875 0.158203125 0.0078125 0.0322265625
2 0.4384765625 0.177734375 0.0087890625 0.029296875
3 0.2880859375 0.125 0.0146484375 0.046875