0 0.2373046875 0.265625 0.0400390625 0.0703125
2 0.9150390625 0.5400390625 0.076171875 0.0986328125
2 0.974609375 0.6328125 0.0419921875 0.072265625
2 0.5751953125 0.3037109375 0.0322265625 0.0380859375
2 0.544921875 0.25390625 0.0107421875 0.033203125
3 0.3095703125 0.26953125 0.0546875 0.130859375
0 0.341796875 0.33984375 0.0400390625 0.0693359375
0 0.423828125 0.173828125 0.0205078125 0.0458984375
0 0.3935546875 0.142578125 0.013671875 0.033203125
2 0.41015625 0.5947265625 0.0673828125 0.091796875
2 0.4775390625 0.2080078125 0.017578125 0.0341796875
2 0.650390625 0.5634765625 0.0283203125 0.0810546875
0 0.4052734375 0.1611328125 0.021484375 0.0341796875
0 0.4423828125 0.2099609375 0.0234375 0.0498046875
3 0.375 0.1533203125 0.025390625 0.0595703125
2 0.7001953125 0.5703125 0.0341796875 0.0869140625
0 0.41015625 0.2294921875 0.0302734375 0.0654296875
3 0.3369140625 0.158203125 0.02734375 0.0634765625
0 0.3564453125 0.1279296875 0.013671875 0.0263671875
3 0.341796875 0.208984375 0.0283203125 0.05078125
0 0.3076171875 0.181640625 0.0234375 0.044921875
0 0.07421875 0.6298828125 0.1455078125 0.154296875
3 0.3017578125 0.4306640625 0.1181640625 0.1689453125
0 0.4931640625 0.2197265625 0.0234375 0.0478515625
0 0.1865234375 0.1650390625 0.025390625 0.02734375
0 0.3896484375 0.2109375 0.0126953125 0.0361328125