2 0.5751953125 0.302734375 0.037109375 0.0400390625
0 0.5166015625 0.546875 0.0849609375 0.1630859375
2 0.916015625 0.5439453125 0.06640625 0.08203125
2 0.4755859375 0.2099609375 0.0107421875 0.029296875
2 0.3828125 0.1376953125 0.0068359375 0.021484375
0 0.4599609375 0.3662109375 0.0537109375 0.1201171875
0 0.6689453125 0.5673828125 0.1005859375 0.16796875
3 0.337890625 0.1201171875 0.017578125 0.02734375
0 0.8349609375 0.7529296875 0.1494140625 0.2294921875
0 0.6435546875 0.4365234375 0.068359375 0.115234375
2 0.978515625 0.62109375 0.04296875 0.1005859375
3 0.333984375 0.291015625 0.048828125 0.1259765625
2 0.6533203125 0.673828125 0.0390625 0.109375
2 0.10546875 0.6611328125 0.0537109375 0.10546875
2 0.73828125 0.5703125 0.0400390625 0.1083984375
2 0.4541015625 0.2333984375 0.0087890625 0.0322265625
0 0.404296875 0.1494140625 0.0185546875 0.0361328125
3 0.337890625 0.1728515625 0.021484375 0.0400390625
3 0.3125 0.2109375 0.0322265625 0.10546875
0 0.3642578125 0.1416015625 0.015625 0.021484375
3 0.373046875 0.5205078125 0.1171875 0.2294921875
0 0.345703125 0.2080078125 0.0224609375 0.044921875
0 0.248046875 0.4013671875 0.0595703125 0.109375