2 0.9267578125 0.541015625 0.052734375 0.09375
2 0.9755859375 0.6357421875 0.0419921875 0.06640625
2 0.4208984375 0.205078125 0.0107421875 0.03125
2 0.322265625 0.208984375 0.009765625 0.0341796875
2 0.5771484375 0.3017578125 0.041015625 0.0419921875
0 0.3447265625 0.2216796875 0.0244140625 0.0380859375
2 0.291015625 0.20703125 0.0107421875 0.033203125
0 0.5205078125 0.91015625 0.1953125 0.173828125
3 0.412109375 0.625 0.1728515625 0.328125
0 0.4296875 0.17578125 0.0185546875 0.044921875
2 0.412109375 0.29296875 0.0126953125 0.044921875
2 0.427734375 0.345703125 0.0146484375 0.0625
2 0.25390625 0.4287109375 0.017578125 0.056640625
0 0.5087890625 0.4833984375 0.0791015625 0.1240234375
2 0.26953125 0.3037109375 0.0126953125 0.0380859375
2 0.3125 0.21484375 0.009765625 0.02734375
0 0.341796875 0.486328125 0.060546875 0.1337890625
0 0.4482421875 0.27734375 0.0322265625 0.0654296875
0 0.5703125 0.7197265625 0.119140625 0.2548828125
2 0.2900390625 0.294921875 0.009765625 0.0341796875
2 0.291015625 0.251953125 0.0107421875 0.03125
3 0.3798828125 0.14453125 0.03125 0.056640625
2 0.4482421875 0.2333984375 0.009765625 0.02734375
3 0.5048828125 0.298828125 0.0888671875 0.1875
3 0.326171875 0.3388671875 0.0703125 0.166015625
0 0.3125 0.158203125 0.0166015625 0.0302734375