0 0.234375 0.2666015625 0.037109375 0.0693359375
2 0.9150390625 0.541015625 0.0791015625 0.095703125
2 0.4775390625 0.2099609375 0.0166015625 0.033203125
2 0.576171875 0.3017578125 0.04296875 0.044921875
3 0.4599609375 0.73046875 0.1669921875 0.353515625
2 0.3974609375 0.251953125 0.0107421875 0.03515625
2 0.318359375 0.2705078125 0.01171875 0.0361328125
0 0.345703125 0.3369140625 0.041015625 0.06640625
2 0.4150390625 0.2666015625 0.0146484375 0.037109375
3 0.7685546875 0.6748046875 0.197265625 0.3857421875
2 0.9765625 0.6162109375 0.0458984375 0.1025390625
0 0.3447265625 0.271484375 0.03515625 0.056640625
2 0.5927734375 0.3642578125 0.0234375 0.0498046875
2 0.3447265625 0.482421875 0.0263671875 0.0673828125
2 0.396484375 0.1748046875 0.0068359375 0.0263671875
2 0.2998046875 0.4560546875 0.015625 0.0537109375
0 0.357421875 0.4150390625 0.0556640625 0.09765625
0 0.482421875 0.4306640625 0.0615234375 0.150390625
0 0.4501953125 0.349609375 0.05078125 0.1044921875
2 0.314453125 0.171875 0.0146484375 0.0263671875
0 0.3720703125 0.1572265625 0.021484375 0.0419921875
0 0.2119140625 0.5 0.0947265625 0.111328125
2 0.3134765625 0.2099609375 0.0087890625 0.0322265625
2 0.5390625 0.6396484375 0.0263671875 0.076171875
2 0.3076171875 0.2236328125 0.009765625 0.029296875
3 0.337890625 0.1962890625 0.0322265625 0.087890625
2 0.52734375 0.2451171875 0.0146484375 0.03125
3 0.2890625 0.1220703125 0.0146484375 0.0400390625
0 0.3857421875 0.1357421875 0.01171875 0.021484375
3 0.28125 0.2841796875 0.0556640625 0.1337890625
3 0.3388671875 0.1279296875 0.015625 0.025390625
0 0.3212890625 0.1279296875 0.013671875 0.0234375
0 0.3603515625 0.134765625 0.01171875 0.0234375