3 0.3642578125 0.1337890625 0.0205078125 0.04296875
0 0.4697265625 0.3603515625 0.0537109375 0.111328125
0 0.5146484375 0.4697265625 0.0693359375 0.15625
2 0.4248046875 0.16015625 0.0126953125 0.0263671875
0 0.4833984375 0.2666015625 0.0439453125 0.072265625
0 0.318359375 0.150390625 0.013671875 0.0322265625
0 0.3359375 0.7998046875 0.19140625 0.25390625
0 0.396484375 0.150390625 0.0244140625 0.0390625
0 0.33984375 0.26953125 0.0361328125 0.087890625
3 0.3369140625 0.1455078125 0.025390625 0.044921875
0 0.337890625 0.2119140625 0.0322265625 0.0390625
0 0.412109375 0.2216796875 0.0283203125 0.0458984375