0 0.240234375 0.26171875 0.04296875 0.0703125
2 0.466796875 0.27734375 0.01171875 0.0341796875
2 0.978515625 0.59375 0.04296875 0.142578125
2 0.916015625 0.54296875 0.0732421875 0.08984375
2 0.5771484375 0.30078125 0.0390625 0.041015625
0 0.3427734375 0.3505859375 0.044921875 0.0673828125
3 0.337890625 0.2744140625 0.0556640625 0.1181640625
2 0.31640625 0.5068359375 0.0234375 0.0654296875
2 0.240234375 0.37109375 0.017578125 0.05078125
2 0.228515625 0.4580078125 0.0205078125 0.05859375
0 0.3427734375 0.421875 0.0556640625 0.1083984375
2 0.529296875 0.330078125 0.0146484375 0.044921875
2 0.5751953125 0.638671875 0.0283203125 0.0966796875
2 0.189453125 0.462890625 0.0205078125 0.0576171875
2 0.2548828125 0.314453125 0.0126953125 0.0380859375
2 0.1572265625 0.51171875 0.029296875 0.0712890625
0 0.333984375 0.146484375 0.01953125 0.02734375
0 0.2841796875 0.27734375 0.0380859375 0.064453125
0 0.4287109375 0.3232421875 0.048828125 0.1083984375
0 0.2783203125 0.4150390625 0.0478515625 0.09375
0 0.3125 0.2138671875 0.0263671875 0.0380859375
0 0.384765625 0.1494140625 0.015625 0.0263671875
0 0.478515625 0.39453125 0.0654296875 0.09375
3 0.3125 0.15234375 0.0263671875 0.048828125
0 0.4091796875 0.197265625 0.029296875 0.0517578125
0 0.5947265625 0.4423828125 0.0703125 0.1083984375
2 0.359375 0.177734375 0.0068359375 0.033203125
3 0.4365234375 0.6806640625 0.2275390625 0.478515625
0 0.275390625 0.3447265625 0.0419921875 0.0751953125
2 0.3271484375 0.1669921875 0.0068359375 0.0283203125
0 0.416015625 0.1611328125 0.01953125 0.0322265625
2 0.4794921875 0.2080078125 0.017578125 0.0361328125
0 0.0830078125 0.9375 0.1640625 0.1240234375
0 0.3447265625 0.1943359375 0.0283203125 0.03125
0 0.90625 0.853515625 0.18359375 0.2802734375
0 0.3623046875 0.140625 0.0126953125 0.0185546875
3 0.2890625 0.123046875 0.0146484375 0.046875