0 0.345703125 0.4560546875 0.06640625 0.123046875
0 0.3994140625 0.2236328125 0.029296875 0.0615234375
0 0.3388671875 0.2080078125 0.0244140625 0.041015625
3 0.4873046875 0.6376953125 0.1845703125 0.3984375
0 0.337890625 0.251953125 0.0283203125 0.05078125
3 0.705078125 0.5615234375 0.154296875 0.2958984375
0 0.333984375 0.3193359375 0.0400390625 0.0654296875
0 0.419921875 0.169921875 0.01953125 0.04296875
2 0.3017578125 0.2509765625 0.009765625 0.0302734375
0 0.5126953125 0.400390625 0.0615234375 0.1044921875
3 0.3857421875 0.1748046875 0.0302734375 0.0810546875
2 0.9775390625 0.6220703125 0.044921875 0.099609375
2 0.4775390625 0.2109375 0.013671875 0.029296875
2 0.4404296875 0.4619140625 0.0244140625 0.0693359375
0 0.4638671875 0.2802734375 0.0458984375 0.0771484375
3 0.3642578125 0.123046875 0.017578125 0.0361328125
3 0.380859375 0.125 0.0146484375 0.0322265625
0 0.56640625 0.380859375 0.0556640625 0.109375
0 0.4072265625 0.1552734375 0.013671875 0.0380859375
0 0.3212890625 0.1689453125 0.01171875 0.037109375
3 0.4287109375 0.265625 0.0224609375 0.060546875