2 0.9267578125 0.5419921875 0.052734375 0.08984375
0 0.234375 0.2666015625 0.0361328125 0.0712890625
3 0.33984375 0.3759765625 0.0673828125 0.169921875
2 0.9765625 0.6298828125 0.0458984375 0.0751953125
2 0.578125 0.3017578125 0.037109375 0.044921875
0 0.314453125 0.1787109375 0.01953125 0.0361328125
2 0.30859375 0.5595703125 0.0458984375 0.0791015625
0 0.5380859375 0.3193359375 0.05859375 0.111328125
2 0.384765625 0.1767578125 0.0068359375 0.025390625
3 0.5 0.7685546875 0.212890625 0.4599609375
2 0.513671875 0.2509765625 0.0185546875 0.033203125
2 0.4658203125 0.2958984375 0.0126953125 0.04296875
0 0.6728515625 0.546875 0.1064453125 0.19140625
3 0.3779296875 0.134765625 0.021484375 0.0498046875
2 0.2724609375 0.3828125 0.0146484375 0.0419921875
2 0.546875 0.4658203125 0.0234375 0.0693359375
2 0.240234375 0.3486328125 0.0146484375 0.03515625
0 0.337890625 0.1689453125 0.021484375 0.03515625
0 0.357421875 0.1318359375 0.0126953125 0.0205078125
0 0.2451171875 0.189453125 0.0224609375 0.04296875
3 0.2890625 0.1318359375 0.0166015625 0.0625
3 0.3388671875 0.1279296875 0.017578125 0.0361328125
0 0.3203125 0.1240234375 0.0126953125 0.0224609375