2 0.916015625 0.5390625 0.078125 0.0947265625
0 0.5146484375 0.685546875 0.099609375 0.22265625
2 0.3134765625 0.22265625 0.01171875 0.0341796875
2 0.4775390625 0.6025390625 0.0322265625 0.0966796875
2 0.3740234375 0.15625 0.0068359375 0.025390625
2 0.39453125 0.6298828125 0.0302734375 0.0908203125
2 0.578125 0.30078125 0.0341796875 0.0390625
2 0.2744140625 0.3291015625 0.0126953125 0.0419921875
3 0.3369140625 0.119140625 0.0283203125 0.048828125
0 0.3486328125 0.337890625 0.04296875 0.060546875
0 0.5927734375 0.44921875 0.0830078125 0.1484375
0 0.3115234375 0.298828125 0.03515625 0.06640625
0 0.501953125 0.330078125 0.05859375 0.0908203125
2 0.4443359375 0.2421875 0.0166015625 0.041015625
0 0.412109375 0.1748046875 0.0224609375 0.056640625
2 0.5546875 0.578125 0.0263671875 0.08203125
2 0.3271484375 0.2138671875 0.0107421875 0.0380859375
0 0.4892578125 0.4345703125 0.0634765625 0.1337890625
2 0.978515625 0.6220703125 0.041015625 0.087890625
0 0.3115234375 0.1650390625 0.0224609375 0.046875
2 0.5087890625 0.560546875 0.0244140625 0.0625
3 0.3642578125 0.451171875 0.0751953125 0.1875
3 0.2890625 0.1240234375 0.017578125 0.048828125
0 0.3623046875 0.1298828125 0.01953125 0.0302734375