2 0.5390625 0.6494140625 0.0283203125 0.09375
2 0.544921875 0.251953125 0.0107421875 0.0380859375
0 0.34765625 0.2333984375 0.02734375 0.046875
2 0.171875 0.5400390625 0.041015625 0.0849609375
2 0.978515625 0.5986328125 0.04296875 0.1318359375
3 0.3359375 0.1279296875 0.01953125 0.0380859375
0 0.3583984375 0.5546875 0.08203125 0.1376953125
0 0.2353515625 0.263671875 0.0361328125 0.0625
2 0.42578125 0.197265625 0.009765625 0.0283203125
2 0.9248046875 0.5390625 0.05078125 0.091796875
2 0.3134765625 0.2509765625 0.01171875 0.033203125
3 0.2509765625 0.359375 0.0966796875 0.171875
2 0.4765625 0.208984375 0.01171875 0.03125
2 0.2978515625 0.2333984375 0.009765625 0.037109375
2 0.423828125 0.626953125 0.0302734375 0.095703125
0 0.3330078125 0.16796875 0.0185546875 0.0263671875
2 0.2958984375 0.6220703125 0.0341796875 0.09375
2 0.263671875 0.490234375 0.0283203125 0.076171875
2 0.4658203125 0.591796875 0.037109375 0.0810546875
3 0.3837890625 0.16015625 0.025390625 0.060546875
2 0.486328125 0.6435546875 0.0341796875 0.0947265625
0 0.4013671875 0.2041015625 0.0263671875 0.0546875
0 0.5341796875 0.951171875 0.1669921875 0.0908203125
2 0.3876953125 0.265625 0.0126953125 0.0361328125
0 0.4931640625 0.21875 0.0224609375 0.048828125
2 0.2060546875 0.498046875 0.033203125 0.0732421875
0 0.3388671875 0.3310546875 0.04296875 0.0751953125
2 0.5771484375 0.3037109375 0.03515625 0.0400390625
2 0.349609375 0.404296875 0.0185546875 0.0625
0 0.330078125 0.203125 0.0244140625 0.0498046875
0 0.3623046875 0.1318359375 0.013671875 0.0224609375
2 0.4052734375 0.1650390625 0.0126953125 0.025390625
2 0.333984375 0.3798828125 0.01953125 0.0595703125
0 0.3203125 0.1484375 0.0146484375 0.02734375
2 0.2919921875 0.173828125 0.0068359375 0.0263671875
2 0.4619140625 0.1748046875 0.0068359375 0.021484375
0 0.3642578125 0.154296875 0.013671875 0.0341796875
0 0.3076171875 0.1494140625 0.015625 0.033203125