2 0.9169921875 0.541015625 0.0810546875 0.08984375
2 0.974609375 0.630859375 0.0400390625 0.0732421875
2 0.576171875 0.3017578125 0.0361328125 0.0390625
2 0.3857421875 0.169921875 0.0087890625 0.021484375
2 0.4013671875 0.1875 0.009765625 0.025390625
3 0.3466796875 0.2138671875 0.0419921875 0.0986328125
2 0.4189453125 0.216796875 0.0087890625 0.0283203125
0 0.5087890625 0.5322265625 0.072265625 0.19140625
0 0.36328125 0.1357421875 0.0146484375 0.025390625
0 0.2861328125 0.3466796875 0.044921875 0.0771484375
0 0.3154296875 0.1748046875 0.01953125 0.03515625
2 0.2783203125 0.259765625 0.0146484375 0.041015625
0 0.4013671875 0.23046875 0.0322265625 0.0537109375
2 0.625 0.552734375 0.029296875 0.0859375
0 0.4755859375 0.3955078125 0.064453125 0.1064453125
0 0.2392578125 0.2626953125 0.0400390625 0.0703125
0 0.296875 0.287109375 0.037109375 0.0625
0 0.3818359375 0.1337890625 0.013671875 0.0244140625
2 0.5205078125 0.3115234375 0.0146484375 0.0576171875
2 0.25 0.3916015625 0.017578125 0.0498046875
0 0.3896484375 0.7548828125 0.1796875 0.302734375
0 0.345703125 0.318359375 0.041015625 0.0751953125
2 0.4140625 0.2900390625 0.0107421875 0.0390625
2 0.7373046875 0.7529296875 0.0458984375 0.1474609375
2 0.3203125 0.2197265625 0.0087890625 0.03125
0 0.416015625 0.162109375 0.01953125 0.0361328125
2 0.4345703125 0.1669921875 0.0087890625 0.02734375
2 0.263671875 0.3251953125 0.0185546875 0.048828125
0 0.3037109375 0.224609375 0.029296875 0.048828125
3 0.3388671875 0.1513671875 0.0224609375 0.0458984375
0 0.0546875 0.9423828125 0.109375 0.1103515625