0 0.3818359375 0.158203125 0.01953125 0.037109375
0 0.3330078125 0.1455078125 0.017578125 0.03125
0 0.4580078125 0.376953125 0.0595703125 0.1181640625
3 0.5009765625 0.2841796875 0.0556640625 0.1015625
3 0.32421875 0.7919921875 0.3154296875 0.4130859375
0 0.4970703125 0.4912109375 0.0634765625 0.1171875
0 0.40234375 0.267578125 0.015625 0.05859375
0 0.556640625 0.357421875 0.0556640625 0.1025390625
0 0.396484375 0.208984375 0.0302734375 0.0576171875
3 0.431640625 0.2705078125 0.056640625 0.1376953125
3 0.296875 0.2373046875 0.025390625 0.0458984375
3 0.2880859375 0.1201171875 0.0146484375 0.0419921875