2 0.92578125 0.54296875 0.052734375 0.08984375
0 0.7001953125 0.5205078125 0.1015625 0.189453125
2 0.9775390625 0.615234375 0.044921875 0.10546875
3 0.3486328125 0.341796875 0.060546875 0.1669921875
0 0.2353515625 0.2666015625 0.037109375 0.0693359375
2 0.576171875 0.3017578125 0.0419921875 0.0439453125
2 0.3994140625 0.2744140625 0.0126953125 0.041015625
3 0.3369140625 0.2236328125 0.0390625 0.0849609375
2 0.30078125 0.283203125 0.0126953125 0.0361328125
3 0.3603515625 0.126953125 0.015625 0.0283203125
2 0.3876953125 0.154296875 0.005859375 0.0185546875
2 0.4775390625 0.208984375 0.0166015625 0.033203125
0 0.494140625 0.21875 0.0244140625 0.0478515625
0 0.3193359375 0.1455078125 0.0146484375 0.029296875
2 0.3740234375 0.18359375 0.0087890625 0.0302734375
0 0.416015625 0.84375 0.2353515625 0.2958984375
2 0.3134765625 0.169921875 0.005859375 0.02734375
2 0.275390625 0.265625 0.0126953125 0.03125
3 0.416015625 0.197265625 0.0380859375 0.08984375
0 0.3369140625 0.1455078125 0.0185546875 0.033203125
2 0.3173828125 0.1962890625 0.009765625 0.0263671875
3 0.2890625 0.12109375 0.013671875 0.0361328125
3 0.341796875 0.1181640625 0.009765625 0.025390625
0 0.3056640625 0.13671875 0.0107421875 0.0166015625