2 0.9140625 0.541015625 0.076171875 0.0986328125
2 0.9765625 0.6142578125 0.0439453125 0.1083984375
0 0.3388671875 0.3427734375 0.04296875 0.0791015625
2 0.4775390625 0.2099609375 0.0166015625 0.033203125
2 0.5771484375 0.298828125 0.0400390625 0.0458984375
2 0.3115234375 0.1904296875 0.009765625 0.029296875
2 0.4150390625 0.3310546875 0.0146484375 0.046875
2 0.2705078125 0.333984375 0.015625 0.0458984375
0 0.41015625 0.2080078125 0.025390625 0.05859375
0 0.3837890625 0.1669921875 0.017578125 0.037109375
2 0.42578125 0.1982421875 0.0087890625 0.0263671875
2 0.2939453125 0.318359375 0.0146484375 0.0439453125
3 0.521484375 0.48828125 0.091796875 0.2607421875
2 0.3876953125 0.2255859375 0.01171875 0.037109375
3 0.3701171875 0.134765625 0.0185546875 0.0498046875
2 0.2978515625 0.2509765625 0.0126953125 0.041015625
3 0.3388671875 0.2490234375 0.0419921875 0.1181640625
2 0.3994140625 0.2734375 0.0126953125 0.0400390625
0 0.4501953125 0.2724609375 0.03515625 0.0615234375
2 0.7783203125 0.6484375 0.04296875 0.1064453125
0 0.35546875 0.126953125 0.01171875 0.0263671875
2 0.34765625 0.1591796875 0.0087890625 0.02734375
2 0.2880859375 0.16796875 0.0126953125 0.0234375
2 0.2626953125 0.2265625 0.01171875 0.0341796875
0 0.40234375 0.14453125 0.013671875 0.0283203125
0 0.8359375 0.8251953125 0.1630859375 0.248046875
0 0.6533203125 0.55859375 0.1025390625 0.1806640625
2 0.30078125 0.158203125 0.005859375 0.0263671875
2 0.3193359375 0.171875 0.0107421875 0.0205078125
0 0.443359375 0.2265625 0.029296875 0.0537109375
3 0.3369140625 0.1357421875 0.017578125 0.044921875
3 0.32421875 0.111328125 0.0126953125 0.0234375
3 0.2890625 0.1220703125 0.015625 0.0439453125
0 0.4970703125 0.2177734375 0.0322265625 0.05078125