2 0.904296875 0.5380859375 0.0537109375 0.0810546875
2 0.9765625 0.626953125 0.04296875 0.0830078125
3 0.3330078125 0.134765625 0.0244140625 0.0458984375
0 0.4453125 0.2119140625 0.02734375 0.05078125
2 0.576171875 0.3017578125 0.0400390625 0.0439453125
2 0.3134765625 0.203125 0.01171875 0.03515625
0 0.2353515625 0.2666015625 0.037109375 0.0693359375
3 0.3291015625 0.2587890625 0.04296875 0.099609375
2 0.5439453125 0.25 0.0107421875 0.0390625
2 0.40234375 0.2021484375 0.0087890625 0.0302734375
2 0.361328125 0.1484375 0.005859375 0.017578125
2 0.4775390625 0.2119140625 0.017578125 0.0341796875
2 0.3935546875 0.1611328125 0.0068359375 0.0234375
0 0.3369140625 0.1767578125 0.021484375 0.0576171875
2 0.244140625 0.451171875 0.021484375 0.0625
2 0.3779296875 0.1376953125 0.0068359375 0.0146484375
0 0.1142578125 0.884765625 0.2255859375 0.2275390625
0 0.572265625 0.955078125 0.150390625 0.0849609375
0 0.4814453125 0.791015625 0.138671875 0.2216796875
2 0.7158203125 0.5849609375 0.033203125 0.0810546875
0 0.494140625 0.21875 0.0234375 0.0478515625
0 0.36328125 0.1357421875 0.0107421875 0.015625
0 0.5087890625 0.3095703125 0.056640625 0.11328125
3 0.2880859375 0.1220703125 0.013671875 0.0419921875
0 0.1376953125 0.58984375 0.15234375 0.1474609375
0 0.3564453125 0.125 0.009765625 0.017578125
0 0.32421875 0.16796875 0.009765625 0.0380859375