0 0.2373046875 0.265625 0.0400390625 0.0732421875
0 0.4609375 0.2138671875 0.0302734375 0.044921875
2 0.287109375 0.5146484375 0.0205078125 0.0703125
3 0.306640625 0.171875 0.0341796875 0.0693359375
0 0.3818359375 0.169921875 0.017578125 0.03515625
0 0.3388671875 0.205078125 0.0244140625 0.0322265625
2 0.43359375 0.224609375 0.013671875 0.0380859375
2 0.408203125 0.1640625 0.0068359375 0.02734375
3 0.4287109375 0.177734375 0.0224609375 0.0458984375
0 0.4052734375 0.228515625 0.0302734375 0.05078125
0 0.322265625 0.232421875 0.0224609375 0.0439453125
2 0.4755859375 0.2607421875 0.0126953125 0.041015625
2 0.396484375 0.162109375 0.0107421875 0.0263671875
0 0.4443359375 0.3251953125 0.041015625 0.0908203125
0 0.5771484375 0.6748046875 0.1044921875 0.26953125
2 0.259765625 0.4833984375 0.021484375 0.0625
2 0.978515625 0.6298828125 0.04296875 0.080078125
3 0.3466796875 0.298828125 0.041015625 0.0693359375
3 0.36328125 0.4541015625 0.08203125 0.1982421875
0 0.36328125 0.140625 0.017578125 0.03515625
3 0.55078125 0.4169921875 0.1396484375 0.2236328125
3 0.2900390625 0.1220703125 0.017578125 0.0419921875
0 0.2421875 0.4228515625 0.060546875 0.0908203125