2 0.5771484375 0.3037109375 0.037109375 0.0341796875
2 0.32421875 0.162109375 0.0087890625 0.021484375
2 0.76171875 0.6591796875 0.0439453125 0.109375
2 0.4072265625 0.203125 0.009765625 0.02734375
2 0.390625 0.2431640625 0.01171875 0.04296875
0 0.4365234375 0.267578125 0.0458984375 0.060546875
2 0.9794921875 0.62109375 0.041015625 0.0849609375
2 0.29296875 0.28125 0.01171875 0.029296875
0 0.384765625 0.1962890625 0.025390625 0.0439453125
2 0.2958984375 0.34765625 0.0146484375 0.048828125
3 0.498046875 0.39453125 0.0810546875 0.185546875
2 0.30859375 0.171875 0.0087890625 0.0234375
0 0.3955078125 0.1474609375 0.009765625 0.025390625
0 0.544921875 0.6220703125 0.080078125 0.1796875
0 0.4140625 0.1787109375 0.0205078125 0.044921875
2 0.9375 0.8896484375 0.0615234375 0.1376953125
2 0.333984375 0.4052734375 0.0185546875 0.0537109375
2 0.3173828125 0.271484375 0.0107421875 0.03125
2 0.4169921875 0.2392578125 0.0126953125 0.041015625
3 0.3798828125 0.14453125 0.0234375 0.04296875
0 0.6005859375 0.4072265625 0.068359375 0.125
3 0.3662109375 0.1240234375 0.017578125 0.0263671875
0 0.31640625 0.1357421875 0.013671875 0.017578125
3 0.2880859375 0.12109375 0.013671875 0.0419921875
0 0.373046875 0.173828125 0.009765625 0.0302734375