2 0.9267578125 0.54296875 0.0556640625 0.09375
2 0.4775390625 0.208984375 0.0166015625 0.033203125
2 0.5380859375 0.6513671875 0.0302734375 0.091796875
0 0.234375 0.267578125 0.03515625 0.0693359375
3 0.5947265625 0.4404296875 0.1025390625 0.2255859375
2 0.576171875 0.3017578125 0.04296875 0.0439453125
0 0.34765625 0.3623046875 0.0458984375 0.078125
2 0.9755859375 0.6171875 0.0458984375 0.1025390625
0 0.3642578125 0.4794921875 0.0673828125 0.1123046875
2 0.373046875 0.583984375 0.0322265625 0.0986328125
2 0.388671875 0.2275390625 0.0107421875 0.0302734375
2 0.310546875 0.3037109375 0.01171875 0.0380859375
0 0.34375 0.2861328125 0.0390625 0.0673828125
2 0.3134765625 0.1787109375 0.0107421875 0.0244140625
3 0.5615234375 0.8583984375 0.2431640625 0.2802734375
2 0.54296875 0.251953125 0.0107421875 0.0341796875
2 0.46484375 0.5888671875 0.0361328125 0.0888671875
2 0.40625 0.2373046875 0.013671875 0.033203125
2 0.392578125 0.16015625 0.0078125 0.0205078125
2 0.3193359375 0.2705078125 0.01171875 0.02734375
2 0.3154296875 0.5634765625 0.0283203125 0.0927734375
2 0.486328125 0.642578125 0.0322265625 0.08984375
2 0.3076171875 0.2451171875 0.0107421875 0.0322265625
0 0.4375 0.3173828125 0.0458984375 0.091796875
0 0.1845703125 0.5361328125 0.1103515625 0.1201171875
2 0.2919921875 0.2509765625 0.009765625 0.029296875
3 0.2724609375 0.3193359375 0.0576171875 0.162109375
3 0.3349609375 0.208984375 0.0380859375 0.0908203125
3 0.3212890625 0.1259765625 0.013671875 0.02734375
0 0.359375 0.1337890625 0.01171875 0.021484375
2 0.4931640625 0.21875 0.0224609375 0.048828125
0 0.470703125 0.4052734375 0.060546875 0.1396484375
3 0.369140625 0.1484375 0.0205078125 0.0400390625
3 0.337890625 0.125 0.0166015625 0.02734375
3 0.2890625 0.1220703125 0.0146484375 0.0400390625
3 0.0458984375 0.623046875 0.08984375 0.263671875
0 0.38671875 0.1396484375 0.01171875 0.0185546875
3 0.3388671875 0.150390625 0.0205078125 0.0283203125