2 0.5771484375 0.2998046875 0.0419921875 0.0439453125
2 0.9755859375 0.6298828125 0.04296875 0.076171875
2 0.9248046875 0.541015625 0.052734375 0.09375
2 0.3427734375 0.3056640625 0.013671875 0.0419921875
2 0.4775390625 0.208984375 0.0185546875 0.0322265625
2 0.412109375 0.23828125 0.01171875 0.033203125
2 0.4140625 0.6708984375 0.033203125 0.0947265625
3 0.333984375 0.1337890625 0.0205078125 0.04296875
0 0.333984375 0.177734375 0.021484375 0.05078125
3 0.3798828125 0.1708984375 0.033203125 0.068359375
0 0.359375 0.1328125 0.013671875 0.021484375
3 0.5458984375 0.875 0.236328125 0.2490234375
0 0.423828125 0.17578125 0.0234375 0.0595703125
2 0.3564453125 0.15625 0.0107421875 0.033203125
2 0.3134765625 0.1689453125 0.005859375 0.0244140625
0 0.4990234375 0.21875 0.0302734375 0.048828125
3 0.3232421875 0.1142578125 0.0126953125 0.0244140625
0 0.4052734375 0.1650390625 0.01171875 0.037109375