2 0.9169921875 0.5419921875 0.076171875 0.0947265625
2 0.974609375 0.634765625 0.0400390625 0.0654296875
2 0.3115234375 0.2412109375 0.009765625 0.0283203125
2 0.6796875 0.5439453125 0.0302734375 0.0869140625
2 0.3984375 0.1669921875 0.0068359375 0.0224609375
0 0.49609375 0.892578125 0.1650390625 0.2021484375
2 0.3115234375 0.3056640625 0.0146484375 0.04296875
2 0.3037109375 0.15234375 0.0068359375 0.0234375
2 0.412109375 0.1669921875 0.0078125 0.0224609375
3 0.3984375 0.1396484375 0.0224609375 0.0556640625
2 0.3134765625 0.1865234375 0.0087890625 0.0263671875
2 0.32421875 0.1796875 0.0068359375 0.0224609375
2 0.609375 0.5263671875 0.0341796875 0.0966796875
0 0.43359375 0.2578125 0.0361328125 0.0625
2 0.265625 0.2333984375 0.0087890625 0.0361328125
2 0.291015625 0.298828125 0.0166015625 0.041015625
2 0.4775390625 0.208984375 0.0166015625 0.03515625
3 0.3623046875 0.125 0.0205078125 0.0380859375
0 0.33984375 0.1142578125 0.009765625 0.0166015625
2 0.2802734375 0.46484375 0.0185546875 0.0615234375
2 0.380859375 0.1357421875 0.009765625 0.0224609375
2 0.576171875 0.3056640625 0.029296875 0.044921875
2 0.28125 0.3740234375 0.0166015625 0.0419921875
2 0.2958984375 0.150390625 0.0068359375 0.0263671875
3 0.3408203125 0.2578125 0.037109375 0.0966796875
0 0.3701171875 0.5341796875 0.08203125 0.1533203125
3 0.2890625 0.126953125 0.015625 0.0517578125