2 0.3359375 0.365234375 0.017578125 0.0537109375
2 0.26953125 0.31640625 0.0146484375 0.0380859375
2 0.3837890625 0.205078125 0.009765625 0.0341796875
2 0.298828125 0.4208984375 0.01953125 0.064453125
2 0.3564453125 0.2412109375 0.01171875 0.0390625
2 0.3173828125 0.330078125 0.0146484375 0.0478515625
2 0.306640625 0.62890625 0.0283203125 0.083984375
2 0.330078125 0.1787109375 0.0087890625 0.02734375
0 0.3994140625 0.2333984375 0.029296875 0.0556640625
3 0.3701171875 0.14453125 0.02734375 0.046875
0 0.3388671875 0.154296875 0.015625 0.033203125
0 0.3173828125 0.154296875 0.0146484375 0.0302734375
2 0.216796875 0.44140625 0.021484375 0.0625
2 0.2998046875 0.3662109375 0.01953125 0.052734375
3 0.2890625 0.1220703125 0.0166015625 0.0478515625
0 0.42578125 0.7021484375 0.10546875 0.1806640625
3 0.4521484375 0.310546875 0.0927734375 0.15625
0 0.3642578125 0.47265625 0.072265625 0.130859375
0 0.318359375 0.1318359375 0.0107421875 0.015625
0 0.5078125 0.294921875 0.0302734375 0.0859375