0 0.23828125 0.2646484375 0.0400390625 0.0693359375
3 0.3447265625 0.2333984375 0.046875 0.107421875
2 0.3818359375 0.1923828125 0.0078125 0.0283203125
2 0.1513671875 0.5634765625 0.0419921875 0.0791015625
2 0.4345703125 0.201171875 0.0087890625 0.0302734375
2 0.9140625 0.5439453125 0.07421875 0.0859375
0 0.2958984375 0.2529296875 0.0302734375 0.060546875
0 0.2822265625 0.3623046875 0.044921875 0.0849609375
2 0.5771484375 0.30078125 0.033203125 0.0390625
0 0.4150390625 0.162109375 0.0244140625 0.037109375
0 0.419921875 0.27734375 0.0390625 0.0693359375
0 0.376953125 0.1318359375 0.01171875 0.025390625
3 0.3154296875 0.1513671875 0.025390625 0.0537109375
2 0.3857421875 0.140625 0.0107421875 0.01953125
0 0.359375 0.1298828125 0.0146484375 0.0234375
0 0.3955078125 0.7861328125 0.1767578125 0.2705078125
0 0.4814453125 0.421875 0.060546875 0.140625
0 0.3466796875 0.298828125 0.0361328125 0.0595703125
3 0.3369140625 0.1298828125 0.0244140625 0.0458984375
0 0.505859375 0.3046875 0.048828125 0.08203125
3 0.79296875 0.701171875 0.2041015625 0.3505859375
0 0.5009765625 0.5703125 0.076171875 0.2041015625
2 0.234375 0.40625 0.017578125 0.05859375
2 0.37109375 0.17578125 0.01171875 0.025390625
2 0.2490234375 0.3662109375 0.0166015625 0.048828125
2 0.447265625 0.2783203125 0.01171875 0.041015625
2 0.5341796875 0.24609375 0.0126953125 0.03125
2 0.4599609375 0.29296875 0.0107421875 0.0400390625
0 0.341796875 0.17578125 0.0224609375 0.0302734375