0 0.236328125 0.265625 0.0390625 0.0703125
0 0.42578125 0.294921875 0.0439453125 0.0830078125
0 0.337890625 0.203125 0.0244140625 0.0322265625
0 0.45703125 0.3798828125 0.0517578125 0.1123046875
0 0.322265625 0.2294921875 0.0224609375 0.044921875
2 0.4599609375 0.251953125 0.009765625 0.0341796875
0 0.427734375 0.177734375 0.021484375 0.044921875
0 0.4033203125 0.2041015625 0.0244140625 0.0390625
3 0.306640625 0.173828125 0.0322265625 0.0751953125
3 0.3603515625 0.1318359375 0.0224609375 0.056640625
0 0.345703125 0.28515625 0.0390625 0.0625
0 0.3828125 0.1826171875 0.021484375 0.046875
0 0.458984375 0.2138671875 0.0263671875 0.048828125
0 0.5791015625 0.693359375 0.1064453125 0.275390625
3 0.359375 0.4189453125 0.0751953125 0.171875
0 0.2578125 0.3828125 0.0498046875 0.080078125
3 0.3837890625 0.146484375 0.0205078125 0.0361328125
3 0.3935546875 0.6923828125 0.189453125 0.369140625
0 0.4052734375 0.173828125 0.0126953125 0.0283203125