0 0.1005859375 0.5966796875 0.1630859375 0.154296875
0 0.5537109375 0.5009765625 0.0732421875 0.1318359375
0 0.3388671875 0.2041015625 0.0263671875 0.048828125
0 0.3857421875 0.1953125 0.0234375 0.041015625
2 0.578125 0.3037109375 0.037109375 0.0390625
2 0.978515625 0.6201171875 0.04296875 0.103515625
2 0.3955078125 0.232421875 0.009765625 0.0302734375
2 0.296875 0.2138671875 0.009765625 0.02734375
2 0.4140625 0.2978515625 0.0126953125 0.0439453125
0 0.3447265625 0.3603515625 0.044921875 0.078125
3 0.3193359375 0.1376953125 0.0146484375 0.0361328125
0 0.3720703125 0.162109375 0.0185546875 0.0283203125
2 0.794921875 0.6435546875 0.037109375 0.1064453125
2 0.2529296875 0.875 0.078125 0.1455078125
2 0.478515625 0.2119140625 0.0146484375 0.0283203125
0 0.529296875 0.4150390625 0.0654296875 0.1025390625
0 0.4189453125 0.1669921875 0.01953125 0.041015625
0 0.4013671875 0.1787109375 0.0185546875 0.0439453125
0 0.302734375 0.1474609375 0.0126953125 0.0224609375
0 0.3359375 0.1357421875 0.0146484375 0.0234375