2 0.4970703125 0.287109375 0.013671875 0.044921875
2 0.927734375 0.5419921875 0.0537109375 0.095703125
2 0.5771484375 0.302734375 0.037109375 0.0390625
0 0.4306640625 0.189453125 0.0283203125 0.0478515625
2 0.3681640625 0.17578125 0.0068359375 0.0263671875
2 0.9765625 0.625 0.0439453125 0.08203125
2 0.4775390625 0.2099609375 0.0185546875 0.03515625
0 0.3876953125 0.193359375 0.025390625 0.052734375
3 0.384765625 0.5126953125 0.1083984375 0.236328125
2 0.494140625 0.546875 0.02734375 0.0830078125
2 0.31640625 0.1669921875 0.005859375 0.021484375
2 0.28125 0.4462890625 0.01953125 0.0654296875
2 0.326171875 0.2041015625 0.0087890625 0.0263671875
0 0.369140625 0.142578125 0.0126953125 0.03125
2 0.892578125 0.5498046875 0.033203125 0.0546875
3 0.4404296875 0.3037109375 0.064453125 0.1513671875
2 0.259765625 0.40234375 0.021484375 0.052734375
0 0.4931640625 0.8603515625 0.1494140625 0.240234375
2 0.271484375 0.6240234375 0.0302734375 0.0888671875
2 0.4462890625 0.2099609375 0.0166015625 0.0283203125
2 0.3896484375 0.2265625 0.01171875 0.037109375
3 0.3349609375 0.138671875 0.01953125 0.0615234375
3 0.333984375 0.3623046875 0.052734375 0.1455078125
0 0.400390625 0.14453125 0.015625 0.0302734375
2 0.384765625 0.1552734375 0.0107421875 0.0234375
2 0.3173828125 0.7275390625 0.0419921875 0.1240234375
2 0.2861328125 0.3271484375 0.017578125 0.0478515625
3 0.2880859375 0.119140625 0.013671875 0.037109375