2 0.9755859375 0.6240234375 0.04296875 0.0888671875
2 0.9150390625 0.54296875 0.0732421875 0.0908203125
0 0.390625 0.18359375 0.0263671875 0.044921875
2 0.3095703125 0.1962890625 0.0087890625 0.0322265625
2 0.591796875 0.4404296875 0.01953125 0.0625
0 0.4033203125 0.1494140625 0.017578125 0.03515625
0 0.517578125 0.546875 0.0849609375 0.1611328125
2 0.2685546875 0.419921875 0.0146484375 0.0517578125
3 0.337890625 0.1240234375 0.017578125 0.033203125
0 0.4599609375 0.3662109375 0.052734375 0.123046875
2 0.583984375 0.302734375 0.03125 0.04296875
0 0.28515625 0.2578125 0.0322265625 0.0615234375
3 0.3203125 0.15625 0.0224609375 0.052734375
2 0.4189453125 0.1689453125 0.0068359375 0.0224609375
3 0.349609375 0.44921875 0.07421875 0.177734375
0 0.25390625 0.375 0.0556640625 0.0888671875
0 0.3671875 0.14453125 0.0107421875 0.0205078125
3 0.3388671875 0.150390625 0.0166015625 0.0263671875
3 0.521484375 0.87890625 0.1875 0.2314453125
0 0.798828125 0.642578125 0.115234375 0.1953125
0 0.966796875 0.966796875 0.06640625 0.06640625