2 0.92578125 0.54296875 0.0537109375 0.0947265625
2 0.9765625 0.619140625 0.0458984375 0.099609375
2 0.3076171875 0.16796875 0.0068359375 0.025390625
2 0.400390625 0.1767578125 0.0078125 0.0263671875
0 0.3349609375 0.24609375 0.029296875 0.0537109375
2 0.3046875 0.21484375 0.009765625 0.0283203125
0 0.2333984375 0.2666015625 0.037109375 0.0712890625
0 0.482421875 0.2509765625 0.0380859375 0.076171875
0 0.484375 0.3505859375 0.0556640625 0.1103515625
2 0.388671875 0.1591796875 0.0068359375 0.01953125
2 0.3125 0.1962890625 0.0068359375 0.0263671875
2 0.482421875 0.4638671875 0.0224609375 0.080078125
0 0.3193359375 0.1396484375 0.0146484375 0.0302734375
0 0.353515625 0.1240234375 0.009765625 0.0234375
2 0.2626953125 0.400390625 0.0166015625 0.0537109375
3 0.365234375 0.125 0.0126953125 0.0322265625
2 0.2841796875 0.1923828125 0.0078125 0.0283203125
3 0.3369140625 0.130859375 0.021484375 0.052734375
2 0.892578125 0.55078125 0.0341796875 0.05859375
0 0.43359375 0.2490234375 0.03515625 0.0732421875
2 0.5849609375 0.302734375 0.025390625 0.041015625
3 0.5576171875 0.83203125 0.279296875 0.3291015625