2 0.91796875 0.5419921875 0.0810546875 0.0986328125
0 0.345703125 0.232421875 0.0263671875 0.046875
2 0.576171875 0.30078125 0.0400390625 0.0419921875
2 0.4033203125 0.2861328125 0.013671875 0.05078125
2 0.2763671875 0.33984375 0.013671875 0.04296875
2 0.9755859375 0.6376953125 0.041015625 0.0615234375
2 0.4091796875 0.1865234375 0.0087890625 0.0322265625
0 0.337890625 0.1357421875 0.0166015625 0.0224609375
2 0.1796875 0.53515625 0.0380859375 0.0830078125
2 0.291015625 0.2255859375 0.009765625 0.0283203125
2 0.322265625 0.2138671875 0.0107421875 0.037109375
3 0.4130859375 0.623046875 0.1689453125 0.328125
0 0.4296875 0.17578125 0.0185546875 0.044921875
2 0.3251953125 0.150390625 0.0087890625 0.0205078125
2 0.2568359375 0.353515625 0.0146484375 0.0458984375
0 0.5224609375 0.91015625 0.19140625 0.173828125
3 0.46875 0.2578125 0.072265625 0.162109375
0 0.3466796875 0.5087890625 0.064453125 0.126953125
3 0.3291015625 0.3583984375 0.0732421875 0.1826171875
0 0.505859375 0.478515625 0.076171875 0.123046875
3 0.3759765625 0.142578125 0.0302734375 0.0654296875
0 0.3115234375 0.1767578125 0.017578125 0.0380859375
0 0.5634765625 0.6923828125 0.09765625 0.2392578125