0 0.287109375 0.2841796875 0.03515625 0.0576171875
0 0.0556640625 0.673828125 0.111328125 0.1611328125
0 0.3583984375 0.126953125 0.013671875 0.029296875
0 0.34375 0.248046875 0.0341796875 0.0615234375
0 0.51953125 0.3515625 0.0576171875 0.08984375
0 0.427734375 0.2421875 0.033203125 0.06640625
2 0.29296875 0.1767578125 0.0068359375 0.0302734375
2 0.783203125 0.6337890625 0.0400390625 0.1201171875
3 0.3408203125 0.1728515625 0.0302734375 0.0791015625
2 0.30859375 0.16015625 0.009765625 0.0341796875
0 0.412109375 0.7421875 0.119140625 0.19921875
0 0.4658203125 0.44140625 0.0478515625 0.1162109375
0 0.3720703125 0.1328125 0.01171875 0.0166015625
3 0.3994140625 0.1806640625 0.033203125 0.0625
0 0.9189453125 0.9140625 0.1572265625 0.16796875
0 0.38671875 0.142578125 0.01953125 0.0263671875
0 0.689453125 0.591796875 0.1044921875 0.1669921875
0 0.5341796875 0.525390625 0.111328125 0.263671875