2 0.3017578125 0.7705078125 0.064453125 0.126953125
0 0.251953125 0.3779296875 0.0439453125 0.0712890625
2 0.2783203125 0.4453125 0.021484375 0.0625
0 0.3369140625 0.1982421875 0.0263671875 0.0556640625
2 0.2216796875 0.4638671875 0.0205078125 0.05859375
3 0.103515625 0.5654296875 0.169921875 0.21484375
0 0.4794921875 0.736328125 0.1435546875 0.2685546875
3 0.3662109375 0.1259765625 0.0166015625 0.0419921875
3 0.3759765625 0.1640625 0.0224609375 0.0361328125
2 0.3173828125 0.154296875 0.0107421875 0.025390625
0 0.4619140625 0.3759765625 0.0458984375 0.095703125
3 0.5283203125 0.4873046875 0.0947265625 0.255859375
0 0.7861328125 0.6826171875 0.126953125 0.19140625
2 0.306640625 0.1513671875 0.0087890625 0.0224609375
0 0.4287109375 0.30078125 0.044921875 0.103515625
0 0.458984375 0.2294921875 0.033203125 0.0693359375
3 0.3349609375 0.134765625 0.01953125 0.0458984375
3 0.4150390625 0.1826171875 0.0517578125 0.0986328125
3 0.2880859375 0.12109375 0.015625 0.0439453125
0 0.3974609375 0.263671875 0.0126953125 0.0537109375
0 0.2119140625 0.9453125 0.224609375 0.1044921875