2 0.2939453125 0.24609375 0.0107421875 0.0283203125
2 0.3017578125 0.275390625 0.0126953125 0.0439453125
2 0.328125 0.2705078125 0.0107421875 0.0341796875
2 0.28125 0.3818359375 0.0146484375 0.0517578125
2 0.3154296875 0.2958984375 0.0126953125 0.0419921875
2 0.326171875 0.2392578125 0.009765625 0.03125
0 0.3525390625 0.49609375 0.048828125 0.1162109375
2 0.3076171875 0.6376953125 0.017578125 0.0595703125
0 0.318359375 0.1484375 0.01953125 0.0322265625
3 0.3642578125 0.138671875 0.0185546875 0.0380859375
0 0.4111328125 0.2783203125 0.037109375 0.0693359375
3 0.4453125 0.6240234375 0.1669921875 0.3681640625
3 0.3837890625 0.1630859375 0.02734375 0.060546875
0 0.3388671875 0.1484375 0.01171875 0.0263671875
3 0.2890625 0.123046875 0.0146484375 0.0517578125
0 0.328125 0.185546875 0.01953125 0.0380859375
0 0.2451171875 0.1923828125 0.0224609375 0.0390625
3 0.3427734375 0.35546875 0.04296875 0.1005859375
0 0.4228515625 0.154296875 0.0146484375 0.0283203125