0 0.2353515625 0.263671875 0.037109375 0.0732421875
2 0.9775390625 0.5908203125 0.0439453125 0.1455078125
2 0.92578125 0.5439453125 0.0517578125 0.0849609375
2 0.3984375 0.154296875 0.005859375 0.017578125
3 0.5078125 0.419921875 0.0849609375 0.21484375
2 0.28515625 0.466796875 0.01953125 0.0576171875
2 0.25 0.4306640625 0.017578125 0.0556640625
0 0.369140625 0.55078125 0.0791015625 0.1201171875
2 0.8935546875 0.5498046875 0.033203125 0.0576171875
2 0.576171875 0.2998046875 0.0390625 0.0400390625
2 0.2841796875 0.5673828125 0.0244140625 0.08203125
2 0.2724609375 0.373046875 0.015625 0.0458984375
0 0.3623046875 0.1337890625 0.0185546875 0.03515625
2 0.44140625 0.4443359375 0.0234375 0.0703125
2 0.314453125 0.2080078125 0.0107421875 0.033203125
2 0.326171875 0.234375 0.0107421875 0.029296875
0 0.3837890625 0.1708984375 0.021484375 0.04296875
2 0.2548828125 0.25 0.0107421875 0.0361328125
2 0.302734375 0.201171875 0.009765625 0.0283203125
3 0.337890625 0.1435546875 0.021484375 0.0517578125
2 0.6162109375 0.4228515625 0.0185546875 0.0576171875
0 0.3193359375 0.1435546875 0.013671875 0.025390625
2 0.3115234375 0.2451171875 0.01171875 0.0361328125
2 0.423828125 0.16015625 0.009765625 0.021484375
3 0.3466796875 0.3388671875 0.0791015625 0.1953125
0 0.736328125 0.6318359375 0.1201171875 0.1904296875
3 0.4462890625 0.2197265625 0.0380859375 0.0791015625
0 0.5068359375 0.3203125 0.052734375 0.05078125
0 0.0556640625 0.6025390625 0.109375 0.2529296875
0 0.5830078125 0.9736328125 0.162109375 0.048828125