2 0.916015625 0.5439453125 0.07421875 0.0908203125
2 0.5751953125 0.298828125 0.0361328125 0.0439453125
2 0.39453125 0.15625 0.005859375 0.0185546875
0 0.2392578125 0.2626953125 0.0400390625 0.0673828125
0 0.4140625 0.2587890625 0.037109375 0.068359375
2 0.4208984375 0.2060546875 0.0087890625 0.0322265625
2 0.970703125 0.63671875 0.0341796875 0.060546875
0 0.4970703125 0.583984375 0.083984375 0.21875
2 0.4423828125 0.25390625 0.01171875 0.0341796875
0 0.3662109375 0.1396484375 0.0146484375 0.02734375
0 0.2900390625 0.3388671875 0.0458984375 0.0771484375
2 0.267578125 0.3212890625 0.0126953125 0.0400390625
2 0.5830078125 0.3955078125 0.0185546875 0.0634765625
0 0.4150390625 0.1630859375 0.0205078125 0.037109375
2 0.3828125 0.1767578125 0.0107421875 0.0263671875
3 0.3466796875 0.2060546875 0.0380859375 0.0869140625
0 0.345703125 0.3046875 0.0380859375 0.0751953125
0 0.384765625 0.134765625 0.01171875 0.025390625
0 0.2998046875 0.28125 0.033203125 0.0576171875
2 0.2509765625 0.3662109375 0.0146484375 0.044921875
0 0.3134765625 0.171875 0.017578125 0.0322265625
2 0.4345703125 0.1640625 0.0107421875 0.0263671875
2 0.822265625 0.861328125 0.056640625 0.08984375
2 0.2724609375 0.2783203125 0.0166015625 0.0380859375
2 0.42578125 0.3291015625 0.013671875 0.056640625
2 0.3251953125 0.2216796875 0.0087890625 0.029296875
0 0.4951171875 0.4248046875 0.0712890625 0.115234375
0 0.2890625 0.8310546875 0.232421875 0.3154296875
0 0.3037109375 0.2255859375 0.0283203125 0.046875
3 0.337890625 0.1513671875 0.0244140625 0.04296875
0 0.4921875 0.2177734375 0.0283203125 0.048828125
0 0.3564453125 0.1279296875 0.0107421875 0.0234375