0 0.474609375 0.25 0.0380859375 0.0712890625
2 0.6552734375 0.5048828125 0.0263671875 0.0791015625
0 0.2666015625 0.330078125 0.0380859375 0.060546875
0 0.884765625 0.8212890625 0.158203125 0.2490234375
2 0.314453125 0.166015625 0.0087890625 0.0263671875
0 0.4697265625 0.3896484375 0.05078125 0.087890625
3 0.42578125 0.232421875 0.0498046875 0.080078125
3 0.19921875 0.4736328125 0.1015625 0.171875
3 0.3818359375 0.1767578125 0.0224609375 0.0517578125
0 0.3359375 0.1796875 0.0244140625 0.0478515625
3 0.333984375 0.1337890625 0.017578125 0.041015625
0 0.390625 0.83984375 0.193359375 0.3046875
2 0.251953125 0.400390625 0.0166015625 0.0576171875
3 0.525390625 0.537109375 0.09765625 0.29296875
2 0.162109375 0.8857421875 0.0830078125 0.123046875
3 0.365234375 0.1376953125 0.013671875 0.0302734375
0 0.3974609375 0.2626953125 0.0126953125 0.0537109375
0 0.3193359375 0.1416015625 0.0107421875 0.0263671875