2 0.9140625 0.5380859375 0.0703125 0.0908203125
2 0.578125 0.302734375 0.033203125 0.0390625
2 0.970703125 0.6376953125 0.03515625 0.064453125
0 0.3515625 0.30078125 0.0341796875 0.060546875
0 0.3388671875 0.2568359375 0.033203125 0.0537109375
0 0.4521484375 0.3056640625 0.044921875 0.0810546875
2 0.4697265625 0.4794921875 0.021484375 0.0810546875
0 0.2607421875 0.2587890625 0.0556640625 0.06640625
2 0.4833984375 0.2890625 0.01171875 0.03515625
0 0.3466796875 0.2138671875 0.0244140625 0.0361328125
0 0.337890625 0.8310546875 0.203125 0.2978515625
2 0.154296875 0.91015625 0.0869140625 0.1025390625
3 0.3818359375 0.1513671875 0.021484375 0.0517578125
2 0.25 0.3623046875 0.0146484375 0.048828125
0 0.3134765625 0.2314453125 0.0263671875 0.0400390625
0 0.4111328125 0.236328125 0.033203125 0.0537109375
2 0.3759765625 0.1943359375 0.0087890625 0.0263671875
2 0.2900390625 0.2392578125 0.01171875 0.033203125
0 0.4169921875 0.1630859375 0.0205078125 0.037109375
2 0.517578125 0.255859375 0.0126953125 0.037109375
2 0.5517578125 0.357421875 0.01953125 0.0537109375
2 0.54296875 0.255859375 0.013671875 0.03125
0 0.3125 0.1767578125 0.021484375 0.033203125
3 0.3427734375 0.1708984375 0.033203125 0.0625
3 0.3662109375 0.125 0.0244140625 0.052734375
2 0.5 0.2421875 0.0107421875 0.041015625
3 0.3193359375 0.13671875 0.017578125 0.0419921875