2 0.5771484375 0.302734375 0.037109375 0.041015625
2 0.9150390625 0.5439453125 0.0732421875 0.0908203125
2 0.5703125 0.5537109375 0.029296875 0.08984375
2 0.7490234375 0.6611328125 0.0400390625 0.1064453125
0 0.3623046875 0.5 0.07421875 0.123046875
0 0.349609375 0.3720703125 0.0439453125 0.080078125
2 0.5400390625 0.7138671875 0.037109375 0.1064453125
2 0.2734375 0.298828125 0.0126953125 0.0380859375
2 0.4951171875 0.671875 0.0400390625 0.1162109375
0 0.2412109375 0.40234375 0.0576171875 0.087890625
0 0.435546875 0.1884765625 0.021484375 0.0498046875
2 0.2890625 0.2578125 0.013671875 0.0400390625
2 0.4619140625 0.203125 0.0107421875 0.0302734375
2 0.73046875 0.5673828125 0.033203125 0.0693359375
3 0.3427734375 0.267578125 0.0478515625 0.130859375
0 0.4970703125 0.5126953125 0.072265625 0.185546875
2 0.390625 0.833984375 0.07421875 0.1279296875
0 0.3134765625 0.1669921875 0.0205078125 0.0283203125
2 0.96875 0.640625 0.0302734375 0.0576171875
0 0.4169921875 0.232421875 0.025390625 0.0625
3 0.3798828125 0.1611328125 0.0400390625 0.09765625
2 0.3037109375 0.224609375 0.0126953125 0.03125
2 0.45703125 0.3505859375 0.0166015625 0.0615234375
0 0.31640625 0.1455078125 0.0185546875 0.0263671875
3 0.361328125 0.1337890625 0.0126953125 0.041015625
0 0.9404296875 0.845703125 0.1181640625 0.3017578125
0 0.4091796875 0.146484375 0.0224609375 0.0263671875