2 0.892578125 0.5498046875 0.0302734375 0.0556640625
0 0.322265625 0.24609375 0.03125 0.0458984375
0 0.337890625 0.185546875 0.0244140625 0.0419921875
0 0.3935546875 0.2158203125 0.02734375 0.044921875
0 0.4912109375 0.4677734375 0.068359375 0.1357421875
0 0.3818359375 0.1689453125 0.01953125 0.0361328125
0 0.5712890625 0.373046875 0.0615234375 0.1171875
2 0.287109375 0.1806640625 0.0078125 0.0283203125
0 0.4892578125 0.880859375 0.150390625 0.2314453125
2 0.36328125 0.8974609375 0.04296875 0.1318359375
3 0.369140625 0.1298828125 0.021484375 0.0537109375
0 0.4423828125 0.2265625 0.0244140625 0.0498046875
0 0.3154296875 0.15234375 0.0166015625 0.033203125
3 0.4658203125 0.259765625 0.0400390625 0.083984375
2 0.279296875 0.3046875 0.0166015625 0.0322265625
2 0.931640625 0.5380859375 0.0419921875 0.08984375
0 0.4267578125 0.2001953125 0.0244140625 0.03515625
0 0.732421875 0.712890625 0.150390625 0.240234375
0 0.3916015625 0.140625 0.01171875 0.0234375