2 0.9150390625 0.541015625 0.07421875 0.0927734375
0 0.4287109375 0.67578125 0.1142578125 0.171875
0 0.3583984375 0.453125 0.060546875 0.1123046875
2 0.978515625 0.623046875 0.04296875 0.0966796875
0 0.517578125 0.5458984375 0.087890625 0.1611328125
0 0.4853515625 0.4130859375 0.056640625 0.1162109375
0 0.5009765625 0.2666015625 0.0380859375 0.0576171875
2 0.3193359375 0.2373046875 0.009765625 0.0302734375
0 0.3037109375 0.2197265625 0.03125 0.052734375
2 0.4658203125 0.2685546875 0.017578125 0.056640625
0 0.3349609375 0.1396484375 0.017578125 0.0263671875
0 0.341796875 0.3486328125 0.0439453125 0.080078125
0 0.68359375 0.6650390625 0.1201171875 0.1943359375
2 0.4072265625 0.826171875 0.037109375 0.10546875
2 0.90625 0.7890625 0.0654296875 0.123046875
2 0.3154296875 0.1591796875 0.0068359375 0.01953125
0 0.5087890625 0.3251953125 0.05078125 0.080078125
0 0.44140625 0.27734375 0.0419921875 0.0654296875
2 0.2861328125 0.3818359375 0.0185546875 0.0537109375
2 0.4921875 0.2216796875 0.017578125 0.0361328125
2 0.5751953125 0.298828125 0.0341796875 0.04296875
2 0.439453125 0.2373046875 0.01171875 0.029296875
2 0.3671875 0.1318359375 0.0048828125 0.0166015625
0 0.923828125 0.9189453125 0.150390625 0.150390625
2 0.3037109375 0.15234375 0.0068359375 0.0205078125
3 0.6328125 0.4599609375 0.1318359375 0.27734375
0 0.376953125 0.1298828125 0.0087890625 0.017578125
0 0.337890625 0.171875 0.0244140625 0.0478515625
3 0.2890625 0.1220703125 0.0166015625 0.044921875
0 0.2431640625 0.1826171875 0.017578125 0.03125