2 0.9287109375 0.54296875 0.0556640625 0.0947265625
2 0.9765625 0.615234375 0.044921875 0.107421875
2 0.4306640625 0.3681640625 0.015625 0.060546875
2 0.478515625 0.208984375 0.0185546875 0.0322265625
2 0.5771484375 0.3017578125 0.037109375 0.0390625
0 0.388671875 0.1962890625 0.025390625 0.044921875
0 0.3408203125 0.2734375 0.0341796875 0.05859375
2 0.2861328125 0.31640625 0.0126953125 0.0380859375
2 0.4833984375 0.564453125 0.02734375 0.0859375
2 0.404296875 0.173828125 0.0087890625 0.0263671875
2 0.3408203125 0.6513671875 0.02734375 0.08984375
3 0.3564453125 0.123046875 0.013671875 0.029296875
0 0.3349609375 0.1533203125 0.017578125 0.0341796875
2 0.4619140625 0.197265625 0.0068359375 0.0263671875
0 0.3349609375 0.1279296875 0.01171875 0.0205078125
0 0.3388671875 0.2080078125 0.025390625 0.041015625
2 0.4638671875 0.40625 0.0185546875 0.0595703125
3 0.376953125 0.15234375 0.029296875 0.064453125
2 0.3212890625 0.150390625 0.005859375 0.0205078125
3 0.439453125 0.1904296875 0.0390625 0.0859375
3 0.3779296875 0.4814453125 0.08984375 0.1962890625
0 0.3486328125 0.37109375 0.048828125 0.1044921875
3 0.2880859375 0.1220703125 0.013671875 0.04296875