2 0.5732421875 0.2998046875 0.0322265625 0.0400390625
2 0.9775390625 0.6279296875 0.044921875 0.080078125
0 0.4365234375 0.2978515625 0.0400390625 0.09765625
0 0.5244140625 0.517578125 0.07421875 0.1875
2 0.2998046875 0.201171875 0.0087890625 0.0380859375
3 0.3408203125 0.2431640625 0.037109375 0.0927734375
0 0.31640625 0.150390625 0.017578125 0.033203125
2 0.4736328125 0.208984375 0.0087890625 0.0263671875
2 0.8251953125 0.685546875 0.046875 0.1279296875
0 0.4326171875 0.7119140625 0.1357421875 0.2294921875
3 0.3720703125 0.12890625 0.0341796875 0.0634765625
2 0.3916015625 0.21875 0.0126953125 0.037109375
2 0.92578125 0.5390625 0.0458984375 0.0791015625
3 0.337890625 0.1591796875 0.021484375 0.0517578125
0 0.185546875 0.5439453125 0.12109375 0.1298828125
0 0.94140625 0.888671875 0.1171875 0.2109375
0 0.390625 0.1416015625 0.017578125 0.03125