0 0.3408203125 0.296875 0.037109375 0.06640625
0 0.302734375 0.4072265625 0.0478515625 0.1025390625
0 0.3876953125 0.646484375 0.1142578125 0.19921875
0 0.4111328125 0.2412109375 0.03125 0.0556640625
3 0.55078125 0.5517578125 0.1064453125 0.2861328125
2 0.259765625 0.478515625 0.01953125 0.06640625
0 0.2353515625 0.2666015625 0.0380859375 0.0703125
0 0.431640625 0.302734375 0.0419921875 0.0791015625
0 0.37109375 0.140625 0.015625 0.0263671875
3 0.3212890625 0.201171875 0.02734375 0.076171875
2 0.9140625 0.544921875 0.0751953125 0.0888671875
0 0.341796875 0.248046875 0.033203125 0.0517578125
2 0.40234375 0.1591796875 0.009765625 0.0234375
2 0.98046875 0.61328125 0.0380859375 0.1005859375
2 0.2412109375 0.443359375 0.0185546875 0.056640625
2 0.3994140625 0.8876953125 0.04296875 0.1171875
2 0.2919921875 0.26171875 0.0107421875 0.037109375
2 0.5771484375 0.302734375 0.0341796875 0.0390625
2 0.189453125 0.5224609375 0.0302734375 0.0654296875
3 0.3388671875 0.154296875 0.0283203125 0.076171875
2 0.462890625 0.6044921875 0.033203125 0.0966796875
2 0.2626953125 0.75390625 0.02734375 0.0810546875
2 0.33203125 0.7861328125 0.0400390625 0.095703125
2 0.28515625 0.87890625 0.044921875 0.1142578125
2 0.4267578125 0.16015625 0.009765625 0.021484375
2 0.296875 0.2333984375 0.0107421875 0.03515625
2 0.3173828125 0.1455078125 0.0107421875 0.02734375
3 0.7607421875 0.74609375 0.2470703125 0.3291015625
3 0.3837890625 0.1318359375 0.013671875 0.033203125