0 0.3330078125 0.125 0.0146484375 0.0263671875
0 0.501953125 0.3662109375 0.0576171875 0.095703125
2 0.501953125 0.2841796875 0.013671875 0.0390625
2 0.3037109375 0.146484375 0.005859375 0.0263671875
2 0.3388671875 0.775390625 0.0576171875 0.1220703125
2 0.4072265625 0.6884765625 0.0361328125 0.09765625
0 0.36328125 0.12890625 0.0166015625 0.021484375
2 0.3916015625 0.1435546875 0.005859375 0.017578125
3 0.158203125 0.875 0.234375 0.2431640625
3 0.75 0.6357421875 0.2626953125 0.4873046875
0 0.189453125 0.1640625 0.029296875 0.0322265625