2 0.9013671875 0.5390625 0.0478515625 0.080078125
2 0.9765625 0.6162109375 0.044921875 0.107421875
0 0.236328125 0.265625 0.037109375 0.0712890625
2 0.421875 0.3330078125 0.017578125 0.0517578125
2 0.4345703125 0.2265625 0.0107421875 0.0322265625
2 0.474609375 0.2080078125 0.01171875 0.0302734375
2 0.501953125 0.3125 0.0146484375 0.0458984375
0 0.4150390625 0.1611328125 0.0205078125 0.0390625
3 0.30859375 0.279296875 0.0556640625 0.1435546875
2 0.5263671875 0.337890625 0.0166015625 0.0517578125
2 0.26171875 0.365234375 0.015625 0.0517578125
0 0.3876953125 0.1552734375 0.01953125 0.041015625
2 0.5732421875 0.3056640625 0.029296875 0.033203125
2 0.4873046875 0.2802734375 0.01171875 0.0380859375
0 0.3427734375 0.3447265625 0.0400390625 0.0791015625
0 0.3974609375 0.197265625 0.0283203125 0.044921875
3 0.0693359375 0.62109375 0.13671875 0.205078125
3 0.3662109375 0.138671875 0.0205078125 0.0458984375
0 0.435546875 0.1884765625 0.0244140625 0.0458984375
0 0.4921875 0.2197265625 0.02734375 0.048828125
2 0.3154296875 0.162109375 0.005859375 0.0205078125
3 0.353515625 0.126953125 0.009765625 0.0263671875
0 0.1552734375 0.857421875 0.2607421875 0.26953125
0 0.2685546875 0.28125 0.029296875 0.080078125
2 0.306640625 0.1533203125 0.0087890625 0.01953125
3 0.2890625 0.1240234375 0.0146484375 0.0458984375
0 0.48046875 0.6005859375 0.095703125 0.2236328125