2 0.41015625 0.6669921875 0.0546875 0.115234375
2 0.263671875 0.8388671875 0.0751953125 0.1337890625
0 0.4599609375 0.369140625 0.044921875 0.08984375
0 0.2353515625 0.427734375 0.0625 0.0859375
0 0.71484375 0.5859375 0.1025390625 0.158203125
3 0.3359375 0.140625 0.021484375 0.048828125
0 0.427734375 0.2998046875 0.0439453125 0.1025390625
3 0.3974609375 0.1689453125 0.0400390625 0.080078125
0 0.5205078125 0.6513671875 0.1015625 0.2294921875
0 0.337890625 0.220703125 0.0302734375 0.0703125
0 0.384765625 0.8837890625 0.2265625 0.22265625
3 0.369140625 0.158203125 0.0185546875 0.04296875
2 0.31640625 0.1650390625 0.0146484375 0.03125
0 0.4462890625 0.2138671875 0.025390625 0.046875
3 0.51953125 0.439453125 0.0908203125 0.2080078125
0 0.3974609375 0.2646484375 0.01171875 0.056640625
0 0.0478515625 0.6591796875 0.091796875 0.1513671875