2 0.9150390625 0.5390625 0.0771484375 0.09765625
0 0.3662109375 0.1494140625 0.0146484375 0.0302734375
2 0.8564453125 0.76171875 0.052734375 0.1220703125
2 0.9765625 0.6298828125 0.0439453125 0.0771484375
2 0.796875 0.765625 0.0537109375 0.1220703125
2 0.576171875 0.3017578125 0.0380859375 0.0390625
0 0.3369140625 0.138671875 0.0126953125 0.0224609375
0 0.3837890625 0.185546875 0.0224609375 0.0361328125
0 0.40234375 0.169921875 0.0205078125 0.0380859375
2 0.3447265625 0.2216796875 0.009765625 0.02734375
3 0.2822265625 0.3779296875 0.123046875 0.2158203125
2 0.3037109375 0.1533203125 0.0068359375 0.0234375
2 0.2294921875 0.892578125 0.0830078125 0.130859375
2 0.318359375 0.1806640625 0.0087890625 0.0244140625
2 0.31640625 0.2626953125 0.0126953125 0.0283203125
2 0.3212890625 0.140625 0.005859375 0.0185546875
0 0.4765625 0.2607421875 0.0380859375 0.076171875
2 0.3330078125 0.1865234375 0.009765625 0.0234375
2 0.4306640625 0.9296875 0.048828125 0.1357421875
2 0.3876953125 0.244140625 0.0107421875 0.0322265625
0 0.4755859375 0.4208984375 0.060546875 0.1337890625
0 0.41015625 0.248046875 0.0400390625 0.0947265625
2 0.55859375 0.376953125 0.0166015625 0.05859375
0 0.3857421875 0.1455078125 0.0166015625 0.0283203125
3 0.072265625 0.63671875 0.1416015625 0.2177734375
3 0.3349609375 0.1123046875 0.0126953125 0.0244140625
0 0.359375 0.1259765625 0.015625 0.03125