3 0.3349609375 0.1259765625 0.0166015625 0.0322265625
2 0.9140625 0.5419921875 0.072265625 0.08984375
2 0.3408203125 0.140625 0.005859375 0.0185546875
2 0.3212890625 0.1494140625 0.005859375 0.01953125
2 0.42578125 0.255859375 0.0107421875 0.03515625
2 0.578125 0.30078125 0.03515625 0.037109375
2 0.404296875 0.224609375 0.0087890625 0.03125
0 0.37890625 0.1533203125 0.0205078125 0.0341796875
0 0.3232421875 0.822265625 0.1826171875 0.240234375
3 0.4072265625 0.1640625 0.0390625 0.08203125
3 0.3662109375 0.1181640625 0.01171875 0.0263671875
3 0.353515625 0.1162109375 0.0126953125 0.029296875
3 0.509765625 0.595703125 0.0947265625 0.19921875