2 0.916015625 0.5419921875 0.080078125 0.091796875
2 0.4072265625 0.2734375 0.01171875 0.0390625
2 0.4208984375 0.294921875 0.013671875 0.04296875
2 0.9775390625 0.595703125 0.044921875 0.1357421875
0 0.388671875 0.158203125 0.0185546875 0.037109375
2 0.462890625 0.462890625 0.0185546875 0.06640625
0 0.337890625 0.1787109375 0.0244140625 0.0478515625
0 0.3447265625 0.369140625 0.0498046875 0.083984375
0 0.3408203125 0.263671875 0.033203125 0.052734375
0 0.3349609375 0.1337890625 0.013671875 0.029296875
2 0.2060546875 0.48828125 0.0234375 0.0625
2 0.5654296875 0.2998046875 0.021484375 0.0400390625
2 0.3154296875 0.1708984375 0.0068359375 0.025390625
2 0.4775390625 0.2109375 0.0146484375 0.0302734375
3 0.4814453125 0.765625 0.1728515625 0.361328125
3 0.353515625 0.119140625 0.0087890625 0.0263671875
0 0.3681640625 0.5078125 0.076171875 0.142578125
3 0.369140625 0.1357421875 0.0263671875 0.056640625
3 0.4208984375 0.16796875 0.0341796875 0.0712890625
3 0.2890625 0.123046875 0.0146484375 0.04296875