0 0.341796875 0.2646484375 0.0361328125 0.0625
0 0.2060546875 0.4921875 0.0849609375 0.1005859375
2 0.4912109375 0.2685546875 0.0126953125 0.0380859375
0 0.4560546875 0.3603515625 0.0439453125 0.0849609375
0 0.6591796875 0.50390625 0.0849609375 0.12890625
2 0.310546875 0.181640625 0.0087890625 0.0341796875
2 0.41015625 0.7021484375 0.041015625 0.1181640625
2 0.3037109375 0.5703125 0.0419921875 0.087890625
3 0.3369140625 0.1435546875 0.025390625 0.068359375
3 0.3642578125 0.1455078125 0.0166015625 0.046875
2 0.4736328125 0.5869140625 0.0341796875 0.0927734375
2 0.3271484375 0.1845703125 0.0087890625 0.029296875
2 0.302734375 0.2373046875 0.01171875 0.0400390625
3 0.423828125 0.2431640625 0.0478515625 0.099609375
2 0.3173828125 0.140625 0.0087890625 0.0283203125
0 0.498046875 0.8056640625 0.146484375 0.2685546875
0 0.4306640625 0.185546875 0.0244140625 0.03515625
3 0.388671875 0.16015625 0.0361328125 0.091796875
2 0.0576171875 0.6337890625 0.05078125 0.072265625
0 0.8037109375 0.947265625 0.248046875 0.10546875
3 0.513671875 0.4267578125 0.087890625 0.2041015625
0 0.3984375 0.2626953125 0.01171875 0.048828125
3 0.2890625 0.12109375 0.0166015625 0.044921875
0 0.333984375 0.2197265625 0.02734375 0.0419921875