2 0.92578125 0.544921875 0.0576171875 0.0869140625
0 0.345703125 0.322265625 0.0390625 0.0712890625
0 0.2861328125 0.2607421875 0.0302734375 0.052734375
2 0.44921875 0.4560546875 0.025390625 0.0751953125
0 0.4326171875 0.1767578125 0.021484375 0.0419921875
2 0.5771484375 0.30078125 0.0361328125 0.0439453125
0 0.3408203125 0.1513671875 0.0146484375 0.0224609375
0 0.3740234375 0.15625 0.017578125 0.0263671875
3 0.4951171875 0.306640625 0.115234375 0.2294921875
0 0.3388671875 0.181640625 0.0205078125 0.0263671875
0 0.271484375 0.3671875 0.0439453125 0.0947265625
2 0.2900390625 0.2109375 0.0146484375 0.04296875
0 0.314453125 0.1611328125 0.01953125 0.0322265625
2 0.9765625 0.5947265625 0.044921875 0.1337890625
3 0.4169921875 0.2314453125 0.0400390625 0.08984375
2 0.1953125 0.5205078125 0.0283203125 0.0673828125
3 0.3603515625 0.119140625 0.017578125 0.033203125
2 0.3203125 0.18359375 0.013671875 0.0263671875
2 0.306640625 0.2197265625 0.0185546875 0.03515625
0 0.390625 0.1357421875 0.0146484375 0.02734375
0 0.51953125 0.5029296875 0.072265625 0.16015625
3 0.7685546875 0.732421875 0.2119140625 0.33203125
0 0.322265625 0.1357421875 0.01171875 0.029296875