2 0.927734375 0.54296875 0.0498046875 0.0849609375
2 0.8935546875 0.54296875 0.0341796875 0.0693359375
3 0.52734375 0.4794921875 0.0908203125 0.2392578125
2 0.419921875 0.1787109375 0.0068359375 0.0263671875
2 0.578125 0.3037109375 0.037109375 0.0361328125
2 0.3076171875 0.251953125 0.0107421875 0.0302734375
0 0.337890625 0.3984375 0.05078125 0.0849609375
0 0.2353515625 0.265625 0.037109375 0.07421875
2 0.2763671875 0.3486328125 0.013671875 0.0478515625
2 0.4052734375 0.1806640625 0.0087890625 0.0263671875
2 0.974609375 0.630859375 0.041015625 0.0771484375
2 0.310546875 0.59375 0.029296875 0.0810546875
2 0.29296875 0.30078125 0.0126953125 0.041015625
2 0.4013671875 0.1552734375 0.0087890625 0.0205078125
2 0.322265625 0.1923828125 0.009765625 0.029296875
0 0.681640625 0.6005859375 0.1142578125 0.1884765625
2 0.3359375 0.1767578125 0.0087890625 0.02734375
2 0.4765625 0.2099609375 0.0126953125 0.0322265625
3 0.3369140625 0.1396484375 0.0244140625 0.0556640625
2 0.3447265625 0.7724609375 0.033203125 0.1005859375
0 0.3203125 0.140625 0.013671875 0.0263671875
0 0.4375 0.7197265625 0.138671875 0.2275390625
0 0.4150390625 0.220703125 0.0302734375 0.056640625
3 0.33984375 0.271484375 0.0576171875 0.1376953125
0 0.37109375 0.150390625 0.0244140625 0.046875
3 0.5087890625 0.3095703125 0.0703125 0.1083984375
0 0.3603515625 0.130859375 0.009765625 0.0234375