0 0.6162109375 0.4755859375 0.068359375 0.1298828125
0 0.478515625 0.30078125 0.044921875 0.0859375
0 0.4208984375 0.22265625 0.029296875 0.0615234375
0 0.8134765625 0.763671875 0.1669921875 0.26171875
0 0.271484375 0.3193359375 0.0419921875 0.068359375
3 0.3916015625 0.171875 0.029296875 0.060546875
3 0.33984375 0.1806640625 0.0322265625 0.091796875
0 0.466796875 0.4384765625 0.048828125 0.1162109375
0 0.34375 0.267578125 0.0361328125 0.0693359375
3 0.3583984375 0.1240234375 0.013671875 0.0322265625
0 0.462890625 0.86328125 0.15625 0.2412109375
0 0.5361328125 0.525390625 0.1123046875 0.267578125