3 0.3076171875 0.18359375 0.03515625 0.0849609375
3 0.2548828125 0.4716796875 0.12890625 0.173828125
3 0.3427734375 0.298828125 0.048828125 0.099609375
0 0.2373046875 0.2646484375 0.0400390625 0.0693359375
0 0.4580078125 0.2109375 0.0322265625 0.046875
2 0.9150390625 0.5400390625 0.0791015625 0.0947265625
2 0.544921875 0.251953125 0.01171875 0.0341796875
3 0.4169921875 0.23828125 0.0537109375 0.10546875
0 0.337890625 0.2275390625 0.02734375 0.04296875
2 0.974609375 0.630859375 0.041015625 0.076171875
2 0.5751953125 0.2998046875 0.0322265625 0.041015625
0 0.384765625 0.1953125 0.0244140625 0.05078125
2 0.2978515625 0.2431640625 0.0107421875 0.0322265625
0 0.486328125 0.4287109375 0.0703125 0.158203125
2 0.5322265625 0.41015625 0.017578125 0.0576171875
2 0.3369140625 0.833984375 0.0400390625 0.125
0 0.3642578125 0.14453125 0.0166015625 0.0322265625
0 0.61328125 0.42578125 0.080078125 0.1484375
2 0.2880859375 0.3466796875 0.0166015625 0.05078125
3 0.3388671875 0.185546875 0.02734375 0.0576171875
0 0.0673828125 0.6435546875 0.1298828125 0.1494140625
3 0.4755859375 0.78125 0.19140625 0.3857421875
3 0.2880859375 0.1220703125 0.015625 0.0458984375
0 0.935546875 0.83203125 0.12890625 0.302734375
0 0.400390625 0.1748046875 0.013671875 0.0283203125
0 0.3779296875 0.1396484375 0.0087890625 0.0205078125