2 0.8984375 0.5400390625 0.04296875 0.078125
0 0.2353515625 0.267578125 0.0390625 0.0712890625
2 0.9765625 0.6181640625 0.046875 0.099609375
2 0.5791015625 0.3017578125 0.0380859375 0.0419921875
2 0.30859375 0.4345703125 0.0205078125 0.0537109375
2 0.46484375 0.271484375 0.013671875 0.041015625
2 0.30859375 0.2255859375 0.009765625 0.0283203125
2 0.544921875 0.2529296875 0.01171875 0.033203125
2 0.4775390625 0.2080078125 0.017578125 0.03515625
2 0.4619140625 0.3974609375 0.01953125 0.0625
2 0.3310546875 0.232421875 0.0107421875 0.0341796875
2 0.490234375 0.5673828125 0.02734375 0.09375
2 0.37890625 0.13671875 0.005859375 0.0166015625
3 0.3349609375 0.1259765625 0.0244140625 0.0439453125
0 0.3037109375 0.28515625 0.037109375 0.072265625
2 0.3681640625 0.15234375 0.0068359375 0.01953125
2 0.2802734375 0.2802734375 0.01171875 0.044921875
2 0.287109375 0.5068359375 0.025390625 0.076171875
0 0.30859375 0.1748046875 0.021484375 0.0400390625
3 0.357421875 0.123046875 0.0166015625 0.03125
2 0.3955078125 0.1416015625 0.005859375 0.01953125
2 0.3974609375 0.16015625 0.005859375 0.021484375
0 0.34375 0.2666015625 0.03125 0.060546875
0 0.3330078125 0.1953125 0.0234375 0.041015625
2 0.2646484375 0.2216796875 0.009765625 0.0380859375
0 0.2490234375 0.3955078125 0.0654296875 0.0908203125
0 0.388671875 0.546875 0.099609375 0.16015625
2 0.3447265625 0.173828125 0.0087890625 0.0234375
2 0.2900390625 0.2275390625 0.0078125 0.0263671875
3 0.412109375 0.20703125 0.03515625 0.0791015625
0 0.3505859375 0.3759765625 0.0498046875 0.1025390625
3 0.2890625 0.1220703125 0.0146484375 0.0419921875
0 0.50390625 0.84375 0.1552734375 0.23046875
0 0.759765625 0.5888671875 0.119140625 0.1904296875