2 0.904296875 0.5380859375 0.0556640625 0.0830078125
2 0.478515625 0.208984375 0.017578125 0.0341796875
2 0.2724609375 0.3486328125 0.0146484375 0.0439453125
2 0.4169921875 0.19921875 0.0087890625 0.0263671875
2 0.337890625 0.4990234375 0.0263671875 0.076171875
0 0.2353515625 0.265625 0.0361328125 0.0712890625
0 0.4580078125 0.3251953125 0.0498046875 0.083984375
2 0.314453125 0.154296875 0.005859375 0.0185546875
2 0.5771484375 0.3017578125 0.0380859375 0.0400390625
2 0.9775390625 0.6201171875 0.044921875 0.0986328125
0 0.5322265625 0.3056640625 0.044921875 0.0732421875
2 0.3779296875 0.1953125 0.009765625 0.0341796875
0 0.169921875 0.505859375 0.1103515625 0.1416015625
3 0.3408203125 0.193359375 0.0361328125 0.10546875
2 0.3193359375 0.45703125 0.021484375 0.0625
2 0.32421875 0.6650390625 0.033203125 0.11328125
3 0.3583984375 0.125 0.0146484375 0.0283203125
2 0.3935546875 0.1484375 0.005859375 0.0146484375
2 0.453125 0.271484375 0.0126953125 0.029296875
2 0.6064453125 0.5068359375 0.0224609375 0.080078125
2 0.3212890625 0.140625 0.0087890625 0.0234375
3 0.37109375 0.134765625 0.0166015625 0.0263671875
3 0.5341796875 0.7255859375 0.33203125 0.548828125
0 0.337890625 0.1328125 0.0146484375 0.01953125
3 0.2890625 0.1240234375 0.015625 0.0458984375
0 0.7470703125 0.7802734375 0.154296875 0.2646484375
0 0.661979166015625 0.603703703125 0.668229166015625 0.611111111328125 0.677083333984375 0.6268518515625 0.682291666015625 0.65092592578125 0.741145833984375 0.65277777734375 0.751041666015625 0.638888888671875 0.752604166015625 0.6194444453125 0.7453125 0.5694444453125 0.747395833984375 0.556481482421875 0.7421875 0.546296296875 0.734895833984375 0.52037037109375 0.70625 0.4805555546875 0.691145833984375 0.47037037109375 0.656770833984375 0.47222222265625 0.652604166015625 0.4768518515625 0.648958333984375 0.493518517578125 0.644270833984375 0.535185185546875 0.6421875 0.563888888671875 0.647395833984375 0.588888888671875 0.653125 0.6 0.661979166015625 0.603703703125