2 0.9755859375 0.6279296875 0.0439453125 0.08203125
2 0.89453125 0.5439453125 0.0341796875 0.0693359375
2 0.5751953125 0.302734375 0.0302734375 0.0390625
0 0.39453125 0.7568359375 0.197265625 0.3095703125
2 0.482421875 0.4990234375 0.0244140625 0.08203125
2 0.3291015625 0.19140625 0.0087890625 0.02734375
3 0.384765625 0.166015625 0.0380859375 0.0966796875
2 0.4990234375 0.2197265625 0.0302734375 0.0478515625
0 0.3173828125 0.2783203125 0.03515625 0.0625
0 0.4140625 0.169921875 0.0205078125 0.0390625
2 0.4765625 0.20703125 0.021484375 0.033203125
3 0.337890625 0.16796875 0.0283203125 0.0625
2 0.4267578125 0.1611328125 0.01171875 0.0234375
0 0.3212890625 0.142578125 0.013671875 0.02734375
3 0.36328125 0.146484375 0.0126953125 0.0400390625
0 0.3076171875 0.1923828125 0.021484375 0.041015625
3 0.2890625 0.1337890625 0.017578125 0.0654296875
0 0.12890625 0.880859375 0.2578125 0.2333984375