2 0.9765625 0.6162109375 0.044921875 0.10546875
2 0.9150390625 0.5419921875 0.0771484375 0.0966796875
2 0.5771484375 0.30078125 0.0390625 0.0439453125
2 0.544921875 0.255859375 0.0107421875 0.029296875
2 0.4501953125 0.240234375 0.009765625 0.03125
2 0.4775390625 0.208984375 0.0166015625 0.03125
0 0.234375 0.265625 0.037109375 0.0703125
2 0.3525390625 0.8916015625 0.0625 0.1328125
0 0.3466796875 0.2080078125 0.021484375 0.04296875
2 0.48046875 0.2763671875 0.0107421875 0.0390625
2 0.42578125 0.2294921875 0.009765625 0.0302734375
0 0.451171875 0.34375 0.052734375 0.1103515625
2 0.287109375 0.2451171875 0.01171875 0.029296875
0 0.3544921875 0.4404296875 0.0595703125 0.1005859375
0 0.3681640625 0.55078125 0.07421875 0.1357421875
3 0.2802734375 0.3515625 0.078125 0.1796875
2 0.314453125 0.2001953125 0.0078125 0.02734375
2 0.4033203125 0.638671875 0.0673828125 0.1005859375
2 0.47265625 0.6357421875 0.029296875 0.0986328125
2 0.439453125 0.21875 0.0087890625 0.0263671875
0 0.501953125 0.4873046875 0.080078125 0.1640625
0 0.3125 0.244140625 0.01953125 0.0439453125
2 0.267578125 0.478515625 0.0244140625 0.0595703125
2 0.462890625 0.2001953125 0.0087890625 0.0263671875
2 0.3037109375 0.5908203125 0.025390625 0.0888671875
3 0.3623046875 0.1318359375 0.015625 0.03515625
2 0.3037109375 0.1845703125 0.0087890625 0.02734375
0 0.3798828125 0.140625 0.0126953125 0.0283203125
2 0.5830078125 0.7138671875 0.0341796875 0.11328125
2 0.40625 0.1435546875 0.0068359375 0.01953125
0 0.322265625 0.1220703125 0.0126953125 0.01953125
2 0.318359375 0.1611328125 0.009765625 0.025390625
3 0.337890625 0.1640625 0.02734375 0.078125
0 0.3955078125 0.15625 0.0224609375 0.046875
0 0.17578125 0.5126953125 0.1064453125 0.15234375
3 0.345703125 0.298828125 0.0478515625 0.1005859375