0 0.2431640625 0.259765625 0.0478515625 0.0693359375
0 0.3505859375 0.42578125 0.0556640625 0.09375
3 0.337890625 0.2724609375 0.056640625 0.1337890625
0 0.3125 0.361328125 0.044921875 0.0888671875
0 0.283203125 0.296875 0.0419921875 0.0615234375
0 0.3603515625 0.544921875 0.0791015625 0.140625
2 0.5732421875 0.2978515625 0.033203125 0.0458984375
0 0.265625 0.57421875 0.0712890625 0.1318359375
3 0.44140625 0.3046875 0.068359375 0.134765625
0 0.5107421875 0.501953125 0.0751953125 0.1689453125
0 0.494140625 0.2939453125 0.0380859375 0.0654296875
2 0.9169921875 0.541015625 0.0771484375 0.0869140625
0 0.3994140625 0.2197265625 0.02734375 0.0546875
0 0.3837890625 0.189453125 0.0234375 0.041015625
0 0.3916015625 0.142578125 0.0146484375 0.0302734375
0 0.4423828125 0.7666015625 0.154296875 0.279296875
3 0.3076171875 0.171875 0.0302734375 0.060546875
2 0.978515625 0.591796875 0.04296875 0.1396484375
0 0.3701171875 0.15234375 0.0205078125 0.0361328125
0 0.3349609375 0.1650390625 0.0205078125 0.0341796875
3 0.357421875 0.1279296875 0.0146484375 0.037109375
2 0.4775390625 0.263671875 0.01171875 0.05078125
0 0.3017578125 0.228515625 0.02734375 0.0576171875
0 0.470703125 0.3876953125 0.0654296875 0.099609375
0 0.2470703125 0.2021484375 0.0263671875 0.052734375
3 0.7333984375 0.5732421875 0.189453125 0.3896484375
0 0.259765625 0.3583984375 0.0498046875 0.1025390625
0 0.2265625 0.462890625 0.080078125 0.1162109375