2 0.28125 0.29296875 0.0126953125 0.0400390625
2 0.7978515625 0.6884765625 0.04296875 0.1044921875
2 0.978515625 0.619140625 0.041015625 0.09765625
0 0.1982421875 0.4638671875 0.0888671875 0.1328125
2 0.5693359375 0.3681640625 0.0185546875 0.0556640625
2 0.384765625 0.1396484375 0.0078125 0.0205078125
2 0.2822265625 0.5107421875 0.0244140625 0.0693359375
2 0.0390625 0.6640625 0.0625 0.095703125
0 0.4189453125 0.1669921875 0.0185546875 0.0400390625
2 0.3037109375 0.6162109375 0.033203125 0.0927734375
0 0.5478515625 0.5380859375 0.0859375 0.1923828125
2 0.5234375 0.6845703125 0.0380859375 0.1220703125
2 0.576171875 0.3017578125 0.0380859375 0.0419921875
2 0.3564453125 0.681640625 0.0361328125 0.099609375
2 0.470703125 0.58203125 0.0419921875 0.0927734375
2 0.3271484375 0.171875 0.005859375 0.025390625
0 0.5302734375 0.9208984375 0.1796875 0.1513671875
2 0.30859375 0.181640625 0.0078125 0.025390625
0 0.3134765625 0.4384765625 0.0478515625 0.1103515625
2 0.376953125 0.177734375 0.009765625 0.0400390625
0 0.3623046875 0.1298828125 0.0166015625 0.029296875
2 0.3154296875 0.1611328125 0.0068359375 0.0263671875
0 0.4970703125 0.451171875 0.064453125 0.162109375
2 0.9150390625 0.5458984375 0.0732421875 0.087890625
0 0.330078125 0.138671875 0.0205078125 0.03515625
0 0.4033203125 0.1474609375 0.0146484375 0.0341796875
0 0.3740234375 0.5458984375 0.0751953125 0.1240234375
0 0.431640625 0.236328125 0.0419921875 0.0986328125