2 0.5771484375 0.3017578125 0.0400390625 0.041015625
2 0.9765625 0.6201171875 0.044921875 0.0986328125
2 0.9267578125 0.5400390625 0.0517578125 0.0888671875
0 0.2333984375 0.2666015625 0.0380859375 0.0693359375
2 0.4765625 0.2080078125 0.0146484375 0.03125
0 0.365234375 0.1396484375 0.0166015625 0.0341796875
2 0.443359375 0.404296875 0.015625 0.05859375
2 0.279296875 0.2978515625 0.0126953125 0.041015625
2 0.294921875 0.4130859375 0.0166015625 0.046875
2 0.6875 0.5361328125 0.0322265625 0.078125
2 0.5185546875 0.365234375 0.017578125 0.0517578125
0 0.4873046875 0.4248046875 0.0654296875 0.146484375
0 0.333984375 0.240234375 0.029296875 0.0478515625
2 0.59765625 0.494140625 0.0244140625 0.083984375
2 0.3623046875 0.8515625 0.068359375 0.1337890625
0 0.4931640625 0.2177734375 0.0244140625 0.0458984375
2 0.6630859375 0.6298828125 0.0322265625 0.0869140625
2 0.578125 0.4326171875 0.021484375 0.0615234375
2 0.453125 0.35546875 0.0166015625 0.048828125
0 0.388671875 0.142578125 0.0146484375 0.0322265625
3 0.3369140625 0.16796875 0.029296875 0.080078125
2 0.310546875 0.1787109375 0.0068359375 0.0263671875
3 0.408203125 0.197265625 0.0478515625 0.0986328125
0 0.37890625 0.1787109375 0.0205078125 0.05078125
2 0.3076171875 0.134765625 0.01171875 0.025390625
0 0.3779296875 0.1337890625 0.009765625 0.0224609375
2 0.462890625 0.2041015625 0.0078125 0.0244140625
0 0.8251953125 0.7265625 0.138671875 0.2001953125
0 0.337890625 0.109375 0.0166015625 0.02734375