0 0.5263671875 0.349609375 0.056640625 0.0888671875
0 0.3994140625 0.169921875 0.0224609375 0.04296875
0 0.3349609375 0.162109375 0.0185546875 0.0283203125
0 0.345703125 0.3837890625 0.0458984375 0.08984375
0 0.5185546875 0.541015625 0.08203125 0.1591796875
3 0.3662109375 0.1416015625 0.0166015625 0.04296875
0 0.4296875 0.2919921875 0.04296875 0.072265625
0 0.3330078125 0.1884765625 0.0224609375 0.03515625
2 0.306640625 0.203125 0.01171875 0.03125
2 0.978515625 0.6240234375 0.0419921875 0.087890625
0 0.40625 0.2255859375 0.0283203125 0.0537109375
0 0.4873046875 0.28515625 0.0400390625 0.0625
0 0.8330078125 0.6728515625 0.146484375 0.234375
2 0.5751953125 0.3037109375 0.03125 0.037109375
2 0.75 0.7939453125 0.0478515625 0.130859375
3 0.5048828125 0.7734375 0.19140625 0.34765625
2 0.3046875 0.1513671875 0.005859375 0.0185546875
0 0.5966796875 0.4560546875 0.091796875 0.185546875