2 0.384765625 0.205078125 0.0087890625 0.03125
2 0.2451171875 0.4716796875 0.0234375 0.0712890625
2 0.318359375 0.2392578125 0.01171875 0.03125
0 0.416015625 0.2158203125 0.0302734375 0.046875
0 0.4951171875 0.59765625 0.107421875 0.228515625
0 0.482421875 0.4375 0.0693359375 0.1484375
2 0.271484375 0.337890625 0.013671875 0.0439453125
0 0.462890625 0.22265625 0.0322265625 0.064453125
2 0.255859375 0.3935546875 0.0146484375 0.0478515625
0 0.4990234375 0.2734375 0.0400390625 0.0791015625
0 0.2958984375 0.8349609375 0.234375 0.31640625
2 0.353515625 0.376953125 0.0146484375 0.0546875
2 0.5791015625 0.3046875 0.037109375 0.0361328125
0 0.3330078125 0.1572265625 0.015625 0.0283203125
3 0.75390625 0.603515625 0.130859375 0.3017578125
3 0.447265625 0.33203125 0.06640625 0.158203125
2 0.255859375 0.2275390625 0.013671875 0.03515625
3 0.3798828125 0.146484375 0.033203125 0.083984375
0 0.3974609375 0.154296875 0.009765625 0.025390625
0 0.3349609375 0.1845703125 0.0234375 0.041015625