2 0.2978515625 0.267578125 0.01171875 0.0380859375
2 0.9140625 0.5419921875 0.07421875 0.091796875
0 0.38671875 0.5693359375 0.0908203125 0.142578125
2 0.578125 0.302734375 0.0361328125 0.0390625
2 0.3154296875 0.234375 0.0107421875 0.0322265625
2 0.275390625 0.384765625 0.017578125 0.052734375
2 0.28515625 0.3017578125 0.0146484375 0.0419921875
2 0.298828125 0.4248046875 0.0205078125 0.064453125
2 0.341796875 0.41796875 0.01953125 0.0615234375
2 0.2509765625 0.40625 0.017578125 0.0546875
2 0.279296875 0.267578125 0.0126953125 0.0361328125
2 0.470703125 0.59765625 0.03515625 0.087890625
0 0.3095703125 0.18359375 0.0234375 0.044921875
2 0.3291015625 0.240234375 0.0126953125 0.029296875
0 0.3427734375 0.2158203125 0.025390625 0.0458984375
0 0.3955078125 0.234375 0.029296875 0.064453125
2 0.291015625 0.2265625 0.009765625 0.0302734375
2 0.3037109375 0.5888671875 0.02734375 0.0888671875
0 0.416015625 0.1640625 0.015625 0.0380859375
2 0.5185546875 0.5986328125 0.029296875 0.0947265625
2 0.447265625 0.3095703125 0.017578125 0.0517578125
0 0.341796875 0.169921875 0.017578125 0.03125
0 0.3408203125 0.3369140625 0.0419921875 0.072265625
0 0.318359375 0.1474609375 0.0166015625 0.0283203125
3 0.451171875 0.2177734375 0.0615234375 0.1396484375
2 0.3173828125 0.375 0.015625 0.05078125
2 0.2998046875 0.23828125 0.0107421875 0.0283203125
0 0.494140625 0.21875 0.0263671875 0.05078125
2 0.9775390625 0.6328125 0.044921875 0.07421875
0 0.388671875 0.1796875 0.0322265625 0.0537109375
3 0.2890625 0.125 0.0166015625 0.048828125
3 0.3564453125 0.12890625 0.0126953125 0.0263671875
3 0.3193359375 0.1259765625 0.015625 0.0263671875