2 0.205078125 0.5654296875 0.0458984375 0.08984375
2 0.423828125 0.341796875 0.015625 0.0498046875
2 0.9140625 0.541015625 0.0732421875 0.091796875
0 0.3720703125 0.14453125 0.0166015625 0.033203125
0 0.2353515625 0.265625 0.037109375 0.0712890625
2 0.9775390625 0.62109375 0.0439453125 0.0986328125
2 0.111328125 0.595703125 0.0556640625 0.08984375
2 0.259765625 0.3291015625 0.013671875 0.044921875
2 0.4755859375 0.2080078125 0.009765625 0.0302734375
2 0.5771484375 0.3017578125 0.0390625 0.0419921875
2 0.4677734375 0.5849609375 0.0322265625 0.0888671875
0 0.3388671875 0.2607421875 0.0283203125 0.05078125
2 0.4111328125 0.1630859375 0.0107421875 0.0244140625
0 0.39453125 0.1728515625 0.0185546875 0.0400390625
0 0.7529296875 0.638671875 0.1201171875 0.1806640625
2 0.40625 0.7060546875 0.0380859375 0.109375
2 0.501953125 0.5634765625 0.0263671875 0.0849609375
0 0.4423828125 0.19921875 0.0283203125 0.0537109375
2 0.30859375 0.248046875 0.0107421875 0.033203125
3 0.33984375 0.392578125 0.0712890625 0.16796875
0 0.3037109375 0.201171875 0.025390625 0.0458984375
2 0.3173828125 0.150390625 0.0078125 0.01953125
0 0.3955078125 0.1416015625 0.0146484375 0.0263671875
0 0.58203125 0.4755859375 0.0908203125 0.150390625
0 0.5166015625 0.3642578125 0.064453125 0.091796875
3 0.3349609375 0.146484375 0.03125 0.080078125