2 0.1455078125 0.8525390625 0.0869140625 0.146484375
2 0.5625 0.455078125 0.0224609375 0.0712890625
2 0.2763671875 0.439453125 0.017578125 0.060546875
2 0.916015625 0.5458984375 0.0751953125 0.0859375
2 0.048828125 0.931640625 0.09765625 0.1328125
0 0.3818359375 0.15625 0.0224609375 0.0390625
2 0.9716796875 0.63671875 0.033203125 0.060546875
2 0.3173828125 0.15625 0.0126953125 0.029296875
0 0.3984375 0.158203125 0.0166015625 0.0302734375
0 0.4189453125 0.1630859375 0.0224609375 0.0439453125
3 0.337890625 0.158203125 0.0302734375 0.0634765625
0 0.3408203125 0.228515625 0.0302734375 0.0703125
0 0.59765625 0.4150390625 0.0712890625 0.1083984375
0 0.4755859375 0.6767578125 0.1318359375 0.2587890625
0 0.4609375 0.314453125 0.0439453125 0.0693359375
0 0.365234375 0.150390625 0.0126953125 0.0283203125