2 0.306640625 0.236328125 0.0126953125 0.0341796875
2 0.9169921875 0.5400390625 0.0810546875 0.0908203125
2 0.2880859375 0.4267578125 0.0166015625 0.0517578125
2 0.2939453125 0.2216796875 0.0126953125 0.033203125
0 0.33984375 0.25 0.029296875 0.052734375
2 0.3154296875 0.21875 0.0126953125 0.03515625
2 0.306640625 0.7177734375 0.03515625 0.103515625
2 0.4072265625 0.234375 0.01171875 0.041015625
2 0.513671875 0.623046875 0.0302734375 0.0986328125
2 0.3837890625 0.1630859375 0.0068359375 0.0263671875
2 0.265625 0.3173828125 0.015625 0.041015625
2 0.2431640625 0.4765625 0.0224609375 0.0712890625
0 0.3388671875 0.19140625 0.0205078125 0.037109375
2 0.2900390625 0.34765625 0.0146484375 0.044921875
2 0.9775390625 0.623046875 0.04296875 0.08984375
2 0.376953125 0.201171875 0.0078125 0.0341796875
2 0.421875 0.3388671875 0.017578125 0.0595703125
2 0.498046875 0.2294921875 0.01953125 0.044921875
2 0.478515625 0.208984375 0.017578125 0.03125
0 0.318359375 0.142578125 0.0146484375 0.0224609375
2 0.4912109375 0.5732421875 0.0302734375 0.0888671875
0 0.4013671875 0.1953125 0.0263671875 0.048828125
0 0.3798828125 0.1318359375 0.01171875 0.02734375
3 0.5869140625 0.416015625 0.1728515625 0.33203125
0 0.4365234375 0.1787109375 0.0234375 0.0234375
3 0.384765625 0.529296875 0.0927734375 0.2041015625
0 0.3076171875 0.1806640625 0.017578125 0.0283203125
3 0.3427734375 0.3623046875 0.0517578125 0.134765625
3 0.2890625 0.1220703125 0.0146484375 0.044921875
3 0.3583984375 0.12109375 0.017578125 0.0380859375
3 0.4423828125 0.25 0.0615234375 0.1337890625
0 0.453125 0.392578125 0.0634765625 0.1376953125