0 0.337890625 0.1953125 0.0234375 0.0400390625
2 0.3076171875 0.208984375 0.0107421875 0.0341796875
0 0.455078125 0.3349609375 0.044921875 0.09375
0 0.517578125 0.54296875 0.083984375 0.158203125
2 0.916015625 0.5380859375 0.0771484375 0.09765625
0 0.3994140625 0.2177734375 0.0302734375 0.0595703125
0 0.4208984375 0.1962890625 0.029296875 0.0634765625
2 0.3837890625 0.1748046875 0.0146484375 0.0283203125
2 0.576171875 0.30078125 0.0380859375 0.041015625
2 0.31640625 0.1513671875 0.005859375 0.0166015625
0 0.349609375 0.5361328125 0.08203125 0.15234375
2 0.9775390625 0.638671875 0.0400390625 0.0634765625
0 0.333984375 0.15625 0.0185546875 0.0361328125
2 0.314453125 0.181640625 0.0087890625 0.0283203125
0 0.9013671875 0.875 0.1953125 0.234375
3 0.4970703125 0.2646484375 0.05859375 0.150390625
2 0.2763671875 0.205078125 0.0087890625 0.02734375
3 0.3359375 0.126953125 0.01953125 0.0341796875
2 0.263671875 0.228515625 0.0087890625 0.0361328125
0 0.7041015625 0.583984375 0.1005859375 0.15625
2 0.4775390625 0.494140625 0.0244140625 0.091796875
3 0.3408203125 0.33984375 0.0546875 0.12109375
3 0.2880859375 0.1240234375 0.013671875 0.0458984375
3 0.3212890625 0.1357421875 0.01171875 0.0234375
0 0.3076171875 0.134765625 0.009765625 0.0166015625
0 0.400390625 0.173828125 0.01953125 0.0380859375