2 0.92578125 0.54296875 0.0537109375 0.0947265625
2 0.310546875 0.2109375 0.009765625 0.03125
2 0.4765625 0.2080078125 0.013671875 0.0322265625
2 0.5283203125 0.3662109375 0.0166015625 0.05859375
2 0.978515625 0.6181640625 0.04296875 0.103515625
0 0.3974609375 0.1572265625 0.0224609375 0.0419921875
0 0.3349609375 0.1787109375 0.021484375 0.0380859375
0 0.36328125 0.1474609375 0.015625 0.03515625
2 0.392578125 0.6171875 0.029296875 0.080078125
2 0.4306640625 0.3623046875 0.01953125 0.0556640625
2 0.4619140625 0.2001953125 0.0068359375 0.0234375
2 0.30859375 0.3759765625 0.0185546875 0.0498046875
2 0.423828125 0.197265625 0.0126953125 0.0302734375
2 0.2783203125 0.337890625 0.015625 0.0478515625
2 0.5419921875 0.826171875 0.044921875 0.1357421875
3 0.6875 0.5869140625 0.2177734375 0.412109375
2 0.5771484375 0.30078125 0.0400390625 0.044921875
2 0.3564453125 0.4736328125 0.021484375 0.0595703125
0 0.4970703125 0.4853515625 0.0703125 0.134765625
3 0.3779296875 0.162109375 0.0185546875 0.048828125
3 0.3359375 0.138671875 0.0185546875 0.0439453125
0 0.3994140625 0.212890625 0.0263671875 0.0556640625
0 0.498046875 0.2197265625 0.02734375 0.0498046875
3 0.2890625 0.1220703125 0.0146484375 0.0419921875