3 0.2353515625 0.4267578125 0.1318359375 0.22265625
0 0.427734375 0.2265625 0.0302734375 0.0537109375
2 0.4013671875 0.19140625 0.009765625 0.0283203125
2 0.263671875 0.2998046875 0.0126953125 0.0380859375
2 0.30859375 0.6416015625 0.0302734375 0.0869140625
0 0.490234375 0.353515625 0.0654296875 0.078125
0 0.39453125 0.1591796875 0.017578125 0.0361328125
0 0.4638671875 0.4248046875 0.0537109375 0.11328125
0 0.474609375 0.2861328125 0.044921875 0.064453125
2 0.3125 0.775390625 0.037109375 0.10546875
3 0.34375 0.26953125 0.044921875 0.1142578125
0 0.369140625 0.1572265625 0.017578125 0.041015625
0 0.5869140625 0.4140625 0.068359375 0.1142578125
2 0.1982421875 0.576171875 0.0283203125 0.080078125
2 0.408203125 0.1572265625 0.0087890625 0.02734375
0 0.0390625 0.6708984375 0.076171875 0.125
2 0.5244140625 0.3505859375 0.017578125 0.0517578125
3 0.3388671875 0.14453125 0.025390625 0.0576171875
2 0.3359375 0.201171875 0.013671875 0.03125
3 0.35546875 0.1240234375 0.013671875 0.037109375
3 0.2900390625 0.1259765625 0.017578125 0.0517578125
3 0.5322265625 0.5244140625 0.111328125 0.26171875
0 0.3916015625 0.5693359375 0.091796875 0.1708984375