2 0.927734375 0.5419921875 0.0546875 0.09375
2 0.9765625 0.6259765625 0.04296875 0.0849609375
0 0.236328125 0.2666015625 0.0361328125 0.068359375
2 0.5771484375 0.30078125 0.0390625 0.04296875
0 0.341796875 0.3388671875 0.041015625 0.0654296875
3 0.310546875 0.2734375 0.056640625 0.1279296875
2 0.5439453125 0.2548828125 0.009765625 0.0302734375
2 0.2216796875 0.484375 0.025390625 0.0703125
0 0.37890625 0.1396484375 0.0146484375 0.0322265625
0 0.24609375 0.3828125 0.0517578125 0.08984375
0 0.4033203125 0.1552734375 0.0185546875 0.0400390625
2 0.392578125 0.8974609375 0.0576171875 0.1484375
0 0.44140625 0.2060546875 0.02734375 0.0517578125
2 0.3115234375 0.171875 0.0087890625 0.029296875
2 0.3671875 0.1455078125 0.0087890625 0.0205078125
2 0.4814453125 0.2109375 0.0107421875 0.0341796875
0 0.4931640625 0.474609375 0.06640625 0.16796875
3 0.3466796875 0.251953125 0.029296875 0.0771484375
0 0.130859375 0.619140625 0.177734375 0.169921875
0 0.462890625 0.267578125 0.033203125 0.07421875
2 0.8935546875 0.548828125 0.033203125 0.0576171875
0 0.482421875 0.357421875 0.0576171875 0.091796875
3 0.3603515625 0.1259765625 0.017578125 0.0322265625
2 0.43359375 0.1611328125 0.0126953125 0.02734375
3 0.3388671875 0.1904296875 0.0263671875 0.0537109375
2 0.4619140625 0.1884765625 0.0078125 0.0390625
3 0.2890625 0.1259765625 0.015625 0.05078125
3 0.4111328125 0.228515625 0.0419921875 0.0966796875
0 0.4228515625 0.1796875 0.021484375 0.03125