0 0.3369140625 0.193359375 0.025390625 0.041015625
2 0.3037109375 0.1533203125 0.0068359375 0.021484375
0 0.390625 0.203125 0.0263671875 0.0400390625
2 0.3134765625 0.177734375 0.0078125 0.0234375
2 0.2880859375 0.181640625 0.005859375 0.025390625
0 0.4775390625 0.42578125 0.0595703125 0.1171875
2 0.427734375 0.265625 0.01171875 0.0380859375
0 0.3173828125 0.271484375 0.03515625 0.052734375
0 0.416015625 0.1875 0.021484375 0.0302734375
0 0.375 0.1572265625 0.017578125 0.0341796875
0 0.435546875 0.2119140625 0.025390625 0.0478515625
3 0.4658203125 0.3046875 0.060546875 0.1279296875
3 0.3671875 0.1259765625 0.01953125 0.0478515625
0 0.5400390625 0.33203125 0.052734375 0.103515625
0 0.634765625 0.56640625 0.10546875 0.171875
2 0.2734375 0.34375 0.0185546875 0.0439453125
3 0.2890625 0.1201171875 0.0166015625 0.041015625
0 0.37890625 0.138671875 0.0087890625 0.0166015625
0 0.388671875 0.138671875 0.0146484375 0.0224609375