2 0.3154296875 0.1689453125 0.0068359375 0.0224609375
2 0.3984375 0.193359375 0.0087890625 0.025390625
2 0.3369140625 0.1572265625 0.0078125 0.021484375
3 0.3388671875 0.125 0.0166015625 0.0380859375
0 0.484375 0.63671875 0.08984375 0.1728515625
3 0.38671875 0.138671875 0.02734375 0.0595703125
3 0.3701171875 0.12890625 0.0146484375 0.04296875
3 0.7109375 0.58203125 0.1181640625 0.1484375
3 0.3544921875 0.1171875 0.0126953125 0.0283203125
0 0.4677734375 0.3662109375 0.0498046875 0.0908203125
3 0.263671875 0.7685546875 0.369140625 0.455078125
3 0.5048828125 0.458984375 0.091796875 0.1513671875