2 0.2919921875 0.5283203125 0.0185546875 0.0615234375
2 0.9775390625 0.6220703125 0.0439453125 0.08984375
2 0.3720703125 0.642578125 0.0341796875 0.09375
2 0.9150390625 0.541015625 0.0751953125 0.09375
2 0.3671875 0.5234375 0.025390625 0.0771484375
2 0.294921875 0.451171875 0.017578125 0.0537109375
0 0.5712890625 0.416015625 0.06640625 0.0986328125
0 0.3154296875 0.193359375 0.0263671875 0.041015625
2 0.5126953125 0.68359375 0.0439453125 0.123046875
0 0.5263671875 0.5478515625 0.0791015625 0.162109375
0 0.3369140625 0.30859375 0.0439453125 0.0703125
2 0.345703125 0.41796875 0.021484375 0.05859375
0 0.3349609375 0.14453125 0.0146484375 0.0224609375
0 0.4892578125 0.2900390625 0.0400390625 0.0625
0 0.318359375 0.1337890625 0.0126953125 0.021484375
2 0.5771484375 0.3017578125 0.03515625 0.0390625
0 0.4189453125 0.1689453125 0.017578125 0.0380859375
0 0.498046875 0.4130859375 0.0625 0.142578125
2 0.4150390625 0.794921875 0.04296875 0.1171875
3 0.41015625 0.2373046875 0.05078125 0.1005859375
0 0.3671875 0.158203125 0.01171875 0.0263671875
0 0.380859375 0.16015625 0.0166015625 0.033203125
3 0.3642578125 0.1259765625 0.013671875 0.0283203125