2 0.5771484375 0.3017578125 0.0361328125 0.0400390625
2 0.9150390625 0.5380859375 0.07421875 0.0986328125
2 0.4921875 0.615234375 0.0302734375 0.0947265625
0 0.501953125 0.47265625 0.064453125 0.1328125
0 0.4404296875 0.8076171875 0.177734375 0.2705078125
0 0.47265625 0.384765625 0.060546875 0.1220703125
2 0.404296875 0.693359375 0.044921875 0.107421875
2 0.978515625 0.6162109375 0.04296875 0.10546875
2 0.376953125 0.1396484375 0.0087890625 0.0244140625
2 0.326171875 0.205078125 0.0107421875 0.037109375
0 0.3154296875 0.2666015625 0.0302734375 0.0595703125
0 0.4189453125 0.1943359375 0.0244140625 0.056640625
3 0.33984375 0.1669921875 0.029296875 0.080078125
0 0.3134765625 0.162109375 0.0244140625 0.04296875
0 0.55859375 0.3994140625 0.068359375 0.107421875
2 0.52734375 0.6474609375 0.037109375 0.1044921875
2 0.3125 0.20703125 0.0107421875 0.0322265625
2 0.404296875 0.1357421875 0.0107421875 0.0283203125
0 0.3525390625 0.2861328125 0.037109375 0.0400390625
3 0.3505859375 0.376953125 0.0576171875 0.1533203125
2 0.3583984375 0.5009765625 0.025390625 0.0654296875
0 0.6943359375 0.5947265625 0.1142578125 0.205078125
3 0.369140625 0.1240234375 0.0361328125 0.0537109375