3 0.3681640625 0.142578125 0.0166015625 0.0322265625
3 0.498046875 0.611328125 0.1416015625 0.3681640625
0 0.3349609375 0.1689453125 0.021484375 0.04296875
0 0.4951171875 0.2763671875 0.0439453125 0.0810546875
3 0.3349609375 0.1318359375 0.015625 0.03515625
2 0.7578125 0.6904296875 0.0361328125 0.099609375
3 0.3857421875 0.185546875 0.0263671875 0.0615234375
0 0.279296875 0.2919921875 0.0361328125 0.056640625
0 0.4736328125 0.4111328125 0.0556640625 0.09375
2 0.978515625 0.62109375 0.04296875 0.09375
3 0.4248046875 0.2470703125 0.0498046875 0.1044921875
3 0.3564453125 0.1240234375 0.009765625 0.0185546875
3 0.267578125 0.3935546875 0.07421875 0.146484375
0 0.3193359375 0.150390625 0.0078125 0.025390625
3 0.2890625 0.1220703125 0.0166015625 0.044921875
3 0.3681640625 0.1171875 0.0126953125 0.01953125
0 0.3974609375 0.2646484375 0.0126953125 0.0537109375
0 0.255859375 0.89453125 0.2412109375 0.1982421875