2 0.9775390625 0.625 0.044921875 0.087890625
2 0.9267578125 0.5439453125 0.052734375 0.0908203125
0 0.345703125 0.3701171875 0.0439453125 0.0849609375
0 0.3154296875 0.15625 0.0185546875 0.03515625
0 0.2353515625 0.2666015625 0.0361328125 0.0712890625
0 0.4541015625 0.212890625 0.0302734375 0.0615234375
2 0.2958984375 0.400390625 0.017578125 0.0546875
2 0.296875 0.2021484375 0.0078125 0.02734375
0 0.412109375 0.1787109375 0.0224609375 0.05078125
2 0.3017578125 0.2236328125 0.009765625 0.0283203125
2 0.2822265625 0.1962890625 0.0146484375 0.0263671875
2 0.8935546875 0.5517578125 0.0322265625 0.056640625
2 0.482421875 0.666015625 0.0341796875 0.09765625
2 0.1484375 0.9326171875 0.103515625 0.1328125
0 0.359375 0.126953125 0.009765625 0.0185546875
2 0.34375 0.298828125 0.0146484375 0.048828125
2 0.408203125 0.2568359375 0.0126953125 0.0419921875
2 0.2705078125 0.5107421875 0.0244140625 0.0771484375
2 0.578125 0.3037109375 0.03515625 0.044921875
2 0.3330078125 0.255859375 0.013671875 0.0400390625
0 0.4931640625 0.21875 0.025390625 0.048828125
0 0.5517578125 0.3759765625 0.0615234375 0.1103515625
0 0.310546875 0.279296875 0.04296875 0.0771484375
0 0.3359375 0.2158203125 0.0322265625 0.0751953125
3 0.3359375 0.1220703125 0.0244140625 0.044921875
0 0.3388671875 0.1708984375 0.017578125 0.021484375
0 0.3251953125 0.1533203125 0.0068359375 0.0263671875