3 0.361328125 0.4267578125 0.0849609375 0.232421875
2 0.556640625 0.4296875 0.0185546875 0.0634765625
0 0.4833984375 0.4697265625 0.072265625 0.1689453125
2 0.4130859375 0.265625 0.015625 0.0498046875
0 0.44921875 0.7685546875 0.12109375 0.1806640625
2 0.6123046875 0.439453125 0.0205078125 0.0703125
2 0.2763671875 0.583984375 0.029296875 0.0908203125
0 0.4384765625 0.19140625 0.0234375 0.046875
0 0.05078125 0.65625 0.099609375 0.14453125
2 0.296875 0.255859375 0.017578125 0.0576171875
2 0.51171875 0.62890625 0.03125 0.1044921875
2 0.2861328125 0.228515625 0.0126953125 0.0390625
0 0.525390625 0.31640625 0.0498046875 0.0888671875
0 0.33984375 0.2021484375 0.0244140625 0.03125
0 0.4111328125 0.1943359375 0.0224609375 0.0498046875
2 0.271484375 0.427734375 0.01953125 0.0625
0 0.3125 0.1787109375 0.0263671875 0.0517578125
3 0.3701171875 0.12890625 0.0244140625 0.0458984375
0 0.3896484375 0.1328125 0.013671875 0.0283203125
0 0.3193359375 0.142578125 0.0146484375 0.0263671875