0 0.3623046875 0.2509765625 0.076171875 0.1240234375
0 0.3984375 0.1494140625 0.052734375 0.095703125
0 0.3466796875 0.052734375 0.0244140625 0.046875
2 0.546875 0.150390625 0.0732421875 0.203125
0 0.50390625 0.07421875 0.0322265625 0.115234375
0 0.384765625 0.021484375 0.013671875 0.037109375
0 0.248046875 0.5634765625 0.1396484375 0.3115234375
0 0.318359375 0.373046875 0.08984375 0.1962890625
0 0.5166015625 0.01953125 0.029296875 0.0361328125
0 0.4375 0.056640625 0.021484375 0.0888671875
0 0.56640625 0.525390625 0.1083984375 0.283203125
2 0.4091796875 0.4921875 0.150390625 0.4462890625
0 0.5625 0.306640625 0.0693359375 0.173828125
0 0.3798828125 0.8759765625 0.19140625 0.2431640625
0 0.35546875 0.01953125 0.0107421875 0.025390625
2 0.4609375 0.2216796875 0.08203125 0.173828125