0 0.5498046875 0.263671875 0.0654296875 0.150390625
0 0.4609375 0.162109375 0.0439453125 0.095703125
0 0.53125 0.1669921875 0.0439453125 0.087890625
1 0.4794921875 0.107421875 0.013671875 0.0390625
1 0.509765625 0.103515625 0.0166015625 0.04296875
0 0.455078125 0.28515625 0.068359375 0.138671875
0 0.5048828125 0.029296875 0.02734375 0.0498046875
0 0.3681640625 0.25390625 0.0625 0.1416015625
1 0.5244140625 0.02734375 0.0146484375 0.029296875
1 0.6220703125 0.732421875 0.056640625 0.232421875
0 0.4482421875 0.0322265625 0.0224609375 0.056640625
0 0.421875 0.09765625 0.03515625 0.068359375
0 0.47265625 0.064453125 0.0283203125 0.0517578125
0 0.30078125 0.455078125 0.10546875 0.2177734375
1 0.56640625 0.1396484375 0.01171875 0.037109375
1 0.6103515625 0.287109375 0.0166015625 0.0712890625
0 0.4365234375 0.4482421875 0.09765625 0.23046875
0 0.591796875 0.4453125 0.0927734375 0.212890625
0 0.19140625 0.673828125 0.169921875 0.3642578125
0 0.85546875 0.7802734375 0.1201171875 0.3642578125
0 0.478515625 0.017578125 0.0205078125 0.03515625
0 0.2490234375 0.0576171875 0.044921875 0.037109375