1 0.3505859375 0.0478515625 0.01171875 0.0322265625
0 0.5908203125 0.2080078125 0.0439453125 0.0986328125
0 0.4150390625 0.1142578125 0.0400390625 0.068359375
0 0.3173828125 0.0830078125 0.033203125 0.0595703125
1 0.8046875 0.5 0.0390625 0.119140625
0 0.548828125 0.2421875 0.0595703125 0.1015625
0 0.43359375 0.025390625 0.0234375 0.033203125
0 0.548828125 0.09375 0.0361328125 0.0625
1 0.36328125 0.0625 0.01171875 0.0419921875
0 0.4296875 0.4443359375 0.0908203125 0.2109375
0 0.6689453125 0.4208984375 0.0947265625 0.197265625
0 0.5556640625 0.4384765625 0.0810546875 0.1513671875
1 0.76171875 0.474609375 0.03125 0.0986328125
0 0.50390625 0.0263671875 0.0234375 0.033203125
1 0.7109375 0.5859375 0.03515625 0.09765625
1 0.328125 0.2177734375 0.0283203125 0.0712890625
1 0.70703125 0.5048828125 0.0458984375 0.0986328125
0 0.59765625 0.693359375 0.1455078125 0.3779296875
1 0.306640625 0.0302734375 0.0126953125 0.02734375
1 0.599609375 0.267578125 0.02734375 0.0595703125
1 0.8466796875 0.6435546875 0.03515625 0.0625
0 0.4794921875 0.01171875 0.0244140625 0.0234375
1 0.671875 0.6669921875 0.0302734375 0.087890625
0 0.5244140625 0.1259765625 0.0341796875 0.0400390625
2 0.474609375 0.0849609375 0.083984375 0.134765625
0 0.283203125 0.83984375 0.21484375 0.306640625
0 0.4306640625 0.0654296875 0.0361328125 0.0693359375
0 0.7802734375 0.7744140625 0.1708984375 0.423828125
2 0.3798828125 0.240234375 0.0849609375 0.224609375
0 0.513671875 0.0830078125 0.0244140625 0.0654296875
0 0.41015625 0.0087890625 0.017578125 0.0166015625
0 0.353515625 0.0146484375 0.0166015625 0.029296875