0 0.5556640625 0.4404296875 0.08203125 0.1748046875
1 0.7265625 0.474609375 0.029296875 0.1123046875
0 0.53515625 0.169921875 0.0458984375 0.078125
0 0.5556640625 0.314453125 0.068359375 0.1240234375
0 0.67578125 0.447265625 0.0966796875 0.2275390625
0 0.5361328125 0.0615234375 0.0234375 0.04296875
0 0.4287109375 0.4462890625 0.0986328125 0.2177734375
0 0.50390625 0.0302734375 0.01953125 0.0263671875
1 0.435546875 0.935546875 0.0693359375 0.12109375
0 0.416015625 0.1142578125 0.04296875 0.0693359375
1 0.6171875 0.392578125 0.0390625 0.1123046875
0 0.4326171875 0.0263671875 0.025390625 0.033203125
1 0.546875 0.943359375 0.0634765625 0.1123046875
1 0.5849609375 0.1943359375 0.0322265625 0.0751953125
1 0.76171875 0.4716796875 0.03125 0.109375
0 0.5966796875 0.6943359375 0.146484375 0.3916015625
1 0.37109375 0.4443359375 0.033203125 0.14453125
0 0.28125 0.83984375 0.2197265625 0.3056640625
2 0.474609375 0.083984375 0.0859375 0.140625
0 0.48046875 0.0126953125 0.0263671875 0.025390625
0 0.779296875 0.7763671875 0.16796875 0.419921875
0 0.515625 0.0830078125 0.01953125 0.0654296875
0 0.521484375 0.1259765625 0.02734375 0.0400390625
2 0.380859375 0.236328125 0.08984375 0.2431640625