0 0.5234375 0.056640625 0.0283203125 0.056640625
1 0.529296875 0.234375 0.021484375 0.072265625
1 0.2568359375 0.189453125 0.017578125 0.0517578125
1 0.6923828125 0.48046875 0.0341796875 0.10546875
1 0.65625 0.6884765625 0.0478515625 0.1376953125
1 0.6328125 0.3212890625 0.01953125 0.080078125
0 0.5791015625 0.181640625 0.041015625 0.0849609375
1 0.580078125 0.412109375 0.02734375 0.091796875
1 0.1171875 0.2509765625 0.01953125 0.0654296875
0 0.5234375 0.01953125 0.02734375 0.033203125
0 0.1845703125 0.224609375 0.068359375 0.10546875
1 0.4296875 0.1337890625 0.0185546875 0.0556640625
0 0.3447265625 0.0703125 0.0263671875 0.0458984375
1 0.6640625 0.40234375 0.0244140625 0.08984375
1 0.6083984375 0.3251953125 0.0234375 0.080078125
0 0.525390625 0.12890625 0.0322265625 0.068359375
0 0.4326171875 0.0205078125 0.0205078125 0.0322265625
0 0.482421875 0.013671875 0.021484375 0.025390625
0 0.4306640625 0.4306640625 0.091796875 0.1806640625
0 0.34375 0.0166015625 0.0234375 0.033203125
0 0.296875 0.0849609375 0.0390625 0.052734375
1 0.529296875 0.4990234375 0.033203125 0.1240234375
0 0.4111328125 0.013671875 0.0185546875 0.02734375
1 0.365234375 0.0556640625 0.0126953125 0.033203125
1 0.7666015625 0.603515625 0.05078125 0.154296875
1 0.609375 0.5146484375 0.0390625 0.12109375
1 0.560546875 0.45703125 0.0322265625 0.0888671875
1 0.2607421875 0.150390625 0.0166015625 0.03515625
2 0.380859375 0.234375 0.0869140625 0.2138671875
1 0.130859375 0.2109375 0.02734375 0.0556640625
1 0.6396484375 0.474609375 0.0341796875 0.095703125
1 0.5546875 0.3349609375 0.021484375 0.072265625
1 0.564453125 0.5615234375 0.0439453125 0.15234375
1 0.5 0.91015625 0.060546875 0.171875
1 0.625 0.912109375 0.0625 0.1640625
1 0.0869140625 0.2666015625 0.009765625 0.052734375
0 0.28125 0.8408203125 0.21484375 0.3037109375
1 0.40234375 0.056640625 0.0224609375 0.052734375
0 0.4345703125 0.0576171875 0.0283203125 0.048828125
0 0.2255859375 0.1328125 0.0263671875 0.0625
0 0.3671875 0.0224609375 0.021484375 0.044921875