1 0.765625 0.470703125 0.025390625 0.09765625
0 0.5556640625 0.44140625 0.0830078125 0.1767578125
1 0.7119140625 0.5849609375 0.02734375 0.08203125
0 0.5498046875 0.2451171875 0.05859375 0.08984375
0 0.4296875 0.4453125 0.095703125 0.2236328125
0 0.6728515625 0.431640625 0.095703125 0.201171875
1 0.736328125 0.5029296875 0.0380859375 0.1025390625
0 0.419921875 0.0986328125 0.044921875 0.091796875
0 0.5361328125 0.171875 0.05078125 0.0830078125
0 0.3447265625 0.0537109375 0.0234375 0.0732421875
0 0.50390625 0.015625 0.02734375 0.03125
1 0.671875 0.669921875 0.0302734375 0.08203125
0 0.6005859375 0.6923828125 0.1533203125 0.384765625
1 0.5234375 0.5654296875 0.0498046875 0.138671875
1 0.65234375 0.583984375 0.03515625 0.1044921875
1 0.603515625 0.3330078125 0.0224609375 0.0595703125
0 0.48046875 0.0126953125 0.025390625 0.025390625
1 0.53515625 0.09375 0.0224609375 0.0400390625
1 0.4306640625 0.94140625 0.0673828125 0.109375
0 0.43359375 0.0517578125 0.0302734375 0.044921875
0 0.28125 0.83984375 0.2158203125 0.3056640625
0 0.779296875 0.775390625 0.16796875 0.41796875
2 0.474609375 0.08984375 0.083984375 0.1416015625
2 0.380859375 0.2412109375 0.0908203125 0.2236328125
0 0.4462890625 0.015625 0.025390625 0.0302734375
0 0.5166015625 0.087890625 0.0185546875 0.0693359375