0 0.5556640625 0.4462890625 0.0849609375 0.1708984375
0 0.5361328125 0.1787109375 0.0498046875 0.087890625
0 0.662109375 0.4296875 0.0986328125 0.2294921875
0 0.5556640625 0.314453125 0.0712890625 0.142578125
0 0.4306640625 0.447265625 0.1005859375 0.2197265625
1 0.4375 0.9326171875 0.0732421875 0.1259765625
0 0.53125 0.046875 0.0185546875 0.037109375
1 0.548828125 0.9443359375 0.0654296875 0.1083984375
0 0.419921875 0.09765625 0.044921875 0.08203125
0 0.5966796875 0.6923828125 0.1484375 0.390625
1 0.5146484375 0.572265625 0.037109375 0.1142578125
0 0.50390625 0.0302734375 0.017578125 0.0263671875
0 0.515625 0.083984375 0.01953125 0.068359375
1 0.7607421875 0.4638671875 0.03515625 0.119140625
0 0.2822265625 0.83984375 0.2158203125 0.3056640625
1 0.6083984375 0.46484375 0.041015625 0.0751953125
1 0.89453125 0.5087890625 0.0419921875 0.091796875
2 0.474609375 0.083984375 0.08203125 0.140625
1 0.88671875 0.9169921875 0.0556640625 0.1611328125
0 0.43359375 0.0263671875 0.025390625 0.0302734375
1 0.6015625 0.236328125 0.0380859375 0.1025390625
0 0.4814453125 0.0126953125 0.02734375 0.025390625
0 0.77734375 0.771484375 0.1669921875 0.41796875
2 0.3828125 0.2412109375 0.08984375 0.2373046875