1 0.7890625 0.4677734375 0.0302734375 0.09765625
0 0.416015625 0.0966796875 0.04296875 0.0791015625
0 0.5341796875 0.2490234375 0.0595703125 0.1123046875
0 0.5390625 0.0712890625 0.05859375 0.08203125
0 0.4423828125 0.03515625 0.025390625 0.052734375
0 0.46484375 0.212890625 0.0615234375 0.1044921875
0 0.3876953125 0.1953125 0.0546875 0.1123046875
0 0.5703125 0.51171875 0.08203125 0.21484375
0 0.5029296875 0.05859375 0.025390625 0.076171875
0 0.5390625 0.1787109375 0.056640625 0.0634765625
2 0.23046875 0.5263671875 0.287109375 0.7275390625
2 0.787109375 0.7548828125 0.2529296875 0.4873046875