1 0.7919921875 0.4619140625 0.0322265625 0.107421875
1 0.587890625 0.15234375 0.0224609375 0.0361328125
1 0.6240234375 0.1416015625 0.01171875 0.033203125
1 0.31640625 0.048828125 0.01171875 0.037109375
0 0.4111328125 0.11328125 0.0419921875 0.08203125
1 0.6748046875 0.5341796875 0.025390625 0.1044921875
1 0.337890625 0.03515625 0.0126953125 0.044921875
0 0.44140625 0.0302734375 0.021484375 0.0498046875
0 0.5419921875 0.1884765625 0.0625 0.0830078125
0 0.50390625 0.0615234375 0.0244140625 0.0615234375
0 0.5400390625 0.060546875 0.0576171875 0.0595703125
0 0.5732421875 0.5146484375 0.0888671875 0.21484375
0 0.3857421875 0.1962890625 0.0498046875 0.10546875
0 0.5361328125 0.28125 0.0595703125 0.08984375
2 0.78515625 0.75390625 0.259765625 0.486328125
2 0.2265625 0.5302734375 0.2861328125 0.716796875