0 0.53125 0.0927734375 0.0361328125 0.0693359375
1 0.76171875 0.4677734375 0.033203125 0.1044921875
0 0.53515625 0.18359375 0.0498046875 0.095703125
0 0.607421875 0.263671875 0.064453125 0.12890625
1 0.63671875 0.482421875 0.0302734375 0.09765625
0 0.556640625 0.4453125 0.08203125 0.1484375
0 0.5556640625 0.3115234375 0.07421875 0.1611328125
0 0.5263671875 0.017578125 0.021484375 0.0302734375
1 0.5185546875 0.5595703125 0.0478515625 0.138671875
0 0.4296875 0.4453125 0.09375 0.21484375
0 0.57421875 0.1669921875 0.044921875 0.0927734375
1 0.478515625 0.4326171875 0.0341796875 0.087890625
0 0.4169921875 0.1123046875 0.0439453125 0.06640625
0 0.505859375 0.0166015625 0.0263671875 0.033203125
0 0.552734375 0.123046875 0.02734375 0.0517578125
1 0.890625 0.9248046875 0.0546875 0.14453125
0 0.43359375 0.0224609375 0.0283203125 0.033203125
0 0.5966796875 0.69140625 0.1435546875 0.37890625
1 0.2578125 0.1884765625 0.0146484375 0.0419921875
2 0.2529296875 0.5517578125 0.2509765625 0.5205078125
1 0.564453125 0.955078125 0.0625 0.08984375
0 0.78515625 0.77734375 0.17578125 0.4150390625
0 0.48046875 0.01171875 0.0263671875 0.0234375
1 0.326171875 0.21484375 0.0263671875 0.08203125
1 0.5439453125 0.0380859375 0.017578125 0.0400390625
2 0.474609375 0.0869140625 0.0849609375 0.140625
2 0.3818359375 0.2412109375 0.0908203125 0.2138671875
2 0.46484375 0.2626953125 0.09765625 0.2587890625
2 0.29296875 0.037109375 0.08984375 0.07421875