1 0.640625 0.5146484375 0.0322265625 0.087890625
1 0.62109375 0.34765625 0.0263671875 0.08984375
0 0.5361328125 0.1826171875 0.044921875 0.1015625
1 0.7607421875 0.4697265625 0.033203125 0.09765625
0 0.5556640625 0.30859375 0.0732421875 0.16015625
0 0.5556640625 0.4365234375 0.08203125 0.1474609375
1 0.64453125 0.44140625 0.02734375 0.0654296875
0 0.537109375 0.068359375 0.02734375 0.04296875
0 0.431640625 0.4384765625 0.09375 0.203125
0 0.5224609375 0.11328125 0.0302734375 0.056640625
0 0.416015625 0.12109375 0.0419921875 0.078125
1 0.68359375 0.69140625 0.0419921875 0.1513671875
0 0.43359375 0.0302734375 0.02734375 0.037109375
0 0.48046875 0.01171875 0.0224609375 0.0234375
0 0.5986328125 0.6943359375 0.1494140625 0.3857421875
2 0.474609375 0.083984375 0.08203125 0.142578125
2 0.25 0.5361328125 0.2490234375 0.5224609375
2 0.3828125 0.240234375 0.08984375 0.2197265625
0 0.52734375 0.0400390625 0.01953125 0.0234375
0 0.51171875 0.0224609375 0.017578125 0.0322265625
0 0.783203125 0.77734375 0.169921875 0.4169921875