0 0.34375 0.037109375 0.021484375 0.03515625
1 0.662109375 0.416015625 0.02734375 0.0927734375
0 0.3720703125 0.048828125 0.0234375 0.044921875
1 0.7314453125 0.5302734375 0.041015625 0.119140625
0 0.34375 0.0947265625 0.0234375 0.0556640625
0 0.5400390625 0.201171875 0.044921875 0.10546875
1 0.658203125 0.7294921875 0.0537109375 0.1806640625
0 0.4169921875 0.1171875 0.041015625 0.0732421875
0 0.4306640625 0.44140625 0.09765625 0.20703125
1 0.2021484375 0.1787109375 0.0185546875 0.046875
0 0.5712890625 0.453125 0.09375 0.2333984375
0 0.43359375 0.0224609375 0.0224609375 0.0361328125
2 0.548828125 0.0859375 0.0439453125 0.1279296875
0 0.478515625 0.0126953125 0.021484375 0.025390625
1 0.3271484375 0.2021484375 0.0263671875 0.056640625
2 0.3818359375 0.2294921875 0.0888671875 0.236328125
1 0.171875 0.2412109375 0.0185546875 0.0458984375
2 0.2490234375 0.5361328125 0.25390625 0.533203125
2 0.4765625 0.091796875 0.08203125 0.150390625
0 0.8505859375 0.76953125 0.12890625 0.3388671875