1 0.791015625 0.46484375 0.0302734375 0.10546875
0 0.4013671875 0.1494140625 0.044921875 0.087890625
0 0.44140625 0.0283203125 0.0234375 0.048828125
1 0.6162109375 0.4482421875 0.02734375 0.080078125
0 0.53125 0.2490234375 0.056640625 0.1044921875
0 0.5732421875 0.5146484375 0.08984375 0.2099609375
2 0.541015625 0.09765625 0.0615234375 0.1279296875
0 0.5029296875 0.060546875 0.0234375 0.0595703125
0 0.4189453125 0.080078125 0.046875 0.10546875
0 0.537109375 0.1787109375 0.0537109375 0.056640625
0 0.375 0.2412109375 0.0390625 0.12109375
0 0.46484375 0.2109375 0.064453125 0.1142578125
2 0.3076171875 0.0859375 0.044921875 0.1083984375
2 0.2685546875 0.0732421875 0.0419921875 0.0537109375
2 0.78515625 0.7548828125 0.255859375 0.490234375
2 0.2333984375 0.525390625 0.28515625 0.724609375