1 0.314453125 0.158203125 0.0126953125 0.044921875
1 0.857421875 0.5146484375 0.0283203125 0.1044921875
1 0.65234375 0.2529296875 0.025390625 0.06640625
1 0.30859375 0.0693359375 0.01171875 0.044921875
1 0.80859375 0.5078125 0.033203125 0.1044921875
0 0.5859375 0.1884765625 0.041015625 0.080078125
1 0.10546875 0.2412109375 0.021484375 0.04296875
1 0.76171875 0.4697265625 0.03125 0.10546875
0 0.53515625 0.0478515625 0.0234375 0.03515625
0 0.5498046875 0.244140625 0.0595703125 0.09765625
0 0.6669921875 0.4189453125 0.08984375 0.1875
0 0.3466796875 0.0263671875 0.0244140625 0.0390625
1 0.5380859375 0.1162109375 0.0166015625 0.0400390625
0 0.4140625 0.1162109375 0.041015625 0.072265625
0 0.556640625 0.4384765625 0.0830078125 0.1513671875
1 0.845703125 0.6806640625 0.0458984375 0.1025390625
1 0.1572265625 0.263671875 0.0166015625 0.0556640625
0 0.4267578125 0.4462890625 0.087890625 0.21484375
1 0.26953125 0.1474609375 0.01953125 0.044921875
1 0.291015625 0.0947265625 0.013671875 0.0400390625
2 0.3779296875 0.0322265625 0.037109375 0.064453125
0 0.43359375 0.025390625 0.0263671875 0.0361328125
0 0.515625 0.0830078125 0.01953125 0.0654296875
0 0.50390625 0.015625 0.025390625 0.0302734375
1 0.5224609375 0.55859375 0.0478515625 0.1318359375
1 0.171875 0.23828125 0.0234375 0.0458984375
1 0.1318359375 0.3564453125 0.01953125 0.068359375
1 0.72265625 0.5322265625 0.0205078125 0.06640625
0 0.4794921875 0.013671875 0.02734375 0.0263671875
1 0.609375 0.3935546875 0.04296875 0.107421875
0 0.5947265625 0.693359375 0.1494140625 0.3876953125
0 0.283203125 0.841796875 0.216796875 0.3056640625
0 0.78125 0.7734375 0.1708984375 0.427734375
2 0.37890625 0.2548828125 0.083984375 0.193359375
2 0.4736328125 0.087890625 0.0810546875 0.1357421875