1 0.6025390625 0.234375 0.0205078125 0.05859375
1 0.6123046875 0.560546875 0.044921875 0.134765625
1 0.6611328125 0.560546875 0.0361328125 0.115234375
0 0.2470703125 0.201171875 0.0615234375 0.0947265625
1 0.6015625 0.3974609375 0.02734375 0.0849609375
1 0.568359375 0.330078125 0.0224609375 0.0849609375
0 0.3046875 0.1328125 0.05078125 0.08984375
1 0.640625 0.361328125 0.0283203125 0.087890625
0 0.5673828125 0.1474609375 0.033203125 0.0634765625
1 0.5234375 0.322265625 0.01953125 0.0830078125
0 0.525390625 0.044921875 0.0224609375 0.037109375
0 0.396484375 0.0185546875 0.01953125 0.03515625
1 0.578125 0.2607421875 0.01953125 0.0654296875
0 0.521484375 0.111328125 0.025390625 0.068359375
1 0.5419921875 0.3642578125 0.02734375 0.1044921875
1 0.5146484375 0.169921875 0.0126953125 0.052734375
0 0.4169921875 0.12109375 0.0439453125 0.08203125
0 0.4296875 0.44921875 0.09765625 0.20703125
1 0.62109375 0.30859375 0.0205078125 0.0712890625
1 0.11328125 0.2568359375 0.0224609375 0.0634765625
1 0.60546875 0.287109375 0.017578125 0.0537109375
1 0.5341796875 0.7607421875 0.0517578125 0.181640625
1 0.671875 0.46875 0.03125 0.0732421875
0 0.330078125 0.02734375 0.0185546875 0.0302734375
1 0.732421875 0.4990234375 0.033203125 0.080078125
1 0.546875 0.6083984375 0.04296875 0.119140625
1 0.669921875 0.3671875 0.0322265625 0.0625
0 0.4462890625 0.0146484375 0.021484375 0.0263671875
1 0.544921875 0.1416015625 0.01953125 0.0556640625
0 0.5205078125 0.015625 0.0234375 0.0302734375
0 0.4951171875 0.0244140625 0.01953125 0.0205078125
1 0.52734375 0.1572265625 0.0205078125 0.052734375
2 0.3798828125 0.2587890625 0.087890625 0.205078125
1 0.134765625 0.357421875 0.0205078125 0.099609375
0 0.73828125 0.7412109375 0.1474609375 0.408203125
1 0.12890625 0.234375 0.017578125 0.0498046875
2 0.2490234375 0.548828125 0.2490234375 0.5419921875
1 0.5634765625 0.2431640625 0.0205078125 0.0615234375
0 0.43359375 0.0576171875 0.029296875 0.0517578125
0 0.095703125 0.345703125 0.02734375 0.119140625