0 0.4677734375 0.0712890625 0.0263671875 0.0595703125
0 0.53125 0.2060546875 0.05078125 0.1123046875
0 0.521484375 0.09765625 0.0322265625 0.0654296875
0 0.5185546875 0.0390625 0.0234375 0.044921875
1 0.5751953125 0.2724609375 0.0263671875 0.0791015625
0 0.455078125 0.2197265625 0.056640625 0.1279296875
1 0.49609375 0.3076171875 0.0224609375 0.08984375
0 0.42578125 0.0927734375 0.03125 0.0654296875
2 0.44921875 0.0302734375 0.02734375 0.060546875
1 0.62109375 0.2900390625 0.0166015625 0.0615234375
0 0.3984375 0.166015625 0.0419921875 0.0927734375
1 0.60546875 0.314453125 0.017578125 0.0595703125
0 0.486328125 0.03515625 0.021484375 0.0458984375
0 0.4931640625 0.13671875 0.0361328125 0.08203125
0 0.5380859375 0.384765625 0.080078125 0.1806640625
0 0.4599609375 0.1455078125 0.03515625 0.0498046875
0 0.5087890625 0.009765625 0.0185546875 0.01953125
1 0.560546875 0.15234375 0.009765625 0.046875
0 0.435546875 0.3671875 0.0830078125 0.1845703125
0 0.2587890625 0.5859375 0.134765625 0.2998046875
0 0.6474609375 0.5146484375 0.1103515625 0.2626953125
2 0.33203125 0.3173828125 0.1044921875 0.2763671875
0 0.65234375 0.8115234375 0.1669921875 0.3583984375
0 0.3330078125 0.86328125 0.2138671875 0.2705078125