0 0.537109375 0.154296875 0.0263671875 0.0859375
1 0.69140625 0.6181640625 0.0419921875 0.138671875
0 0.3828125 0.1396484375 0.052734375 0.0732421875
0 0.427734375 0.443359375 0.095703125 0.2099609375
1 0.740234375 0.7666015625 0.05859375 0.1357421875
0 0.4169921875 0.119140625 0.0380859375 0.0751953125
1 0.310546875 0.1376953125 0.0146484375 0.0498046875
0 0.3466796875 0.0810546875 0.0224609375 0.0537109375
1 0.25 0.189453125 0.01171875 0.0517578125
1 0.3017578125 0.0595703125 0.015625 0.033203125
0 0.53125 0.0478515625 0.0322265625 0.0732421875
1 0.12890625 0.25 0.017578125 0.052734375
0 0.3486328125 0.0302734375 0.021484375 0.0458984375
0 0.4462890625 0.0185546875 0.0234375 0.03515625
0 0.4794921875 0.013671875 0.02734375 0.0263671875
1 0.37109375 0.4462890625 0.03125 0.1337890625
0 0.435546875 0.0546875 0.0263671875 0.048828125
0 0.6044921875 0.61328125 0.119140625 0.3154296875
1 0.5244140625 0.255859375 0.025390625 0.1025390625
1 0.4052734375 0.0224609375 0.0185546875 0.0390625
1 0.5556640625 0.263671875 0.017578125 0.095703125
0 0.28125 0.8408203125 0.2158203125 0.3037109375
1 0.16015625 0.2177734375 0.015625 0.046875
2 0.607421875 0.279296875 0.111328125 0.322265625
2 0.2412109375 0.1357421875 0.0419921875 0.0693359375
1 0.1337890625 0.205078125 0.0185546875 0.0400390625
2 0.3837890625 0.25 0.0888671875 0.2109375
2 0.4755859375 0.08984375 0.08203125 0.142578125
0 0.7197265625 0.921875 0.16796875 0.150390625