0 0.5205078125 0.115234375 0.0390625 0.06640625
1 0.5400390625 0.1787109375 0.01953125 0.0498046875
1 0.5615234375 0.1552734375 0.01171875 0.0419921875
1 0.580078125 0.171875 0.0234375 0.06640625
0 0.4130859375 0.1044921875 0.0400390625 0.0693359375
0 0.44140625 0.03515625 0.0224609375 0.0595703125
0 0.537109375 0.255859375 0.0546875 0.115234375
0 0.6181640625 0.3046875 0.064453125 0.1376953125
0 0.310546875 0.06640625 0.02734375 0.0458984375
0 0.546875 0.3564453125 0.060546875 0.140625
0 0.3408203125 0.08984375 0.029296875 0.06640625
0 0.4091796875 0.013671875 0.0166015625 0.02734375
0 0.46484375 0.212890625 0.0615234375 0.10546875
0 0.3896484375 0.1953125 0.0546875 0.115234375
2 0.5068359375 0.0380859375 0.037109375 0.076171875
2 0.2373046875 0.5244140625 0.2978515625 0.7236328125
2 0.4697265625 0.041015625 0.05078125 0.08203125