0 0.3427734375 0.3740234375 0.07421875 0.177734375
0 0.4189453125 0.1025390625 0.0439453125 0.095703125
0 0.5087890625 0.0283203125 0.0205078125 0.04296875
0 0.4599609375 0.234375 0.0576171875 0.1123046875
0 0.509765625 0.107421875 0.029296875 0.0498046875
0 0.5576171875 0.29296875 0.06640625 0.1474609375
0 0.5322265625 0.20703125 0.052734375 0.09765625
0 0.38671875 0.19140625 0.0625 0.1220703125
0 0.515625 0.0625 0.0283203125 0.0419921875
0 0.4716796875 0.044921875 0.0244140625 0.04296875
1 0.6005859375 0.240234375 0.02734375 0.1025390625
0 0.4443359375 0.03515625 0.02734375 0.0517578125
0 0.451171875 0.3642578125 0.0859375 0.177734375
1 0.5234375 0.021484375 0.01171875 0.0234375
1 0.1962890625 0.23046875 0.017578125 0.0390625
1 0.2314453125 0.22265625 0.017578125 0.0556640625
1 0.53125 0.0576171875 0.0107421875 0.029296875
1 0.5771484375 0.15234375 0.0244140625 0.068359375
0 0.2578125 0.484375 0.1240234375 0.296875
0 0.4208984375 0.55859375 0.1201171875 0.2724609375
0 0.181640625 0.771484375 0.201171875 0.443359375
0 0.53515625 0.111328125 0.0302734375 0.0400390625
0 0.6279296875 0.548828125 0.11328125 0.27734375
0 0.48046875 0.01171875 0.01953125 0.0234375