1 0.62890625 0.34375 0.0224609375 0.0712890625
1 0.7900390625 0.462890625 0.033203125 0.10546875
1 0.3125 0.13671875 0.0146484375 0.0458984375
1 0.1376953125 0.2568359375 0.01953125 0.052734375
1 0.595703125 0.146484375 0.0234375 0.048828125
1 0.669921875 0.4384765625 0.0224609375 0.0830078125
1 0.611328125 0.2626953125 0.01953125 0.06640625
0 0.5341796875 0.2490234375 0.05859375 0.109375
1 0.3369140625 0.109375 0.0146484375 0.0458984375
0 0.4111328125 0.111328125 0.0400390625 0.0791015625
1 0.6328125 0.1455078125 0.01953125 0.03515625
0 0.44140625 0.03515625 0.021484375 0.0556640625
0 0.50390625 0.0625 0.0234375 0.0634765625
1 0.6640625 0.5224609375 0.025390625 0.078125
0 0.572265625 0.5126953125 0.0869140625 0.2109375
0 0.38671875 0.197265625 0.05078125 0.1162109375
2 0.541015625 0.1123046875 0.0654296875 0.158203125
2 0.234375 0.5224609375 0.2890625 0.7265625
2 0.7958984375 0.7490234375 0.2294921875 0.474609375
2 0.4716796875 0.1787109375 0.0703125 0.1640625