1 0.6025390625 0.140625 0.0146484375 0.03515625
1 0.646484375 0.4267578125 0.025390625 0.0849609375
1 0.7509765625 0.43359375 0.0244140625 0.0615234375
1 0.7890625 0.47265625 0.025390625 0.080078125
1 0.603515625 0.29296875 0.021484375 0.0751953125
0 0.5322265625 0.24609375 0.056640625 0.1025390625
1 0.7138671875 0.482421875 0.03515625 0.06640625
1 0.6318359375 0.138671875 0.0234375 0.0419921875
0 0.44140625 0.037109375 0.0244140625 0.0615234375
0 0.4111328125 0.1162109375 0.04296875 0.0888671875
0 0.50390625 0.0654296875 0.0244140625 0.06640625
0 0.5703125 0.51171875 0.08203125 0.2099609375
0 0.50390625 0.0205078125 0.02734375 0.0400390625
0 0.541015625 0.072265625 0.05859375 0.080078125
0 0.38671875 0.1982421875 0.05078125 0.1142578125