0 0.5546875 0.435546875 0.0830078125 0.1767578125
0 0.5498046875 0.236328125 0.056640625 0.0849609375
1 0.734375 0.5166015625 0.0341796875 0.1025390625
1 0.4345703125 0.9306640625 0.0693359375 0.1337890625
0 0.431640625 0.431640625 0.0927734375 0.1904296875
1 0.5966796875 0.244140625 0.02734375 0.0712890625
0 0.541015625 0.0830078125 0.02734375 0.0556640625
1 0.7607421875 0.46875 0.0341796875 0.109375
0 0.6845703125 0.4462890625 0.099609375 0.224609375
0 0.5244140625 0.1337890625 0.03125 0.0498046875
1 0.6171875 0.39453125 0.037109375 0.10546875
0 0.4169921875 0.1142578125 0.041015625 0.06640625
1 0.8857421875 0.93359375 0.05078125 0.130859375
1 0.5224609375 0.55859375 0.048828125 0.142578125
1 0.6298828125 0.2890625 0.01953125 0.046875
1 0.55078125 0.9384765625 0.0654296875 0.12109375
0 0.595703125 0.6923828125 0.1455078125 0.3876953125
1 0.720703125 0.4013671875 0.0234375 0.0556640625
0 0.2841796875 0.8388671875 0.21484375 0.30859375
0 0.5029296875 0.0283203125 0.01953125 0.0263671875
2 0.474609375 0.0849609375 0.08203125 0.1357421875
1 0.6064453125 0.4736328125 0.03515625 0.06640625
0 0.43359375 0.0283203125 0.025390625 0.0322265625
0 0.779296875 0.77734375 0.16796875 0.4150390625
2 0.3798828125 0.2548828125 0.0888671875 0.21484375
0 0.48046875 0.0126953125 0.02734375 0.025390625