1 0.3232421875 0.0673828125 0.0146484375 0.0322265625
1 0.3203125 0.1416015625 0.015625 0.0498046875
1 0.341796875 0.0712890625 0.009765625 0.0322265625
1 0.3037109375 0.107421875 0.01171875 0.0400390625
1 0.6025390625 0.134765625 0.01171875 0.033203125
1 0.29296875 0.076171875 0.009765625 0.029296875
1 0.80859375 0.5048828125 0.03515625 0.107421875
1 0.279296875 0.1162109375 0.0126953125 0.033203125
0 0.587890625 0.193359375 0.0439453125 0.0859375
0 0.53515625 0.0576171875 0.0263671875 0.0400390625
1 0.263671875 0.150390625 0.015625 0.0419921875
1 0.759765625 0.47265625 0.0322265625 0.1025390625
1 0.37109375 0.02734375 0.0087890625 0.0302734375
1 0.3447265625 0.03125 0.009765625 0.0322265625
1 0.20703125 0.224609375 0.0205078125 0.0595703125
1 0.3603515625 0.09375 0.01171875 0.0400390625
1 0.724609375 0.376953125 0.0263671875 0.08984375
1 0.185546875 0.2021484375 0.0205078125 0.0537109375
0 0.5556640625 0.314453125 0.07421875 0.1376953125
0 0.556640625 0.4443359375 0.08203125 0.171875
0 0.66796875 0.4169921875 0.0869140625 0.1806640625
1 0.3046875 0.0634765625 0.01171875 0.0322265625
0 0.5361328125 0.173828125 0.048828125 0.0751953125
0 0.416015625 0.115234375 0.037109375 0.0693359375
0 0.4287109375 0.44140625 0.08984375 0.2109375
0 0.5244140625 0.1259765625 0.03125 0.0390625
0 0.50390625 0.017578125 0.0244140625 0.0322265625
1 0.63671875 0.142578125 0.015625 0.0361328125
0 0.43359375 0.0537109375 0.0302734375 0.044921875
1 0.390625 0.025390625 0.009765625 0.0361328125
1 0.5341796875 0.099609375 0.0205078125 0.0361328125
1 0.3271484375 0.208984375 0.0234375 0.068359375
1 0.41015625 0.0185546875 0.015625 0.0322265625
1 0.6064453125 0.400390625 0.0302734375 0.0927734375
0 0.5986328125 0.6923828125 0.14453125 0.3876953125
0 0.515625 0.078125 0.017578125 0.0517578125
0 0.447265625 0.0185546875 0.0244140625 0.03515625
1 0.84765625 0.7138671875 0.0419921875 0.138671875
0 0.4794921875 0.013671875 0.025390625 0.0263671875
1 0.51953125 0.03125 0.017578125 0.0322265625
0 0.2822265625 0.8388671875 0.216796875 0.3056640625
0 0.78125 0.7724609375 0.1708984375 0.4287109375
2 0.3818359375 0.2373046875 0.0888671875 0.23046875
2 0.47265625 0.0849609375 0.083984375 0.138671875