1 0.541015625 0.1669921875 0.0126953125 0.0556640625
0 0.4228515625 0.0771484375 0.0478515625 0.0791015625
1 0.5888671875 0.236328125 0.0166015625 0.0556640625
1 0.66796875 0.5185546875 0.03515625 0.1181640625
1 0.5234375 0.3154296875 0.0234375 0.072265625
0 0.5185546875 0.0576171875 0.02734375 0.056640625
0 0.4609375 0.212890625 0.0546875 0.1142578125
1 0.55078125 0.4296875 0.03125 0.1044921875
0 0.55859375 0.244140625 0.048828125 0.1025390625
1 0.609375 0.1640625 0.009765625 0.0390625
0 0.5068359375 0.17578125 0.0498046875 0.0986328125
0 0.447265625 0.02734375 0.0322265625 0.052734375
0 0.4638671875 0.423828125 0.0908203125 0.2275390625
2 0.330078125 0.326171875 0.1552734375 0.4150390625
0 0.603515625 0.580078125 0.1015625 0.23046875
1 0.537109375 0.0888671875 0.0087890625 0.033203125
2 0.482421875 0.0732421875 0.05078125 0.138671875
0 0.30078125 0.798828125 0.2060546875 0.388671875