1 0.7890625 0.4677734375 0.03515625 0.095703125
1 0.6640625 0.5185546875 0.0263671875 0.0712890625
0 0.4111328125 0.1123046875 0.041015625 0.0751953125
0 0.50390625 0.0654296875 0.0244140625 0.0634765625
0 0.44140625 0.029296875 0.0224609375 0.0498046875
0 0.548828125 0.181640625 0.048828125 0.0595703125
0 0.572265625 0.5107421875 0.0869140625 0.212890625
1 0.615234375 0.44140625 0.0302734375 0.0830078125
2 0.541015625 0.0888671875 0.05859375 0.1083984375
0 0.3896484375 0.1923828125 0.0546875 0.1044921875
0 0.53125 0.2412109375 0.0517578125 0.0849609375
0 0.361328125 0.0322265625 0.0244140625 0.048828125
0 0.501953125 0.0185546875 0.0244140625 0.037109375
0 0.306640625 0.0517578125 0.0185546875 0.0322265625
2 0.2265625 0.5615234375 0.2900390625 0.7890625
2 0.78515625 0.7509765625 0.2587890625 0.490234375
2 0.470703125 0.1884765625 0.0712890625 0.1806640625