1 0.66796875 0.4189453125 0.0244140625 0.0732421875
1 0.38671875 0.041015625 0.01171875 0.029296875
1 0.314453125 0.11328125 0.0126953125 0.04296875
1 0.7900390625 0.4697265625 0.02734375 0.087890625
1 0.6162109375 0.296875 0.021484375 0.0712890625
1 0.6015625 0.2392578125 0.0185546875 0.0634765625
1 0.3671875 0.0400390625 0.0087890625 0.02734375
1 0.353515625 0.0830078125 0.0107421875 0.0390625
1 0.34765625 0.0341796875 0.0107421875 0.03515625
0 0.5537109375 0.2265625 0.05078125 0.111328125
1 0.6953125 0.4619140625 0.02734375 0.0595703125
1 0.34375 0.06640625 0.013671875 0.0419921875
1 0.3046875 0.1337890625 0.0126953125 0.052734375
0 0.4111328125 0.109375 0.0419921875 0.076171875
1 0.662109375 0.5126953125 0.03515625 0.0859375
1 0.326171875 0.0341796875 0.0087890625 0.0322265625
0 0.50390625 0.0595703125 0.0224609375 0.0556640625
0 0.572265625 0.513671875 0.0888671875 0.216796875
0 0.3857421875 0.193359375 0.046875 0.10546875
0 0.44140625 0.03125 0.0224609375 0.048828125
1 0.3046875 0.0849609375 0.01171875 0.0498046875
2 0.541015625 0.1044921875 0.060546875 0.138671875
0 0.4599609375 0.24609375 0.0595703125 0.1025390625
2 0.232421875 0.525390625 0.2841796875 0.7294921875
2 0.7890625 0.75390625 0.2451171875 0.484375