1 0.7900390625 0.4580078125 0.0283203125 0.10546875
0 0.552734375 0.22265625 0.048828125 0.107421875
1 0.591796875 0.287109375 0.025390625 0.080078125
1 0.5888671875 0.2138671875 0.0126953125 0.046875
1 0.6298828125 0.4677734375 0.03515625 0.078125
0 0.40234375 0.14453125 0.04296875 0.0888671875
1 0.5859375 0.37109375 0.01953125 0.0751953125
0 0.5712890625 0.513671875 0.087890625 0.21484375
0 0.50390625 0.0595703125 0.0224609375 0.05859375
0 0.5390625 0.06640625 0.056640625 0.0693359375
0 0.4189453125 0.072265625 0.044921875 0.0859375
0 0.44140625 0.0302734375 0.0224609375 0.048828125
2 0.322265625 0.08203125 0.05078125 0.1357421875
2 0.2333984375 0.5234375 0.2861328125 0.724609375
2 0.7822265625 0.7490234375 0.2607421875 0.490234375