1 0.6640625 0.4677734375 0.0302734375 0.0947265625
0 0.5546875 0.4453125 0.083984375 0.1650390625
0 0.5380859375 0.173828125 0.0458984375 0.0732421875
1 0.65234375 0.564453125 0.033203125 0.109375
0 0.556640625 0.3134765625 0.0751953125 0.154296875
0 0.6201171875 0.3115234375 0.06640625 0.1259765625
0 0.5244140625 0.1142578125 0.03125 0.0517578125
1 0.76171875 0.47265625 0.029296875 0.09765625
1 0.5859375 0.2177734375 0.025390625 0.072265625
1 0.62109375 0.474609375 0.0244140625 0.0712890625
1 0.517578125 0.56640625 0.0390625 0.1162109375
0 0.5048828125 0.013671875 0.0205078125 0.02734375
0 0.4306640625 0.4423828125 0.0947265625 0.2099609375
0 0.48046875 0.0126953125 0.0263671875 0.025390625
0 0.5400390625 0.0224609375 0.01953125 0.029296875
0 0.419921875 0.099609375 0.044921875 0.0830078125
1 0.51953125 0.2255859375 0.0205078125 0.0791015625
0 0.5966796875 0.6923828125 0.1474609375 0.3759765625
0 0.43359375 0.0224609375 0.0224609375 0.0302734375
1 0.4833984375 0.4150390625 0.0380859375 0.0849609375
1 0.572265625 0.1650390625 0.0390625 0.068359375
1 0.369140625 0.45703125 0.0283203125 0.119140625
0 0.544921875 0.080078125 0.0361328125 0.078125
0 0.2177734375 0.158203125 0.072265625 0.119140625
2 0.3828125 0.240234375 0.08984375 0.224609375
0 0.28125 0.83984375 0.216796875 0.3056640625
2 0.4736328125 0.0859375 0.08203125 0.1357421875
0 0.78125 0.7724609375 0.171875 0.4169921875
2 0.3017578125 0.0224609375 0.021484375 0.044921875