0 0.59375 0.208984375 0.0419921875 0.095703125
1 0.515625 0.5625 0.0439453125 0.1279296875
0 0.5498046875 0.2421875 0.05859375 0.0927734375
0 0.4150390625 0.1162109375 0.037109375 0.06640625
0 0.5361328125 0.173828125 0.0498046875 0.078125
1 0.8447265625 0.6982421875 0.048828125 0.1220703125
0 0.5546875 0.443359375 0.08203125 0.1572265625
0 0.666015625 0.4228515625 0.08984375 0.1962890625
0 0.4296875 0.4384765625 0.08984375 0.203125
0 0.5048828125 0.017578125 0.029296875 0.03515625
1 0.8857421875 0.9365234375 0.044921875 0.115234375
0 0.546875 0.087890625 0.029296875 0.0498046875
0 0.5166015625 0.080078125 0.0185546875 0.0537109375
1 0.515625 0.2607421875 0.0224609375 0.06640625
1 0.7373046875 0.53515625 0.033203125 0.0859375
1 0.765625 0.4697265625 0.03515625 0.0712890625
1 0.8837890625 0.75390625 0.05078125 0.1357421875
1 0.8056640625 0.49609375 0.0380859375 0.1220703125
0 0.43359375 0.0224609375 0.0234375 0.033203125
0 0.59765625 0.693359375 0.1474609375 0.3837890625
0 0.267578125 0.1669921875 0.0478515625 0.0712890625
1 0.68359375 0.62109375 0.0380859375 0.115234375
1 0.5966796875 0.3203125 0.021484375 0.0712890625
0 0.279296875 0.83984375 0.21875 0.306640625
0 0.4794921875 0.0126953125 0.02734375 0.025390625
0 0.7783203125 0.775390625 0.173828125 0.421875
0 0.375 0.2744140625 0.0712890625 0.142578125
0 0.525390625 0.1259765625 0.03515625 0.0458984375
2 0.4736328125 0.087890625 0.08203125 0.1376953125