0 0.345703125 0.080078125 0.02734375 0.0537109375
1 0.638671875 0.3173828125 0.0224609375 0.0625
1 0.6171875 0.2900390625 0.0205078125 0.0693359375
0 0.369140625 0.044921875 0.017578125 0.037109375
1 0.1162109375 0.2294921875 0.0205078125 0.0498046875
0 0.529296875 0.150390625 0.0361328125 0.0830078125
1 0.529296875 0.2314453125 0.013671875 0.056640625
0 0.552734375 0.2919921875 0.0634765625 0.1484375
1 0.09765625 0.3212890625 0.02734375 0.0732421875
0 0.3203125 0.056640625 0.0234375 0.0419921875
0 0.4150390625 0.1181640625 0.0380859375 0.0751953125
0 0.4287109375 0.439453125 0.09375 0.2041015625
1 0.2705078125 0.146484375 0.0126953125 0.037109375
0 0.43359375 0.0234375 0.021484375 0.033203125
0 0.390625 0.03515625 0.021484375 0.0361328125
0 0.435546875 0.05859375 0.025390625 0.0517578125
2 0.544921875 0.0595703125 0.041015625 0.1083984375
0 0.4775390625 0.0126953125 0.01953125 0.025390625
1 0.5830078125 0.369140625 0.025390625 0.111328125
1 0.32421875 0.0908203125 0.017578125 0.037109375
2 0.3828125 0.2373046875 0.091796875 0.2197265625
0 0.2900390625 0.1669921875 0.0478515625 0.0751953125
1 0.2470703125 0.12109375 0.005859375 0.03515625
1 0.8046875 0.9013671875 0.056640625 0.19140625
1 0.232421875 0.1865234375 0.0166015625 0.0517578125
0 0.2822265625 0.8427734375 0.2138671875 0.302734375
0 0.6630859375 0.4423828125 0.09765625 0.20703125
2 0.4736328125 0.087890625 0.080078125 0.1416015625
0 0.66015625 0.8154296875 0.169921875 0.349609375
0 0.5517578125 0.2021484375 0.0390625 0.0517578125