0 0.2890625 0.1552734375 0.052734375 0.0849609375
1 0.64453125 0.3857421875 0.02734375 0.09765625
1 0.5927734375 0.484375 0.03125 0.099609375
1 0.5322265625 0.2529296875 0.0234375 0.080078125
0 0.5244140625 0.068359375 0.02734375 0.048828125
1 0.6201171875 0.55859375 0.0419921875 0.12890625
0 0.298828125 0.087890625 0.0390625 0.0712890625
0 0.416015625 0.1162109375 0.0390625 0.076171875
0 0.5068359375 0.017578125 0.0244140625 0.033203125
1 0.568359375 0.6533203125 0.044921875 0.140625
0 0.42578125 0.4365234375 0.08984375 0.197265625
1 0.599609375 0.298828125 0.015625 0.05859375
0 0.5244140625 0.1435546875 0.029296875 0.0732421875
0 0.34765625 0.0322265625 0.0224609375 0.0419921875
1 0.21875 0.205078125 0.015625 0.048828125
0 0.3408203125 0.09765625 0.03515625 0.068359375
1 0.5263671875 0.896484375 0.0546875 0.1767578125
0 0.4345703125 0.0537109375 0.0263671875 0.0458984375
2 0.5791015625 0.189453125 0.0654296875 0.16796875
0 0.4462890625 0.015625 0.0234375 0.02734375
0 0.48046875 0.0126953125 0.0244140625 0.025390625
0 0.4130859375 0.01171875 0.0185546875 0.0234375
1 0.2568359375 0.140625 0.015625 0.0361328125
1 0.15625 0.2275390625 0.0185546875 0.04296875
2 0.3828125 0.236328125 0.0859375 0.2197265625
1 0.8125 0.9306640625 0.0556640625 0.1337890625
1 0.2314453125 0.1591796875 0.0224609375 0.0537109375
0 0.28125 0.8447265625 0.216796875 0.302734375
0 0.392578125 0.0244140625 0.021484375 0.04296875
1 0.328125 0.0458984375 0.009765625 0.0302734375
2 0.369140625 0.0126953125 0.01953125 0.025390625
0 0.541015625 0.107421875 0.015625 0.0556640625
0 0.6953125 0.9189453125 0.17578125 0.1572265625
2 0.2763671875 0.05078125 0.0302734375 0.0400390625