1 0.634765625 0.35546875 0.02734375 0.0888671875
0 0.5302734375 0.1552734375 0.04296875 0.0888671875
0 0.3447265625 0.02734375 0.0224609375 0.0419921875
1 0.52734375 0.279296875 0.01953125 0.078125
1 0.607421875 0.2607421875 0.01953125 0.072265625
0 0.3447265625 0.08203125 0.0244140625 0.052734375
0 0.314453125 0.0498046875 0.0302734375 0.0498046875
1 0.693359375 0.4892578125 0.0419921875 0.1162109375
0 0.515625 0.099609375 0.0166015625 0.046875
1 0.65625 0.7080078125 0.0458984375 0.1181640625
0 0.55859375 0.3564453125 0.07421875 0.1572265625
0 0.4345703125 0.0419921875 0.0263671875 0.0419921875
1 0.578125 0.2021484375 0.021484375 0.0458984375
0 0.4150390625 0.1162109375 0.0380859375 0.0693359375
0 0.474609375 0.013671875 0.015625 0.0234375
0 0.4541015625 0.0126953125 0.0205078125 0.025390625
0 0.435546875 0.6259765625 0.13671875 0.3486328125
0 0.3671875 0.03515625 0.01953125 0.046875
1 0.5576171875 0.1572265625 0.025390625 0.06640625
1 0.6318359375 0.5869140625 0.041015625 0.1240234375
1 0.0966796875 0.2724609375 0.0263671875 0.080078125
1 0.552734375 0.232421875 0.01953125 0.0732421875
2 0.3818359375 0.2451171875 0.08984375 0.2626953125
1 0.521484375 0.03125 0.01953125 0.0458984375
0 0.185546875 0.2109375 0.07421875 0.130859375
1 0.25 0.1708984375 0.01171875 0.05859375
0 0.28125 0.8427734375 0.21484375 0.3056640625
0 0.3154296875 0.119140625 0.0361328125 0.076171875
0 0.50390625 0.009765625 0.015625 0.01953125
2 0.4619140625 0.298828125 0.091796875 0.279296875
0 0.7158203125 0.87890625 0.17578125 0.2392578125
2 0.4716796875 0.0947265625 0.08203125 0.150390625
2 0.3916015625 0.0263671875 0.021484375 0.046875