0 0.53125 0.25390625 0.05859375 0.1162109375
0 0.5478515625 0.388671875 0.0810546875 0.177734375
1 0.615234375 0.4248046875 0.0322265625 0.0859375
0 0.4130859375 0.1181640625 0.041015625 0.0830078125
0 0.314453125 0.046875 0.0361328125 0.04296875
0 0.50390625 0.060546875 0.0224609375 0.0595703125
1 0.345703125 0.0673828125 0.0107421875 0.0322265625
1 0.8203125 0.8125 0.05078125 0.09765625
0 0.3876953125 0.193359375 0.0556640625 0.107421875
1 0.6611328125 0.58203125 0.0419921875 0.1083984375
1 0.77734375 0.7568359375 0.0361328125 0.130859375
0 0.4560546875 0.2626953125 0.068359375 0.1162109375
1 0.7119140625 0.5859375 0.0458984375 0.130859375
1 0.7236328125 0.732421875 0.0361328125 0.1015625
1 0.7734375 0.57421875 0.03515625 0.0732421875
1 0.1494140625 0.255859375 0.029296875 0.0751953125
0 0.4423828125 0.02734375 0.0234375 0.046875
1 0.3134765625 0.1357421875 0.0126953125 0.044921875
2 0.3740234375 0.0322265625 0.0263671875 0.04296875
0 0.5478515625 0.18359375 0.0478515625 0.0634765625
0 0.333984375 0.3154296875 0.0732421875 0.1142578125
2 0.541015625 0.08984375 0.0625 0.1162109375
0 0.6591796875 0.8125 0.1572265625 0.3662109375
0 0.5009765625 0.0166015625 0.01953125 0.033203125