0 0.369140625 0.203125 0.0625 0.1044921875
0 0.3134765625 0.3955078125 0.103515625 0.2138671875
0 0.4228515625 0.09375 0.029296875 0.0712890625
0 0.50390625 0.107421875 0.029296875 0.0791015625
2 0.4609375 0.0947265625 0.072265625 0.1787109375
2 0.548828125 0.201171875 0.0869140625 0.2529296875
0 0.265625 0.1298828125 0.0458984375 0.068359375
2 0.453125 0.3212890625 0.1083984375 0.2470703125
0 0.3837890625 0.0107421875 0.013671875 0.021484375
0 0.4296875 0.0517578125 0.0166015625 0.033203125
0 0.6005859375 0.68359375 0.12890625 0.3642578125
0 0.2314453125 0.6044921875 0.1513671875 0.3251953125
0 0.50390625 0.0244140625 0.0283203125 0.048828125
2 0.36328125 0.0205078125 0.0244140625 0.0400390625