0 0.5908203125 0.19140625 0.0419921875 0.080078125
1 0.2529296875 0.1787109375 0.0185546875 0.046875
1 0.369140625 0.0546875 0.01171875 0.037109375
1 0.3203125 0.1015625 0.015625 0.046875
1 0.5634765625 0.17578125 0.0205078125 0.0625
1 0.3828125 0.0390625 0.01171875 0.0302734375
1 0.3427734375 0.06640625 0.0107421875 0.0361328125
0 0.5546875 0.4267578125 0.08203125 0.173828125
1 0.359375 0.0673828125 0.01171875 0.037109375
1 0.7099609375 0.2939453125 0.03125 0.0732421875
0 0.416015625 0.1142578125 0.0390625 0.0751953125
0 0.53515625 0.1767578125 0.05078125 0.0859375
0 0.669921875 0.419921875 0.0888671875 0.1904296875
1 0.3056640625 0.0927734375 0.0185546875 0.0458984375
0 0.544921875 0.06640625 0.0283203125 0.04296875
1 0.517578125 0.5615234375 0.04296875 0.1318359375
0 0.4296875 0.4384765625 0.087890625 0.20703125
1 0.833984375 0.4150390625 0.0322265625 0.09765625
1 0.6123046875 0.234375 0.017578125 0.0498046875
0 0.107421875 0.3056640625 0.05078125 0.130859375
0 0.43359375 0.0224609375 0.0224609375 0.033203125
0 0.5244140625 0.126953125 0.033203125 0.0400390625
1 0.6142578125 0.4599609375 0.0390625 0.087890625
1 0.580078125 0.1376953125 0.015625 0.0361328125
1 0.3330078125 0.10546875 0.01171875 0.052734375
1 0.7099609375 0.5908203125 0.03125 0.087890625
1 0.845703125 0.701171875 0.0380859375 0.130859375
1 0.7607421875 0.4755859375 0.0322265625 0.1044921875
0 0.5048828125 0.0166015625 0.0283203125 0.033203125
0 0.5986328125 0.6943359375 0.150390625 0.3916015625
1 0.8095703125 0.5205078125 0.0439453125 0.125
1 0.5966796875 0.3154296875 0.0224609375 0.078125
1 0.8837890625 0.91796875 0.046875 0.15234375
1 0.328125 0.20703125 0.02734375 0.0751953125
1 0.7744140625 0.33984375 0.0302734375 0.08203125
1 0.5654296875 0.935546875 0.150390625 0.1181640625
0 0.2822265625 0.841796875 0.2138671875 0.3056640625
0 0.7802734375 0.775390625 0.16796875 0.423828125
2 0.4736328125 0.08984375 0.08203125 0.140625
0 0.48046875 0.0126953125 0.0263671875 0.025390625
0 0.5166015625 0.0732421875 0.01953125 0.0458984375
2 0.3828125 0.2314453125 0.0888671875 0.232421875
0 0.3662109375 0.0166015625 0.013671875 0.02734375
2 0.3193359375 0.048828125 0.0498046875 0.0654296875
2 0.2685546875 0.04296875 0.0478515625 0.06640625
2 0.4072265625 0.0146484375 0.0224609375 0.029296875