1 0.3466796875 0.0400390625 0.0107421875 0.0322265625
1 0.5927734375 0.2587890625 0.03515625 0.078125
1 0.8037109375 0.5 0.0400390625 0.1162109375
0 0.546875 0.0947265625 0.0341796875 0.0615234375
0 0.5380859375 0.1806640625 0.0537109375 0.0888671875
0 0.4150390625 0.1162109375 0.0419921875 0.072265625
0 0.66796875 0.4189453125 0.0947265625 0.193359375
0 0.427734375 0.443359375 0.0859375 0.205078125
1 0.763671875 0.46875 0.0283203125 0.095703125
1 0.30859375 0.0302734375 0.015625 0.0302734375
0 0.556640625 0.3134765625 0.07421875 0.14453125
0 0.5546875 0.4384765625 0.083984375 0.154296875
2 0.3671875 0.03515625 0.0205078125 0.0498046875
1 0.7119140625 0.5869140625 0.0390625 0.0986328125
1 0.515625 0.5615234375 0.037109375 0.115234375
1 0.615234375 0.3984375 0.0458984375 0.1279296875
0 0.5029296875 0.0166015625 0.0244140625 0.033203125
0 0.5966796875 0.69140625 0.1474609375 0.3818359375
1 0.59765625 0.3232421875 0.025390625 0.0751953125
1 0.845703125 0.7216796875 0.04296875 0.142578125
1 0.6494140625 0.5810546875 0.0341796875 0.1044921875
1 0.6728515625 0.671875 0.029296875 0.08984375
1 0.7333984375 0.5263671875 0.0322265625 0.0830078125
0 0.447265625 0.017578125 0.0234375 0.03515625
0 0.4794921875 0.0126953125 0.0244140625 0.025390625
0 0.5146484375 0.0849609375 0.021484375 0.068359375
2 0.4755859375 0.0849609375 0.08203125 0.130859375
0 0.28125 0.83984375 0.21875 0.306640625
0 0.5244140625 0.12890625 0.0341796875 0.04296875
2 0.3818359375 0.234375 0.087890625 0.234375
0 0.7783203125 0.775390625 0.1689453125 0.4248046875