1 0.619140625 0.1455078125 0.0166015625 0.03515625
0 0.537109375 0.173828125 0.052734375 0.08203125
0 0.58984375 0.193359375 0.0419921875 0.087890625
1 0.37109375 0.02734375 0.015625 0.04296875
0 0.669921875 0.4208984375 0.0888671875 0.19140625
0 0.4189453125 0.095703125 0.044921875 0.0859375
1 0.71484375 0.2978515625 0.03515625 0.0732421875
0 0.42578125 0.4501953125 0.08984375 0.22265625
0 0.556640625 0.318359375 0.07421875 0.142578125
1 0.3154296875 0.0654296875 0.0146484375 0.044921875
1 0.8076171875 0.5029296875 0.0341796875 0.111328125
1 0.6279296875 0.228515625 0.0166015625 0.0458984375
0 0.5400390625 0.0712890625 0.02734375 0.052734375
1 0.8583984375 0.447265625 0.0224609375 0.09765625
1 0.76171875 0.474609375 0.0302734375 0.099609375
1 0.3525390625 0.0419921875 0.009765625 0.029296875
0 0.50390625 0.017578125 0.0263671875 0.03515625
0 0.5966796875 0.69140625 0.1484375 0.3818359375
0 0.5263671875 0.126953125 0.0361328125 0.04296875
1 0.5927734375 0.3046875 0.0205078125 0.068359375
1 0.60546875 0.3974609375 0.03125 0.087890625
0 0.43359375 0.021484375 0.0224609375 0.029296875
1 0.5810546875 0.142578125 0.01171875 0.0263671875
1 0.5673828125 0.107421875 0.015625 0.04296875
1 0.51953125 0.568359375 0.0458984375 0.1240234375
2 0.4736328125 0.0908203125 0.08203125 0.140625
0 0.4794921875 0.0126953125 0.025390625 0.025390625
1 0.3984375 0.025390625 0.01171875 0.0390625
1 0.517578125 0.263671875 0.0224609375 0.0751953125
0 0.2802734375 0.8408203125 0.220703125 0.306640625
2 0.244140625 0.1435546875 0.11328125 0.2431640625
0 0.779296875 0.7734375 0.169921875 0.4248046875
2 0.3798828125 0.2373046875 0.0888671875 0.236328125
0 0.515625 0.078125 0.021484375 0.0625