1 0.7900390625 0.46484375 0.0283203125 0.09765625
1 0.66015625 0.5078125 0.02734375 0.0791015625
1 0.6142578125 0.4365234375 0.0244140625 0.078125
1 0.0966796875 0.3037109375 0.029296875 0.087890625
0 0.4423828125 0.0283203125 0.0234375 0.048828125
0 0.4111328125 0.1142578125 0.0390625 0.078125
0 0.50390625 0.0634765625 0.025390625 0.0625
0 0.5712890625 0.513671875 0.0859375 0.2080078125
0 0.3125 0.0576171875 0.0302734375 0.03515625
0 0.5478515625 0.181640625 0.05078125 0.0595703125
0 0.541015625 0.0908203125 0.0595703125 0.115234375
0 0.3857421875 0.1943359375 0.046875 0.1083984375
0 0.501953125 0.017578125 0.01953125 0.03515625
2 0.234375 0.5234375 0.287109375 0.72265625
2 0.78515625 0.755859375 0.2568359375 0.486328125