0 0.5439453125 0.224609375 0.0615234375 0.1162109375
0 0.5029296875 0.0595703125 0.021484375 0.0556640625
0 0.4130859375 0.115234375 0.0400390625 0.080078125
0 0.44140625 0.0185546875 0.01953125 0.029296875
2 0.3291015625 0.041015625 0.0322265625 0.0400390625
0 0.5810546875 0.55859375 0.103515625 0.2265625
0 0.3828125 0.201171875 0.0537109375 0.1083984375
1 0.369140625 0.0458984375 0.0107421875 0.033203125
2 0.5400390625 0.099609375 0.0634765625 0.1357421875
1 0.34375 0.0927734375 0.0107421875 0.0419921875
1 0.6689453125 0.580078125 0.05078125 0.1025390625
1 0.6171875 0.4296875 0.033203125 0.0732421875
2 0.3779296875 0.0205078125 0.029296875 0.041015625
1 0.81640625 0.90234375 0.056640625 0.1806640625
0 0.453125 0.279296875 0.0732421875 0.138671875
1 0.861328125 0.8447265625 0.046875 0.111328125
1 0.27734375 0.0537109375 0.01953125 0.0322265625
1 0.7099609375 0.671875 0.0390625 0.107421875
0 0.501953125 0.017578125 0.01953125 0.03515625
0 0.28125 0.4677734375 0.115234375 0.234375
0 0.33203125 0.3193359375 0.078125 0.125
0 0.6728515625 0.853515625 0.166015625 0.2900390625
2 0.2568359375 0.146484375 0.05078125 0.1044921875