1 0.3154296875 0.126953125 0.0234375 0.0537109375
1 0.3701171875 0.060546875 0.013671875 0.03515625
1 0.3134765625 0.1689453125 0.0126953125 0.04296875
1 0.279296875 0.189453125 0.0205078125 0.056640625
1 0.2685546875 0.1337890625 0.015625 0.04296875
1 0.19921875 0.2548828125 0.0234375 0.0537109375
1 0.232421875 0.2001953125 0.015625 0.0419921875
1 0.3388671875 0.052734375 0.0146484375 0.046875
1 0.53125 0.12109375 0.01171875 0.048828125
1 0.1962890625 0.173828125 0.01953125 0.0498046875
0 0.4228515625 0.0966796875 0.0380859375 0.0732421875
1 0.2880859375 0.14453125 0.015625 0.0556640625
1 0.328125 0.0966796875 0.0126953125 0.0458984375
2 0.3486328125 0.0244140625 0.01953125 0.0400390625
0 0.435546875 0.6259765625 0.134765625 0.34765625
1 0.15625 0.3232421875 0.0341796875 0.10546875
1 0.09375 0.4130859375 0.0244140625 0.087890625
1 0.251953125 0.19140625 0.0185546875 0.0498046875
1 0.3984375 0.029296875 0.0126953125 0.033203125
2 0.6611328125 0.662109375 0.2041015625 0.66015625
1 0.3994140625 0.09375 0.013671875 0.0263671875
1 0.2333984375 0.1162109375 0.013671875 0.0361328125
0 0.51953125 0.078125 0.01953125 0.0419921875
1 0.109375 0.2724609375 0.0166015625 0.0712890625
1 0.5654296875 0.18359375 0.0146484375 0.046875
0 0.5205078125 0.0390625 0.0244140625 0.0419921875
1 0.30078125 0.138671875 0.013671875 0.056640625
0 0.28125 0.8427734375 0.2177734375 0.3056640625
0 0.5341796875 0.0830078125 0.0185546875 0.0517578125
0 0.5576171875 0.466796875 0.0498046875 0.2275390625
0 0.390625 0.1494140625 0.07421875 0.08984375
0 0.517578125 0.1875 0.0205078125 0.0556640625
2 0.46484375 0.287109375 0.09375 0.28515625