1 0.61328125 0.296875 0.01953125 0.0712890625
1 0.701171875 0.4853515625 0.033203125 0.107421875
1 0.62890625 0.37890625 0.0283203125 0.072265625
1 0.7548828125 0.4482421875 0.03515625 0.107421875
1 0.6328125 0.4619140625 0.033203125 0.1123046875
0 0.5556640625 0.4404296875 0.083984375 0.1552734375
0 0.521484375 0.12109375 0.033203125 0.0615234375
0 0.5458984375 0.2353515625 0.0517578125 0.0927734375
0 0.53515625 0.064453125 0.0263671875 0.048828125
0 0.4306640625 0.4404296875 0.09375 0.205078125
0 0.4169921875 0.119140625 0.0419921875 0.0751953125
1 0.677734375 0.6884765625 0.0478515625 0.16796875
0 0.517578125 0.0400390625 0.025390625 0.046875
1 0.3720703125 0.4501953125 0.0361328125 0.1357421875
0 0.5595703125 0.1328125 0.0341796875 0.0537109375
0 0.595703125 0.6865234375 0.146484375 0.3759765625
1 0.38671875 0.353515625 0.033203125 0.0791015625
0 0.478515625 0.01171875 0.0234375 0.0234375
0 0.43359375 0.0244140625 0.0244140625 0.0322265625
2 0.4736328125 0.087890625 0.08203125 0.14453125
1 0.8916015625 0.8681640625 0.044921875 0.15234375
0 0.2802734375 0.83984375 0.2177734375 0.3037109375
1 0.560546875 0.9501953125 0.0625 0.099609375
0 0.7822265625 0.7734375 0.173828125 0.4169921875
0 0.49609375 0.013671875 0.01953125 0.0263671875
2 0.380859375 0.240234375 0.0888671875 0.2138671875