0 0.451171875 0.05859375 0.0244140625 0.0595703125
0 0.4716796875 0.1552734375 0.0419921875 0.0830078125
1 0.5078125 0.1884765625 0.0166015625 0.0654296875
2 0.4814453125 0.0576171875 0.033203125 0.0927734375
2 0.509765625 0.0361328125 0.0224609375 0.0498046875
1 0.51953125 0.2509765625 0.0185546875 0.06640625
0 0.54296875 0.1513671875 0.041015625 0.0751953125
0 0.474609375 0.2666015625 0.060546875 0.14453125
1 0.52734375 0.109375 0.0087890625 0.033203125
1 0.416015625 0.01171875 0.0087890625 0.0234375
1 0.6025390625 0.14453125 0.0126953125 0.052734375
2 0.3642578125 0.251953125 0.1103515625 0.212890625
0 0.498046875 0.1328125 0.03125 0.0654296875
0 0.4013671875 0.5087890625 0.1171875 0.27734375
0 0.5625 0.330078125 0.06640625 0.1376953125