0 0.591796875 0.208984375 0.0458984375 0.095703125
0 0.546875 0.0947265625 0.029296875 0.0615234375
0 0.5546875 0.3125 0.07421875 0.14453125
0 0.427734375 0.4443359375 0.087890625 0.2138671875
0 0.4169921875 0.1181640625 0.0400390625 0.072265625
0 0.5361328125 0.1767578125 0.0537109375 0.0859375
0 0.5546875 0.4423828125 0.0810546875 0.154296875
0 0.6669921875 0.421875 0.08984375 0.1962890625
1 0.0908203125 0.3173828125 0.01953125 0.0654296875
0 0.50390625 0.0166015625 0.029296875 0.033203125
1 0.8037109375 0.4970703125 0.04296875 0.1220703125
1 0.59765625 0.3251953125 0.0244140625 0.080078125
0 0.3837890625 0.025390625 0.017578125 0.0390625
0 0.5166015625 0.0830078125 0.01953125 0.0615234375
1 0.88671875 0.76953125 0.0546875 0.1162109375
0 0.5986328125 0.693359375 0.14453125 0.384765625
0 0.43359375 0.021484375 0.01953125 0.029296875
1 0.611328125 0.4072265625 0.0419921875 0.1240234375
1 0.68359375 0.517578125 0.03515625 0.080078125
1 0.7412109375 0.5712890625 0.0556640625 0.0859375
1 0.3701171875 0.0205078125 0.01171875 0.0390625
1 0.76171875 0.47265625 0.0302734375 0.095703125
1 0.30859375 0.029296875 0.013671875 0.0361328125
0 0.5244140625 0.1259765625 0.033203125 0.0458984375
0 0.48046875 0.01171875 0.02734375 0.0234375
0 0.28125 0.83984375 0.21875 0.3056640625
0 0.43359375 0.0537109375 0.0322265625 0.0517578125
0 0.7802734375 0.775390625 0.1728515625 0.421875
2 0.4736328125 0.0888671875 0.08203125 0.138671875
2 0.37890625 0.2392578125 0.0849609375 0.2099609375