1 0.62890625 0.435546875 0.03125 0.1015625
1 0.5625 0.2763671875 0.0205078125 0.0830078125
0 0.34765625 0.0380859375 0.0205078125 0.037109375
1 0.5888671875 0.4453125 0.0322265625 0.08984375
1 0.6396484375 0.3544921875 0.0244140625 0.078125
1 0.5478515625 0.484375 0.0361328125 0.1015625
1 0.533203125 0.2978515625 0.025390625 0.08984375
0 0.3232421875 0.0322265625 0.0234375 0.0361328125
0 0.193359375 0.2705078125 0.0810546875 0.115234375
1 0.38671875 0.3798828125 0.03125 0.107421875
0 0.2919921875 0.138671875 0.0458984375 0.0654296875
1 0.587890625 0.1845703125 0.0146484375 0.044921875
0 0.4267578125 0.447265625 0.09375 0.2109375
0 0.4462890625 0.015625 0.021484375 0.0263671875
1 0.619140625 0.32421875 0.01953125 0.0625
2 0.205078125 0.1865234375 0.064453125 0.0751953125
0 0.685546875 0.53515625 0.109375 0.2919921875
1 0.5478515625 0.6025390625 0.044921875 0.1552734375
0 0.3935546875 0.0341796875 0.0205078125 0.037109375
1 0.56640625 0.2099609375 0.017578125 0.0537109375
0 0.416015625 0.1181640625 0.04296875 0.078125
0 0.5263671875 0.041015625 0.021484375 0.037109375
0 0.52734375 0.0830078125 0.0302734375 0.0537109375
1 0.5908203125 0.27734375 0.0205078125 0.056640625
1 0.5166015625 0.1171875 0.0146484375 0.04296875
0 0.494140625 0.0185546875 0.0185546875 0.0205078125
1 0.5439453125 0.24609375 0.0205078125 0.0654296875
0 0.3046875 0.0283203125 0.0166015625 0.03515625
0 0.521484375 0.0146484375 0.021484375 0.029296875
0 0.5625 0.1357421875 0.03125 0.0556640625
1 0.5888671875 0.32421875 0.01953125 0.0517578125
0 0.4345703125 0.05859375 0.0302734375 0.0537109375
1 0.66796875 0.365234375 0.0341796875 0.0693359375
1 0.53515625 0.150390625 0.0224609375 0.0556640625
0 0.2822265625 0.8427734375 0.21484375 0.30859375
1 0.6259765625 0.80859375 0.0537109375 0.1787109375
2 0.380859375 0.259765625 0.08984375 0.2197265625
0 0.40625 0.021484375 0.0166015625 0.029296875
0 0.373046875 0.03515625 0.0146484375 0.0322265625
2 0.4736328125 0.099609375 0.083984375 0.1572265625