0 0.3134765625 0.07421875 0.0283203125 0.04296875
0 0.5078125 0.01953125 0.02734375 0.0361328125
0 0.208984375 0.25 0.072265625 0.119140625
1 0.5654296875 0.5283203125 0.041015625 0.142578125
0 0.359375 0.072265625 0.0322265625 0.0498046875
1 0.2763671875 0.1025390625 0.0146484375 0.0498046875
0 0.318359375 0.1318359375 0.0419921875 0.06640625
0 0.4189453125 0.1162109375 0.041015625 0.076171875
1 0.5869140625 0.4384765625 0.0341796875 0.1083984375
0 0.43359375 0.0224609375 0.0244140625 0.0322265625
2 0.673828125 0.39453125 0.1123046875 0.3193359375
1 0.1279296875 0.240234375 0.0224609375 0.06640625
0 0.533203125 0.1181640625 0.0341796875 0.080078125
1 0.259765625 0.1240234375 0.0146484375 0.04296875
1 0.59765625 0.203125 0.0146484375 0.0390625
0 0.48046875 0.01171875 0.0224609375 0.0234375
2 0.2216796875 0.171875 0.0517578125 0.072265625
1 0.1572265625 0.2705078125 0.015625 0.0556640625
0 0.3427734375 0.0322265625 0.01953125 0.04296875
1 0.109375 0.2763671875 0.021484375 0.072265625
0 0.427734375 0.439453125 0.08984375 0.1982421875
0 0.59765625 0.27734375 0.052734375 0.109375
1 0.37109375 0.4482421875 0.033203125 0.1337890625
1 0.5703125 0.1591796875 0.0166015625 0.0595703125
1 0.3388671875 0.0751953125 0.01171875 0.0361328125
1 0.3310546875 0.21875 0.0263671875 0.076171875
0 0.54296875 0.1962890625 0.048828125 0.10546875
0 0.41796875 0.0087890625 0.017578125 0.0166015625
0 0.28125 0.841796875 0.2158203125 0.302734375
2 0.3837890625 0.2412109375 0.08984375 0.2197265625
0 0.3271484375 0.0380859375 0.0126953125 0.03515625
2 0.4736328125 0.09375 0.08203125 0.1484375
2 0.5361328125 0.0400390625 0.0341796875 0.05859375