1 0.6123046875 0.2666015625 0.0205078125 0.0751953125
1 0.5205078125 0.1767578125 0.0224609375 0.0693359375
0 0.30859375 0.0634765625 0.025390625 0.0498046875
0 0.5439453125 0.2412109375 0.0546875 0.111328125
1 0.1337890625 0.349609375 0.017578125 0.068359375
1 0.59375 0.3232421875 0.0263671875 0.0654296875
1 0.5947265625 0.1845703125 0.017578125 0.046875
0 0.4169921875 0.1181640625 0.0400390625 0.072265625
0 0.302734375 0.1455078125 0.0439453125 0.0693359375
0 0.328125 0.0361328125 0.0234375 0.033203125
1 0.1337890625 0.2568359375 0.021484375 0.052734375
1 0.537109375 0.166015625 0.017578125 0.04296875
0 0.236328125 0.2109375 0.064453125 0.099609375
1 0.5517578125 0.4580078125 0.0400390625 0.1484375
1 0.607421875 0.216796875 0.013671875 0.0390625
0 0.4345703125 0.0419921875 0.029296875 0.0498046875
0 0.4365234375 0.6240234375 0.13671875 0.33984375
0 0.4765625 0.013671875 0.025390625 0.0263671875
0 0.517578125 0.0146484375 0.0166015625 0.029296875
0 0.3388671875 0.080078125 0.0185546875 0.0498046875
2 0.3818359375 0.265625 0.087890625 0.220703125
1 0.1162109375 0.283203125 0.01953125 0.0888671875
0 0.3681640625 0.0439453125 0.01953125 0.03515625
2 0.2490234375 0.53515625 0.2470703125 0.544921875
0 0.625 0.45703125 0.0859375 0.205078125
2 0.4638671875 0.30078125 0.08984375 0.2763671875
2 0.474609375 0.0869140625 0.0830078125 0.1484375
2 0.2587890625 0.046875 0.041015625 0.0751953125