1 0.6474609375 0.3525390625 0.0224609375 0.0791015625
1 0.6142578125 0.337890625 0.0244140625 0.099609375
1 0.10546875 0.2890625 0.0205078125 0.0634765625
0 0.5498046875 0.22265625 0.0595703125 0.1123046875
0 0.4111328125 0.12109375 0.0419921875 0.08984375
1 0.7900390625 0.46484375 0.03125 0.0986328125
0 0.4423828125 0.029296875 0.0234375 0.0498046875
0 0.50390625 0.0625 0.0244140625 0.0615234375
0 0.5712890625 0.513671875 0.0869140625 0.2138671875
2 0.541015625 0.099609375 0.0615234375 0.1259765625
0 0.384765625 0.19921875 0.0498046875 0.109375
0 0.298828125 0.0830078125 0.0380859375 0.0517578125
0 0.501953125 0.0205078125 0.0224609375 0.0400390625
2 0.158203125 0.240234375 0.048828125 0.072265625
0 0.37109375 0.046875 0.01953125 0.03515625
2 0.2314453125 0.5244140625 0.2890625 0.7265625
2 0.7880859375 0.7529296875 0.248046875 0.494140625