1 0.365234375 0.02734375 0.01171875 0.02734375
1 0.3369140625 0.048828125 0.01171875 0.0322265625
1 0.3466796875 0.072265625 0.01171875 0.0361328125
1 0.310546875 0.1259765625 0.0126953125 0.044921875
1 0.2705078125 0.1650390625 0.01953125 0.0634765625
0 0.5869140625 0.1904296875 0.0439453125 0.0830078125
0 0.53515625 0.0615234375 0.02734375 0.0498046875
1 0.2509765625 0.1328125 0.01171875 0.037109375
1 0.7841796875 0.5400390625 0.0341796875 0.06640625
0 0.53515625 0.1640625 0.0498046875 0.078125
1 0.236328125 0.1552734375 0.01171875 0.048828125
0 0.43359375 0.0244140625 0.0244140625 0.0322265625
1 0.720703125 0.3125 0.029296875 0.0751953125
0 0.427734375 0.4462890625 0.08984375 0.2138671875
1 0.37109375 0.0712890625 0.0107421875 0.0458984375
0 0.5576171875 0.31640625 0.0751953125 0.158203125
0 0.4189453125 0.103515625 0.044921875 0.08984375
1 0.330078125 0.07421875 0.01171875 0.03515625
1 0.76171875 0.4697265625 0.033203125 0.10546875
1 0.5537109375 0.931640625 0.0693359375 0.134765625
0 0.671875 0.421875 0.0927734375 0.1865234375
0 0.515625 0.0830078125 0.01953125 0.0625
1 0.32421875 0.1796875 0.015625 0.03515625
1 0.609375 0.2421875 0.0263671875 0.0712890625
1 0.3134765625 0.076171875 0.01171875 0.03515625
0 0.5009765625 0.015625 0.025390625 0.03125
1 0.53515625 0.1005859375 0.0185546875 0.04296875
1 0.09375 0.30859375 0.0126953125 0.0693359375
0 0.5947265625 0.693359375 0.1484375 0.384765625
0 0.48046875 0.013671875 0.02734375 0.0263671875
0 0.28125 0.841796875 0.216796875 0.3056640625
2 0.3837890625 0.2412109375 0.0869140625 0.216796875
2 0.4736328125 0.0849609375 0.0810546875 0.1376953125
0 0.78125 0.7744140625 0.169921875 0.423828125