1 0.7666015625 0.474609375 0.0224609375 0.087890625
0 0.5556640625 0.4423828125 0.083984375 0.181640625
0 0.548828125 0.2431640625 0.0576171875 0.091796875
1 0.73046875 0.5107421875 0.03515625 0.12109375
0 0.515625 0.0859375 0.017578125 0.06640625
0 0.544921875 0.09375 0.0302734375 0.0517578125
0 0.42578125 0.443359375 0.08984375 0.2138671875
1 0.4365234375 0.9306640625 0.0712890625 0.130859375
1 0.6064453125 0.25390625 0.033203125 0.0791015625
1 0.51953125 0.5546875 0.044921875 0.1484375
0 0.53515625 0.173828125 0.05078125 0.08203125
0 0.41796875 0.1005859375 0.046875 0.0849609375
1 0.607421875 0.4697265625 0.037109375 0.06640625
1 0.6005859375 0.349609375 0.0244140625 0.087890625
0 0.6728515625 0.4345703125 0.09765625 0.23046875
1 0.6484375 0.3115234375 0.021484375 0.044921875
0 0.50390625 0.025390625 0.0244140625 0.0361328125
1 0.6982421875 0.5439453125 0.0419921875 0.0927734375
0 0.43359375 0.0302734375 0.02734375 0.037109375
0 0.28125 0.8408203125 0.2177734375 0.306640625
1 0.578125 0.2197265625 0.021484375 0.056640625
0 0.6005859375 0.6943359375 0.1533203125 0.3916015625
2 0.4736328125 0.0830078125 0.0849609375 0.1318359375
0 0.4794921875 0.0126953125 0.025390625 0.025390625
0 0.7802734375 0.775390625 0.16796875 0.4140625
0 0.525390625 0.0185546875 0.02734375 0.03515625
2 0.3818359375 0.24609375 0.08984375 0.216796875