1 0.791015625 0.462890625 0.033203125 0.107421875
1 0.6630859375 0.5185546875 0.0283203125 0.0791015625
1 0.61328125 0.439453125 0.0263671875 0.076171875
0 0.4423828125 0.0322265625 0.0234375 0.0537109375
0 0.4111328125 0.1181640625 0.041015625 0.0830078125
0 0.349609375 0.02734375 0.021484375 0.03515625
0 0.5029296875 0.0625 0.0234375 0.0556640625
0 0.5712890625 0.513671875 0.083984375 0.2099609375
0 0.546875 0.1845703125 0.0478515625 0.0693359375
0 0.3857421875 0.1982421875 0.05078125 0.1083984375
0 0.5029296875 0.0185546875 0.0224609375 0.037109375
0 0.537109375 0.2822265625 0.05859375 0.0849609375
2 0.2314453125 0.525390625 0.2841796875 0.7275390625
2 0.7880859375 0.7509765625 0.251953125 0.4892578125