0 0.53515625 0.1875 0.05078125 0.1025390625
0 0.5263671875 0.1142578125 0.0322265625 0.046875
0 0.556640625 0.443359375 0.08203125 0.1474609375
1 0.638671875 0.5166015625 0.037109375 0.1025390625
0 0.5361328125 0.0244140625 0.025390625 0.0322265625
0 0.50390625 0.015625 0.0205078125 0.0302734375
0 0.431640625 0.419921875 0.0888671875 0.1650390625
0 0.5546875 0.3037109375 0.068359375 0.1337890625
1 0.76171875 0.46875 0.033203125 0.107421875
1 0.5703125 0.123046875 0.01953125 0.0458984375
1 0.73046875 0.513671875 0.03515625 0.1083984375
0 0.478515625 0.013671875 0.0263671875 0.0263671875
1 0.5234375 0.5625 0.05078125 0.1474609375
0 0.5849609375 0.197265625 0.0537109375 0.111328125
1 0.3623046875 0.611328125 0.05078125 0.142578125
1 0.6044921875 0.466796875 0.02734375 0.0751953125
0 0.43359375 0.0224609375 0.0244140625 0.0322265625
1 0.603515625 0.390625 0.03515625 0.09765625
0 0.3896484375 0.1416015625 0.0673828125 0.078125
1 0.873046875 0.7177734375 0.052734375 0.1455078125
1 0.3271484375 0.21484375 0.029296875 0.08203125
0 0.599609375 0.693359375 0.1484375 0.384765625
1 0.607421875 0.31640625 0.0263671875 0.0556640625
1 0.3798828125 0.41796875 0.0380859375 0.130859375
1 0.3671875 0.5107421875 0.0283203125 0.099609375
0 0.4365234375 0.626953125 0.13671875 0.33984375
1 0.673828125 0.6826171875 0.033203125 0.1044921875
0 0.283203125 0.83984375 0.2138671875 0.3037109375
0 0.431640625 0.056640625 0.03515625 0.0517578125
0 0.78125 0.7705078125 0.1748046875 0.423828125