1 0.6123046875 0.2802734375 0.0185546875 0.05859375
1 0.63671875 0.353515625 0.0205078125 0.0712890625
1 0.1982421875 0.2421875 0.0224609375 0.0625
0 0.525390625 0.140625 0.037109375 0.080078125
0 0.30859375 0.0576171875 0.025390625 0.0517578125
1 0.611328125 0.427734375 0.04296875 0.0888671875
0 0.55078125 0.2919921875 0.0634765625 0.1337890625
0 0.326171875 0.1123046875 0.037109375 0.0615234375
1 0.2109375 0.2041015625 0.017578125 0.0498046875
1 0.595703125 0.234375 0.015625 0.05859375
0 0.3876953125 0.150390625 0.0703125 0.08984375
0 0.2763671875 0.16015625 0.0400390625 0.0830078125
2 0.3505859375 0.048828125 0.0283203125 0.0615234375
0 0.5185546875 0.091796875 0.0224609375 0.044921875
0 0.1220703125 0.2958984375 0.08203125 0.1474609375
0 0.51953125 0.0166015625 0.017578125 0.0302734375
0 0.4287109375 0.4443359375 0.1005859375 0.216796875
0 0.4345703125 0.0439453125 0.029296875 0.0458984375
1 0.55859375 0.84375 0.05859375 0.212890625
0 0.4189453125 0.0908203125 0.0361328125 0.056640625
1 0.111328125 0.4150390625 0.03125 0.1044921875
0 0.3291015625 0.03125 0.015625 0.029296875
2 0.3828125 0.03125 0.0263671875 0.0595703125
1 0.611328125 0.2275390625 0.0166015625 0.046875
1 0.580078125 0.177734375 0.037109375 0.0693359375
0 0.375 0.2880859375 0.076171875 0.173828125
0 0.478515625 0.0126953125 0.0244140625 0.025390625
2 0.248046875 0.5400390625 0.248046875 0.5400390625
1 0.5556640625 0.146484375 0.0341796875 0.0654296875
0 0.662109375 0.640625 0.12109375 0.302734375
1 0.4091796875 0.0146484375 0.0078125 0.029296875
0 0.26171875 0.0634765625 0.03515625 0.0322265625
2 0.4716796875 0.0966796875 0.08203125 0.1572265625