1 0.6201171875 0.19140625 0.0126953125 0.04296875
1 0.654296875 0.4814453125 0.0322265625 0.08203125
0 0.53125 0.2431640625 0.052734375 0.09765625
1 0.603515625 0.37109375 0.02734375 0.0791015625
1 0.791015625 0.4677734375 0.0302734375 0.0986328125
0 0.44140625 0.0302734375 0.0224609375 0.0498046875
1 0.619140625 0.1484375 0.01171875 0.02734375
0 0.501953125 0.0595703125 0.0234375 0.05859375
0 0.4130859375 0.1142578125 0.0439453125 0.087890625
0 0.54296875 0.181640625 0.0546875 0.0625
0 0.572265625 0.51171875 0.0869140625 0.21484375
0 0.541015625 0.0615234375 0.0576171875 0.0615234375
0 0.38671875 0.1962890625 0.0517578125 0.1142578125
0 0.5009765625 0.0185546875 0.021484375 0.037109375
2 0.234375 0.5234375 0.2890625 0.7275390625
2 0.791015625 0.7548828125 0.23828125 0.490234375