0 0.4296875 0.0693359375 0.041015625 0.0751953125
1 0.53125 0.1337890625 0.009765625 0.0400390625
1 0.5107421875 0.24609375 0.0185546875 0.0625
0 0.4658203125 0.1796875 0.046875 0.0986328125
0 0.5 0.150390625 0.0400390625 0.0888671875
2 0.3515625 0.2646484375 0.1328125 0.326171875
1 0.5703125 0.177734375 0.0166015625 0.0498046875
1 0.53515625 0.0546875 0.0107421875 0.03515625
2 0.482421875 0.064453125 0.0498046875 0.1259765625
1 0.533203125 0.3291015625 0.0244140625 0.0888671875
0 0.4716796875 0.3291015625 0.0732421875 0.177734375
1 0.60546875 0.15625 0.0107421875 0.037109375
1 0.62890625 0.3828125 0.01953125 0.0654296875
0 0.44921875 0.0234375 0.033203125 0.046875
0 0.5126953125 0.0439453125 0.0224609375 0.0537109375
0 0.5810546875 0.42578125 0.080078125 0.16796875
0 0.4521484375 0.0810546875 0.013671875 0.03515625
0 0.35546875 0.6796875 0.1640625 0.392578125