1 0.2255859375 0.224609375 0.0146484375 0.0458984375
1 0.28125 0.189453125 0.0166015625 0.04296875
0 0.416015625 0.119140625 0.0361328125 0.0751953125
0 0.3623046875 0.06640625 0.02734375 0.046875
1 0.328125 0.1083984375 0.01171875 0.044921875
1 0.1572265625 0.267578125 0.01953125 0.0595703125
0 0.2666015625 0.1123046875 0.03515625 0.0556640625
1 0.318359375 0.05078125 0.01171875 0.037109375
0 0.4326171875 0.0224609375 0.01953125 0.0322265625
1 0.767578125 0.9033203125 0.052734375 0.1708984375
0 0.4267578125 0.443359375 0.09375 0.2099609375
0 0.537109375 0.185546875 0.0380859375 0.1123046875
0 0.4345703125 0.0576171875 0.0263671875 0.0537109375
1 0.32421875 0.1796875 0.015625 0.0400390625
0 0.5732421875 0.189453125 0.0458984375 0.1318359375
2 0.3505859375 0.01953125 0.01953125 0.0390625
0 0.48046875 0.013671875 0.025390625 0.0263671875
0 0.5341796875 0.0419921875 0.0283203125 0.052734375
1 0.5263671875 0.326171875 0.0234375 0.076171875
1 0.33984375 0.056640625 0.0087890625 0.0400390625
1 0.275390625 0.046875 0.0107421875 0.0302734375
2 0.6259765625 0.3720703125 0.13671875 0.4306640625
2 0.2421875 0.55078125 0.24609375 0.529296875
0 0.515625 0.0302734375 0.0166015625 0.04296875
2 0.3828125 0.244140625 0.087890625 0.216796875
0 0.6572265625 0.8291015625 0.171875 0.328125
0 0.4091796875 0.01171875 0.0185546875 0.0234375
2 0.474609375 0.087890625 0.0810546875 0.1416015625