1 0.724609375 0.640625 0.041015625 0.142578125
0 0.34375 0.0390625 0.025390625 0.0556640625
0 0.52734375 0.0966796875 0.03125 0.056640625
1 0.6806640625 0.7626953125 0.052734375 0.169921875
0 0.56640625 0.185546875 0.0322265625 0.1181640625
0 0.3798828125 0.0400390625 0.0234375 0.0419921875
0 0.43359375 0.025390625 0.0263671875 0.0400390625
0 0.41796875 0.11328125 0.04296875 0.0849609375
0 0.427734375 0.4462890625 0.0966796875 0.2197265625
1 0.5419921875 0.3017578125 0.0234375 0.0634765625
1 0.8251953125 0.9296875 0.05859375 0.12890625
0 0.5654296875 0.4443359375 0.09765625 0.2392578125
1 0.560546875 0.322265625 0.02734375 0.052734375
1 0.2705078125 0.107421875 0.0126953125 0.0458984375
0 0.517578125 0.015625 0.015625 0.03125
0 0.4814453125 0.0126953125 0.025390625 0.025390625
1 0.302734375 0.0869140625 0.029296875 0.0654296875
0 0.5390625 0.0517578125 0.0185546875 0.0419921875
0 0.3662109375 0.0146484375 0.0205078125 0.029296875
1 0.33203125 0.2265625 0.021484375 0.0634765625
2 0.626953125 0.3056640625 0.099609375 0.236328125
0 0.2802734375 0.8427734375 0.21875 0.3037109375
0 0.3212890625 0.0419921875 0.021484375 0.04296875
2 0.3818359375 0.2353515625 0.083984375 0.232421875
2 0.4697265625 0.09765625 0.0859375 0.162109375