1 0.3505859375 0.1044921875 0.0126953125 0.0419921875
1 0.330078125 0.119140625 0.0146484375 0.0419921875
1 0.369140625 0.0625 0.0107421875 0.02734375
1 0.30859375 0.0859375 0.013671875 0.0419921875
1 0.234375 0.2177734375 0.0166015625 0.048828125
1 0.2822265625 0.1650390625 0.017578125 0.0458984375
1 0.1982421875 0.1748046875 0.015625 0.033203125
1 0.3466796875 0.0703125 0.0126953125 0.03515625
1 0.2890625 0.0771484375 0.015625 0.0400390625
1 0.6533203125 0.380859375 0.021484375 0.078125
0 0.419921875 0.1005859375 0.041015625 0.0712890625
1 0.2900390625 0.1181640625 0.01171875 0.0419921875
0 0.525390625 0.0693359375 0.0234375 0.046875
1 0.330078125 0.068359375 0.0107421875 0.0322265625
1 0.7236328125 0.6708984375 0.044921875 0.1416015625
1 0.1357421875 0.263671875 0.0205078125 0.0654296875
0 0.5078125 0.0126953125 0.0185546875 0.025390625
1 0.091796875 0.2685546875 0.0205078125 0.048828125
1 0.1611328125 0.2822265625 0.01953125 0.0625
1 0.3251953125 0.1787109375 0.015625 0.033203125
0 0.435546875 0.623046875 0.1357421875 0.3427734375
1 0.513671875 0.0419921875 0.01171875 0.0302734375
0 0.53125 0.2099609375 0.02734375 0.099609375
2 0.5771484375 0.259765625 0.0869140625 0.2724609375
1 0.13671875 0.205078125 0.0185546875 0.033203125
0 0.4384765625 0.0419921875 0.0244140625 0.0419921875
2 0.3837890625 0.244140625 0.0908203125 0.2568359375
1 0.1123046875 0.431640625 0.0283203125 0.0830078125
1 0.36328125 0.021484375 0.0107421875 0.0322265625
2 0.248046875 0.541015625 0.2431640625 0.537109375
1 0.5078125 0.078125 0.01171875 0.03515625
2 0.4697265625 0.255859375 0.0869140625 0.267578125
0 0.671875 0.8349609375 0.17578125 0.322265625
0 0.390625 0.015625 0.01953125 0.03125
2 0.4755859375 0.0751953125 0.07421875 0.1220703125
0 0.451171875 0.0126953125 0.0224609375 0.025390625
0 0.521484375 0.017578125 0.0126953125 0.02734375
0 0.478515625 0.0107421875 0.0234375 0.021484375