0 0.5849609375 0.181640625 0.0390625 0.0712890625
1 0.806640625 0.509765625 0.0341796875 0.1025390625
0 0.525390625 0.0322265625 0.0185546875 0.0361328125
0 0.50390625 0.021484375 0.025390625 0.0322265625
0 0.5576171875 0.4384765625 0.08203125 0.1484375
0 0.5498046875 0.2568359375 0.064453125 0.1220703125
0 0.416015625 0.115234375 0.041015625 0.0693359375
0 0.4267578125 0.44140625 0.0888671875 0.205078125
0 0.5341796875 0.171875 0.0498046875 0.072265625
0 0.673828125 0.431640625 0.083984375 0.1962890625
1 0.697265625 0.28515625 0.037109375 0.0791015625
0 0.52734375 0.1259765625 0.037109375 0.0419921875
1 0.5625 0.171875 0.0166015625 0.052734375
1 0.7109375 0.587890625 0.0361328125 0.0888671875
1 0.5185546875 0.5615234375 0.048828125 0.1337890625
1 0.88671875 0.91796875 0.05078125 0.158203125
0 0.43359375 0.0244140625 0.02734375 0.03515625
0 0.515625 0.076171875 0.017578125 0.052734375
0 0.5966796875 0.693359375 0.146484375 0.3837890625
0 0.48046875 0.0126953125 0.025390625 0.025390625
1 0.5927734375 0.291015625 0.0205078125 0.056640625
2 0.287109375 0.1171875 0.083984375 0.154296875
1 0.61328125 0.4677734375 0.041015625 0.080078125
0 0.431640625 0.0625 0.03515625 0.0615234375
1 0.8486328125 0.673828125 0.0439453125 0.0986328125
1 0.884765625 0.736328125 0.0673828125 0.0986328125
1 0.2080078125 0.248046875 0.021484375 0.056640625
0 0.283203125 0.83984375 0.21484375 0.3056640625
2 0.3798828125 0.2490234375 0.08984375 0.224609375
0 0.78125 0.77734375 0.1708984375 0.4208984375
2 0.474609375 0.0888671875 0.083984375 0.1416015625