0 0.4423828125 0.0322265625 0.0234375 0.0556640625
0 0.50390625 0.0615234375 0.0244140625 0.0625
1 0.791015625 0.462890625 0.02734375 0.0947265625
0 0.4111328125 0.1162109375 0.04296875 0.0830078125
0 0.57421875 0.515625 0.0869140625 0.212890625
0 0.5322265625 0.25390625 0.05859375 0.1142578125
0 0.3876953125 0.1962890625 0.0517578125 0.1083984375
0 0.5400390625 0.06640625 0.05859375 0.068359375
0 0.375 0.0302734375 0.0302734375 0.0537109375
0 0.50390625 0.017578125 0.0234375 0.03515625
2 0.40234375 0.015625 0.01953125 0.03125
2 0.7822265625 0.75390625 0.265625 0.490234375
2 0.234375 0.525390625 0.287109375 0.724609375
2 0.4697265625 0.1865234375 0.0732421875 0.1787109375