0 0.53515625 0.0439453125 0.0263671875 0.037109375
0 0.5244140625 0.0869140625 0.029296875 0.0537109375
0 0.55859375 0.345703125 0.0771484375 0.1884765625
1 0.6826171875 0.5068359375 0.03515625 0.1279296875
0 0.5087890625 0.0205078125 0.02734375 0.0390625
1 0.611328125 0.5244140625 0.044921875 0.1181640625
0 0.3564453125 0.076171875 0.033203125 0.0615234375
1 0.6279296875 0.3837890625 0.0234375 0.087890625
0 0.427734375 0.443359375 0.09765625 0.2080078125
1 0.28515625 0.1220703125 0.0126953125 0.0419921875
1 0.2587890625 0.15234375 0.017578125 0.04296875
1 0.201171875 0.1806640625 0.0244140625 0.046875
1 0.6201171875 0.662109375 0.041015625 0.12109375
0 0.43359375 0.02734375 0.025390625 0.0400390625
1 0.5556640625 0.7470703125 0.0546875 0.1552734375
0 0.41796875 0.1142578125 0.04296875 0.0849609375
0 0.31640625 0.07421875 0.0302734375 0.0732421875
1 0.53125 0.9482421875 0.0654296875 0.09765625
1 0.24609375 0.1142578125 0.0107421875 0.0361328125
0 0.314453125 0.130859375 0.033203125 0.05859375
1 0.328125 0.203125 0.025390625 0.0732421875
2 0.384765625 0.0283203125 0.01953125 0.0517578125
0 0.48046875 0.0126953125 0.025390625 0.025390625
1 0.2685546875 0.091796875 0.01171875 0.0498046875
0 0.4013671875 0.0205078125 0.01953125 0.037109375
1 0.2841796875 0.265625 0.0390625 0.0400390625
2 0.2490234375 0.5439453125 0.25390625 0.5517578125
2 0.3828125 0.234375 0.0859375 0.2265625
0 0.3544921875 0.0205078125 0.0146484375 0.0361328125
2 0.474609375 0.0986328125 0.083984375 0.1669921875
0 0.41796875 0.0087890625 0.0166015625 0.0166015625