0 0.556640625 0.318359375 0.076171875 0.154296875
0 0.53515625 0.171875 0.0498046875 0.078125
0 0.6298828125 0.30859375 0.08203125 0.1767578125
1 0.517578125 0.5615234375 0.044921875 0.1318359375
0 0.4287109375 0.443359375 0.09765625 0.21484375
1 0.595703125 0.2509765625 0.025390625 0.0888671875
0 0.5166015625 0.0830078125 0.0185546875 0.0654296875
0 0.5234375 0.025390625 0.0185546875 0.0322265625
1 0.7607421875 0.466796875 0.0322265625 0.111328125
1 0.88671875 0.92578125 0.05078125 0.1484375
0 0.41796875 0.109375 0.044921875 0.0693359375
0 0.595703125 0.6962890625 0.14453125 0.39453125
1 0.6142578125 0.4794921875 0.0390625 0.0615234375
2 0.4755859375 0.08984375 0.080078125 0.138671875
0 0.48046875 0.013671875 0.0283203125 0.0263671875
0 0.4462890625 0.0146484375 0.0263671875 0.029296875
0 0.2841796875 0.8408203125 0.21875 0.3095703125
0 0.779296875 0.775390625 0.1669921875 0.419921875
0 0.431640625 0.0576171875 0.037109375 0.0595703125
2 0.3828125 0.2490234375 0.08984375 0.2109375
0 0.50390625 0.021484375 0.01953125 0.0322265625