1 0.61328125 0.314453125 0.0244140625 0.0712890625
1 0.5849609375 0.2861328125 0.0205078125 0.0634765625
1 0.6669921875 0.5263671875 0.0390625 0.099609375
0 0.4423828125 0.03125 0.0224609375 0.0537109375
0 0.412109375 0.1142578125 0.04296875 0.0849609375
0 0.5341796875 0.244140625 0.056640625 0.1484375
0 0.626953125 0.6806640625 0.12109375 0.349609375
0 0.5537109375 0.392578125 0.0712890625 0.16796875
0 0.38671875 0.19921875 0.0517578125 0.12109375
0 0.46484375 0.2080078125 0.060546875 0.10546875
2 0.3505859375 0.029296875 0.025390625 0.0556640625
2 0.232421875 0.5263671875 0.2861328125 0.7275390625