2 0.349609375 0.01953125 0.0205078125 0.0361328125
0 0.591796875 0.212890625 0.046875 0.1015625
0 0.5556640625 0.4365234375 0.08203125 0.1611328125
0 0.4150390625 0.1142578125 0.041015625 0.068359375
0 0.5458984375 0.08984375 0.03125 0.0537109375
1 0.517578125 0.5615234375 0.04296875 0.12890625
0 0.2509765625 0.1533203125 0.0498046875 0.08203125
1 0.76171875 0.4697265625 0.0302734375 0.0986328125
0 0.4287109375 0.4482421875 0.08984375 0.2177734375
0 0.53515625 0.181640625 0.0517578125 0.091796875
0 0.5517578125 0.2802734375 0.068359375 0.1513671875
1 0.80859375 0.49609375 0.0380859375 0.1259765625
0 0.6689453125 0.41796875 0.09375 0.1943359375
0 0.43359375 0.0224609375 0.0205078125 0.02734375
0 0.525390625 0.1298828125 0.03515625 0.0458984375
0 0.50390625 0.0263671875 0.025390625 0.0302734375
0 0.431640625 0.0595703125 0.03515625 0.0615234375
0 0.59765625 0.6923828125 0.1484375 0.3818359375
1 0.302734375 0.12109375 0.01171875 0.037109375
1 0.8466796875 0.64453125 0.03515625 0.0634765625
0 0.515625 0.0849609375 0.0205078125 0.0654296875
1 0.708984375 0.5849609375 0.03515625 0.087890625
1 0.5966796875 0.318359375 0.025390625 0.0859375
0 0.3076171875 0.03515625 0.013671875 0.01953125
1 0.3349609375 0.048828125 0.0087890625 0.033203125
2 0.396484375 0.0224609375 0.01953125 0.0322265625
0 0.4794921875 0.0126953125 0.0244140625 0.025390625
0 0.2822265625 0.83984375 0.2158203125 0.306640625
2 0.380859375 0.240234375 0.0859375 0.2197265625
0 0.779296875 0.7744140625 0.171875 0.4267578125
2 0.369140625 0.017578125 0.01953125 0.03515625
2 0.474609375 0.0849609375 0.0810546875 0.138671875