0 0.5234375 0.130859375 0.029296875 0.048828125
1 0.7685546875 0.525390625 0.04296875 0.0849609375
1 0.517578125 0.5576171875 0.048828125 0.1318359375
0 0.416015625 0.11328125 0.041015625 0.068359375
0 0.5546875 0.4384765625 0.08203125 0.173828125
0 0.5556640625 0.3076171875 0.072265625 0.1376953125
0 0.431640625 0.4375 0.0947265625 0.203125
1 0.7353515625 0.4951171875 0.037109375 0.115234375
0 0.53515625 0.1982421875 0.0419921875 0.056640625
0 0.5029296875 0.0244140625 0.01953125 0.0263671875
0 0.6767578125 0.4462890625 0.0986328125 0.2197265625
1 0.712890625 0.412109375 0.01953125 0.080078125
0 0.5400390625 0.078125 0.025390625 0.052734375
1 0.591796875 0.287109375 0.025390625 0.0625
1 0.7626953125 0.431640625 0.0322265625 0.072265625
1 0.4306640625 0.923828125 0.068359375 0.150390625
1 0.6171875 0.3974609375 0.04296875 0.1142578125
0 0.43359375 0.025390625 0.025390625 0.033203125
1 0.5146484375 0.3037109375 0.0244140625 0.1025390625
1 0.548828125 0.12890625 0.013671875 0.0458984375
0 0.283203125 0.83984375 0.21484375 0.30859375
1 0.5498046875 0.93359375 0.0634765625 0.130859375
0 0.5966796875 0.6923828125 0.146484375 0.390625
2 0.474609375 0.083984375 0.08203125 0.134765625
0 0.48046875 0.01171875 0.0263671875 0.0234375
0 0.77734375 0.767578125 0.16796875 0.419921875
0 0.5166015625 0.0849609375 0.0234375 0.0615234375
2 0.380859375 0.2529296875 0.087890625 0.22265625