0 0.5927734375 0.2080078125 0.0458984375 0.095703125
0 0.5546875 0.3115234375 0.07421875 0.1455078125
0 0.427734375 0.4423828125 0.08984375 0.212890625
0 0.6669921875 0.419921875 0.0908203125 0.193359375
1 0.59765625 0.3232421875 0.0263671875 0.0849609375
1 0.8046875 0.5009765625 0.041015625 0.115234375
0 0.5546875 0.44140625 0.083984375 0.1552734375
0 0.537109375 0.1767578125 0.0546875 0.087890625
1 0.6123046875 0.4013671875 0.04296875 0.125
0 0.416015625 0.119140625 0.041015625 0.0712890625
0 0.5458984375 0.08984375 0.03125 0.0556640625
1 0.1953125 0.181640625 0.0185546875 0.037109375
1 0.7607421875 0.47265625 0.03515625 0.10546875
0 0.59765625 0.69140625 0.146484375 0.3818359375
0 0.50390625 0.0263671875 0.0263671875 0.033203125
1 0.68359375 0.521484375 0.0380859375 0.0791015625
1 0.8876953125 0.916015625 0.0498046875 0.154296875
1 0.5517578125 0.9365234375 0.0673828125 0.12109375
0 0.5166015625 0.0771484375 0.01953125 0.0517578125
0 0.4326171875 0.0546875 0.033203125 0.0537109375
0 0.28125 0.83984375 0.2197265625 0.3056640625
0 0.4052734375 0.0107421875 0.013671875 0.021484375
0 0.48046875 0.0126953125 0.02734375 0.025390625
0 0.779296875 0.7734375 0.1728515625 0.4248046875
2 0.37890625 0.2529296875 0.0830078125 0.1865234375
0 0.447265625 0.0146484375 0.0244140625 0.029296875
0 0.134765625 0.3154296875 0.087890625 0.1162109375