0 0.5869140625 0.1884765625 0.041015625 0.0849609375
0 0.53125 0.173828125 0.048828125 0.0888671875
1 0.2705078125 0.2216796875 0.01953125 0.056640625
1 0.619140625 0.2294921875 0.0341796875 0.0634765625
1 0.857421875 0.4462890625 0.02734375 0.111328125
0 0.32421875 0.0361328125 0.01953125 0.0361328125
0 0.5341796875 0.046875 0.021484375 0.03515625
0 0.66796875 0.41796875 0.08984375 0.18359375
1 0.76171875 0.466796875 0.033203125 0.111328125
1 0.255859375 0.130859375 0.017578125 0.04296875
0 0.548828125 0.2412109375 0.05859375 0.08984375
1 0.310546875 0.1015625 0.013671875 0.0419921875
0 0.4150390625 0.1142578125 0.041015625 0.0712890625
0 0.4267578125 0.4453125 0.087890625 0.21484375
0 0.5556640625 0.4384765625 0.083984375 0.15234375
1 0.84765625 0.685546875 0.048828125 0.1044921875
1 0.28125 0.09765625 0.0146484375 0.0400390625
1 0.80859375 0.50390625 0.033203125 0.10546875
1 0.521484375 0.5595703125 0.05078125 0.1337890625
1 0.5341796875 0.0966796875 0.01953125 0.0458984375
1 0.5625 0.1787109375 0.0185546875 0.056640625
0 0.50390625 0.0224609375 0.021484375 0.0322265625
0 0.3046875 0.0302734375 0.0166015625 0.03515625
1 0.1962890625 0.2001953125 0.025390625 0.0498046875
0 0.43359375 0.025390625 0.0263671875 0.0361328125
2 0.369140625 0.041015625 0.0439453125 0.08203125
0 0.5947265625 0.693359375 0.1494140625 0.3876953125
2 0.474609375 0.087890625 0.08203125 0.1376953125
0 0.2822265625 0.029296875 0.01953125 0.033203125
0 0.78125 0.7734375 0.1728515625 0.4306640625
0 0.283203125 0.841796875 0.216796875 0.3056640625
0 0.515625 0.08203125 0.01953125 0.0634765625
0 0.48046875 0.013671875 0.0263671875 0.0263671875
2 0.37890625 0.2568359375 0.08203125 0.1865234375
2 0.2509765625 0.0908203125 0.05078125 0.068359375