1 0.791015625 0.4658203125 0.0322265625 0.095703125
1 0.6279296875 0.419921875 0.0263671875 0.09765625
1 0.6201171875 0.166015625 0.0146484375 0.0458984375
0 0.5537109375 0.21484375 0.046875 0.0888671875
1 0.599609375 0.3115234375 0.0234375 0.072265625
1 0.5947265625 0.130859375 0.01171875 0.029296875
0 0.44140625 0.0322265625 0.0224609375 0.0498046875
0 0.501953125 0.060546875 0.0234375 0.056640625
0 0.4130859375 0.11328125 0.0439453125 0.0849609375
0 0.3642578125 0.041015625 0.0234375 0.0400390625
0 0.53515625 0.28125 0.0556640625 0.087890625
0 0.541015625 0.0615234375 0.0576171875 0.0615234375
0 0.32421875 0.0419921875 0.0224609375 0.0361328125
0 0.572265625 0.51171875 0.0859375 0.212890625
0 0.5009765625 0.017578125 0.021484375 0.03515625
2 0.2333984375 0.5234375 0.291015625 0.724609375
2 0.7861328125 0.7568359375 0.2509765625 0.486328125