1 0.5615234375 0.4755859375 0.0361328125 0.12890625
1 0.5498046875 0.306640625 0.0234375 0.0712890625
1 0.314453125 0.12890625 0.009765625 0.0322265625
1 0.61328125 0.4384765625 0.03515625 0.09765625
0 0.23828125 0.2197265625 0.0703125 0.1083984375
1 0.607421875 0.677734375 0.05078125 0.1611328125
1 0.6162109375 0.5400390625 0.03125 0.0888671875
0 0.599609375 0.279296875 0.0634765625 0.1357421875
0 0.12109375 0.3466796875 0.076171875 0.1708984375
0 0.376953125 0.0322265625 0.0322265625 0.044921875
0 0.427734375 0.427734375 0.08984375 0.1806640625
0 0.4169921875 0.1162109375 0.041015625 0.0751953125
1 0.5400390625 0.3896484375 0.0234375 0.0791015625
1 0.611328125 0.361328125 0.02734375 0.056640625
1 0.76171875 0.630859375 0.046875 0.1416015625
0 0.359375 0.0693359375 0.02734375 0.046875
0 0.4345703125 0.0234375 0.0234375 0.0361328125
1 0.494140625 0.9404296875 0.07421875 0.1142578125
0 0.283203125 0.0888671875 0.029296875 0.0634765625
1 0.3720703125 0.451171875 0.0361328125 0.1484375
0 0.31640625 0.0556640625 0.01171875 0.0390625
2 0.2509765625 0.548828125 0.2490234375 0.529296875
1 0.328125 0.0732421875 0.0107421875 0.037109375
1 0.1591796875 0.2373046875 0.0185546875 0.044921875
2 0.3837890625 0.232421875 0.08984375 0.2412109375
0 0.4794921875 0.01171875 0.0205078125 0.0234375
2 0.57421875 0.1787109375 0.0546875 0.1474609375
1 0.3291015625 0.2197265625 0.02734375 0.0751953125
0 0.5283203125 0.099609375 0.0341796875 0.1025390625
0 0.5 0.015625 0.02734375 0.0302734375
2 0.4736328125 0.0869140625 0.08203125 0.142578125
1 0.55859375 0.3759765625 0.021484375 0.0615234375
2 0.875 0.697265625 0.08984375 0.5615234375
2 0.5302734375 0.0205078125 0.0283203125 0.0390625