0 0.3984375 0.1630859375 0.0458984375 0.0849609375
0 0.5234375 0.1474609375 0.029296875 0.072265625
0 0.5087890625 0.0537109375 0.0234375 0.037109375
0 0.556640625 0.28515625 0.0654296875 0.1416015625
0 0.451171875 0.28125 0.06640625 0.142578125
0 0.501953125 0.09765625 0.029296875 0.052734375
2 0.4130859375 0.0966796875 0.04296875 0.095703125
0 0.4375 0.0625 0.0234375 0.0556640625
1 0.3291015625 0.0712890625 0.0087890625 0.0302734375
0 0.4599609375 0.138671875 0.04296875 0.0859375
0 0.3388671875 0.03125 0.01953125 0.03515625
0 0.46875 0.072265625 0.02734375 0.0498046875
0 0.4482421875 0.015625 0.0146484375 0.0234375
0 0.48046875 0.0419921875 0.0224609375 0.0400390625
1 0.49609375 0.2490234375 0.015625 0.0615234375
0 0.607421875 0.5537109375 0.1162109375 0.2998046875
0 0.4423828125 0.5654296875 0.12109375 0.3056640625
0 0.3544921875 0.2783203125 0.06640625 0.134765625
0 0.146484375 0.837890625 0.1279296875 0.3154296875