1 0.2734375 0.20703125 0.0166015625 0.052734375
1 0.3671875 0.05859375 0.009765625 0.03515625
1 0.8525390625 0.5009765625 0.0283203125 0.111328125
0 0.58984375 0.19140625 0.04296875 0.080078125
1 0.609375 0.134765625 0.0185546875 0.0419921875
0 0.4326171875 0.0234375 0.0234375 0.0302734375
1 0.8046875 0.5078125 0.0322265625 0.1044921875
0 0.5556640625 0.4365234375 0.0810546875 0.1611328125
1 0.185546875 0.2783203125 0.01953125 0.0517578125
1 0.791015625 0.3603515625 0.0263671875 0.0654296875
0 0.416015625 0.1142578125 0.0390625 0.068359375
0 0.6669921875 0.419921875 0.0849609375 0.1865234375
1 0.123046875 0.2548828125 0.0234375 0.0625
0 0.54296875 0.0732421875 0.0263671875 0.046875
0 0.5361328125 0.1748046875 0.048828125 0.080078125
0 0.4267578125 0.4462890625 0.087890625 0.2236328125
0 0.19921875 0.1884765625 0.0546875 0.0888671875
1 0.8447265625 0.7021484375 0.0380859375 0.1240234375
0 0.5029296875 0.015625 0.025390625 0.03125
0 0.525390625 0.1240234375 0.0322265625 0.0419921875
1 0.8232421875 0.4169921875 0.0244140625 0.0712890625
1 0.6083984375 0.3974609375 0.03515625 0.10546875
1 0.5634765625 0.1767578125 0.021484375 0.0634765625
0 0.48046875 0.0126953125 0.0263671875 0.025390625
1 0.5185546875 0.564453125 0.03515625 0.1123046875
0 0.5947265625 0.6962890625 0.1484375 0.3857421875
1 0.326171875 0.2109375 0.0234375 0.0751953125
1 0.8818359375 0.7509765625 0.046875 0.12890625
0 0.2822265625 0.8408203125 0.212890625 0.306640625
1 0.3837890625 0.048828125 0.01171875 0.0458984375
1 0.5986328125 0.2607421875 0.0244140625 0.0634765625
0 0.5166015625 0.0732421875 0.017578125 0.0458984375
1 0.55078125 0.9462890625 0.06640625 0.107421875
0 0.7802734375 0.7744140625 0.16796875 0.4267578125
2 0.3828125 0.234375 0.0888671875 0.2275390625
0 0.1025390625 0.2119140625 0.02734375 0.0712890625
0 0.412109375 0.009765625 0.0205078125 0.01953125
2 0.474609375 0.0859375 0.076171875 0.1279296875
2 0.2685546875 0.037109375 0.0517578125 0.072265625
2 0.3212890625 0.037109375 0.0693359375 0.0712890625