1 0.623046875 0.439453125 0.0322265625 0.0986328125
1 0.7900390625 0.462890625 0.0302734375 0.099609375
1 0.65234375 0.3642578125 0.0263671875 0.0888671875
0 0.4111328125 0.1201171875 0.0419921875 0.087890625
0 0.50390625 0.0634765625 0.0224609375 0.0615234375
0 0.5517578125 0.224609375 0.052734375 0.1142578125
0 0.5703125 0.513671875 0.083984375 0.2109375
2 0.5419921875 0.099609375 0.0634765625 0.1337890625
0 0.44140625 0.0322265625 0.0205078125 0.048828125
0 0.361328125 0.029296875 0.025390625 0.0361328125
0 0.3857421875 0.1982421875 0.048828125 0.109375
2 0.234375 0.52734375 0.2880859375 0.732421875
2 0.7919921875 0.7529296875 0.2431640625 0.4892578125