1 0.6025390625 0.45703125 0.0263671875 0.0947265625
0 0.44140625 0.0302734375 0.0224609375 0.0498046875
1 0.5634765625 0.25390625 0.01953125 0.0625
0 0.5234375 0.10546875 0.0390625 0.080078125
0 0.50390625 0.0419921875 0.01953125 0.052734375
0 0.4111328125 0.11328125 0.04296875 0.08203125
0 0.6005859375 0.33984375 0.072265625 0.138671875
0 0.564453125 0.1416015625 0.0458984375 0.06640625
0 0.388671875 0.1982421875 0.0517578125 0.1162109375
0 0.3271484375 0.0546875 0.02734375 0.056640625
0 0.548828125 0.4462890625 0.05859375 0.2265625
0 0.69140625 0.4775390625 0.1142578125 0.236328125
0 0.3984375 0.015625 0.01953125 0.03125
2 0.2333984375 0.5224609375 0.2841796875 0.7236328125
2 0.470703125 0.1728515625 0.0703125 0.1572265625