0 0.5361328125 0.1767578125 0.0498046875 0.08203125
0 0.556640625 0.4482421875 0.083984375 0.1552734375
0 0.556640625 0.31640625 0.076171875 0.162109375
1 0.76171875 0.4658203125 0.03125 0.109375
0 0.26171875 0.12109375 0.0576171875 0.1025390625
0 0.431640625 0.44140625 0.0966796875 0.2080078125
1 0.6982421875 0.53125 0.021484375 0.068359375
1 0.5830078125 0.193359375 0.0361328125 0.09765625
0 0.6328125 0.3505859375 0.0791015625 0.140625
0 0.5244140625 0.1240234375 0.0322265625 0.052734375
0 0.5068359375 0.0146484375 0.0234375 0.029296875
1 0.6591796875 0.5751953125 0.0302734375 0.1162109375
0 0.4169921875 0.111328125 0.04296875 0.0654296875
0 0.4794921875 0.0126953125 0.02734375 0.025390625
1 0.51953125 0.564453125 0.0419921875 0.115234375
1 0.5966796875 0.2724609375 0.0244140625 0.0615234375
0 0.447265625 0.015625 0.0244140625 0.02734375
0 0.6005859375 0.693359375 0.1494140625 0.375
1 0.619140625 0.482421875 0.025390625 0.0693359375
2 0.380859375 0.2392578125 0.08984375 0.220703125
1 0.564453125 0.951171875 0.0654296875 0.095703125
0 0.4306640625 0.0595703125 0.03515625 0.05859375
0 0.779296875 0.7734375 0.16796875 0.419921875
0 0.2822265625 0.8427734375 0.21484375 0.3037109375
2 0.4736328125 0.087890625 0.0830078125 0.140625
0 0.541015625 0.0224609375 0.01953125 0.029296875