0 0.521484375 0.294921875 0.06640625 0.142578125
0 0.388671875 0.193359375 0.04296875 0.1123046875
2 0.4501953125 0.02734375 0.029296875 0.0537109375
0 0.525390625 0.162109375 0.041015625 0.0947265625
0 0.4580078125 0.1845703125 0.0517578125 0.1083984375
0 0.5185546875 0.0830078125 0.02734375 0.056640625
0 0.470703125 0.0615234375 0.0224609375 0.052734375
0 0.48828125 0.1142578125 0.03515625 0.0712890625
0 0.4228515625 0.107421875 0.0361328125 0.06640625
0 0.515625 0.02734375 0.01953125 0.04296875
0 0.439453125 0.30078125 0.072265625 0.154296875
0 0.3037109375 0.4619140625 0.1064453125 0.240234375
0 0.4873046875 0.0283203125 0.0205078125 0.0400390625