0 0.50390625 0.0302734375 0.0185546875 0.0263671875
0 0.5361328125 0.1728515625 0.0458984375 0.0791015625
0 0.5556640625 0.439453125 0.083984375 0.1708984375
0 0.43359375 0.0263671875 0.025390625 0.033203125
0 0.53515625 0.05859375 0.0234375 0.0419921875
0 0.5576171875 0.3134765625 0.072265625 0.138671875
0 0.4296875 0.44140625 0.09765625 0.20703125
0 0.416015625 0.1142578125 0.04296875 0.068359375
0 0.67578125 0.443359375 0.09375 0.2373046875
1 0.77734375 0.546875 0.0341796875 0.05859375
1 0.5908203125 0.2138671875 0.0234375 0.072265625
1 0.435546875 0.939453125 0.0654296875 0.1123046875
1 0.6416015625 0.3056640625 0.0224609375 0.046875
0 0.48046875 0.01171875 0.025390625 0.0234375
1 0.763671875 0.4794921875 0.02734375 0.080078125
1 0.5751953125 0.1767578125 0.0263671875 0.05859375
0 0.515625 0.0810546875 0.0166015625 0.0625
0 0.5966796875 0.6953125 0.14453125 0.392578125
0 0.5185546875 0.0244140625 0.01953125 0.037109375
2 0.4755859375 0.083984375 0.0859375 0.140625
0 0.2822265625 0.83984375 0.21875 0.306640625
1 0.3720703125 0.443359375 0.03515625 0.1513671875
0 0.5224609375 0.1240234375 0.02734375 0.0419921875
0 0.779296875 0.775390625 0.166015625 0.421875
2 0.3818359375 0.236328125 0.08984375 0.240234375