0 0.5146484375 0.076171875 0.0224609375 0.0419921875
1 0.609375 0.6943359375 0.04296875 0.1416015625
0 0.580078125 0.1669921875 0.044921875 0.1025390625
0 0.54296875 0.0966796875 0.0244140625 0.037109375
1 0.5498046875 0.556640625 0.0546875 0.1259765625
0 0.44140625 0.029296875 0.021484375 0.046875
0 0.4130859375 0.1142578125 0.04296875 0.0859375
1 0.62109375 0.5673828125 0.0341796875 0.0927734375
0 0.3857421875 0.201171875 0.0498046875 0.12109375
0 0.5166015625 0.138671875 0.0302734375 0.0625
0 0.28125 0.142578125 0.025390625 0.0400390625
0 0.283203125 0.080078125 0.021484375 0.029296875
2 0.2568359375 0.1640625 0.0556640625 0.0390625
2 0.62109375 0.3486328125 0.109375 0.302734375
2 0.2783203125 0.0498046875 0.0478515625 0.0361328125
2 0.2275390625 0.525390625 0.2841796875 0.73046875