0 0.5166015625 0.115234375 0.02734375 0.0615234375
1 0.53515625 0.099609375 0.0185546875 0.0419921875
0 0.50390625 0.0693359375 0.0263671875 0.0498046875
0 0.3935546875 0.1650390625 0.041015625 0.10546875
0 0.40625 0.1044921875 0.01953125 0.0458984375
1 0.181640625 0.2158203125 0.021484375 0.068359375
0 0.4921875 0.1533203125 0.0283203125 0.08984375
1 0.3369140625 0.1044921875 0.01953125 0.048828125
1 0.1298828125 0.22265625 0.01953125 0.0517578125
0 0.42578125 0.3115234375 0.083984375 0.140625
0 0.2158203125 0.673828125 0.1611328125 0.369140625
0 0.443359375 0.0166015625 0.0263671875 0.02734375
0 0.4677734375 0.029296875 0.0263671875 0.025390625
0 0.5 0.0205078125 0.03515625 0.041015625
0 0.1376953125 0.8681640625 0.1123046875 0.25
2 0.447265625 0.15234375 0.0859375 0.2568359375
0 0.34765625 0.046875 0.0234375 0.04296875
2 0.3408203125 0.265625 0.0986328125 0.2470703125
2 0.5625 0.3427734375 0.14453125 0.447265625
2 0.4384765625 0.6826171875 0.2578125 0.6240234375