0 0.5322265625 0.1904296875 0.0478515625 0.091796875
0 0.59375 0.2734375 0.0556640625 0.119140625
0 0.521484375 0.111328125 0.029296875 0.0625
0 0.2587890625 0.1015625 0.029296875 0.072265625
0 0.333984375 0.05859375 0.033203125 0.037109375
0 0.4189453125 0.1103515625 0.041015625 0.095703125
0 0.216796875 0.24609375 0.0556640625 0.0986328125
0 0.537109375 0.05859375 0.0263671875 0.056640625
1 0.1982421875 0.18359375 0.0146484375 0.0400390625
0 0.279296875 0.0546875 0.0283203125 0.0400390625
0 0.30078125 0.0546875 0.0224609375 0.0322265625
0 0.4365234375 0.6240234375 0.13671875 0.341796875
1 0.59375 0.205078125 0.0302734375 0.0634765625
1 0.3134765625 0.087890625 0.017578125 0.0517578125
0 0.5166015625 0.06640625 0.01953125 0.044921875
0 0.578125 0.39453125 0.0810546875 0.1669921875
2 0.3447265625 0.0205078125 0.0185546875 0.033203125
0 0.4345703125 0.0458984375 0.02734375 0.0390625
0 0.1103515625 0.388671875 0.0595703125 0.1806640625
2 0.25 0.5400390625 0.244140625 0.5302734375
1 0.3701171875 0.03515625 0.0126953125 0.0400390625
0 0.4794921875 0.0126953125 0.025390625 0.025390625
2 0.462890625 0.2890625 0.09765625 0.302734375
0 0.3740234375 0.291015625 0.0732421875 0.173828125
0 0.4345703125 0.015625 0.021484375 0.03125
2 0.474609375 0.087890625 0.08203125 0.1357421875