1 0.6259765625 0.4111328125 0.0283203125 0.099609375
1 0.6591796875 0.5244140625 0.03515625 0.1123046875
0 0.51953125 0.0654296875 0.029296875 0.0615234375
1 0.7216796875 0.51171875 0.0283203125 0.0849609375
1 0.7490234375 0.5693359375 0.0419921875 0.125
1 0.5068359375 0.5546875 0.033203125 0.12109375
0 0.52734375 0.14453125 0.041015625 0.0830078125
1 0.611328125 0.5234375 0.0380859375 0.0888671875
1 0.486328125 0.470703125 0.0341796875 0.1083984375
0 0.5537109375 0.3544921875 0.0751953125 0.1572265625
0 0.4853515625 0.0546875 0.0263671875 0.0537109375
0 0.462890625 0.1005859375 0.03125 0.0712890625
0 0.439453125 0.3388671875 0.0771484375 0.1669921875
0 0.4140625 0.1201171875 0.03515625 0.076171875
0 0.375 0.2197265625 0.056640625 0.1142578125
2 0.44921875 0.037109375 0.0380859375 0.0732421875
2 0.2626953125 0.4853515625 0.154296875 0.412109375
0 0.337890625 0.3095703125 0.0634765625 0.1611328125
0 0.509765625 0.017578125 0.0234375 0.03515625
0 0.44921875 0.2177734375 0.052734375 0.099609375
0 0.486328125 0.017578125 0.021484375 0.03515625
0 0.50390625 0.1123046875 0.03125 0.05859375
0 0.4091796875 0.576171875 0.1220703125 0.296875
0 0.578125 0.7021484375 0.1259765625 0.3291015625
0 0.1552734375 0.849609375 0.1533203125 0.2919921875
0 0.40625 0.8759765625 0.169921875 0.2392578125
0 0.767578125 0.916015625 0.181640625 0.162109375