1 0.60546875 0.33984375 0.0185546875 0.0654296875
0 0.5478515625 0.107421875 0.0341796875 0.0625
0 0.5791015625 0.19140625 0.0517578125 0.10546875
0 0.556640625 0.44140625 0.08203125 0.16015625
1 0.4794921875 0.4443359375 0.0341796875 0.0947265625
0 0.5234375 0.09765625 0.0283203125 0.0595703125
0 0.556640625 0.3076171875 0.0732421875 0.1572265625
0 0.427734375 0.4365234375 0.0888671875 0.1962890625
0 0.5361328125 0.1884765625 0.05078125 0.0986328125
1 0.7607421875 0.466796875 0.0322265625 0.1083984375
1 0.5166015625 0.5634765625 0.0400390625 0.1279296875
0 0.4150390625 0.115234375 0.041015625 0.0693359375
1 0.3271484375 0.21484375 0.0283203125 0.0830078125
0 0.66015625 0.396484375 0.0986328125 0.2265625
0 0.5947265625 0.693359375 0.146484375 0.3837890625
0 0.43359375 0.0224609375 0.0234375 0.0302734375
1 0.564453125 0.9541015625 0.060546875 0.091796875
0 0.4794921875 0.01171875 0.0234375 0.0234375
0 0.28125 0.8408203125 0.21875 0.3037109375
0 0.5068359375 0.0224609375 0.0224609375 0.03515625
0 0.7802734375 0.7724609375 0.1689453125 0.41796875
2 0.3818359375 0.232421875 0.087890625 0.2275390625