0 0.41796875 0.115234375 0.04296875 0.072265625
0 0.5810546875 0.1767578125 0.04296875 0.08203125
0 0.5400390625 0.17578125 0.0537109375 0.0791015625
0 0.556640625 0.439453125 0.083984375 0.162109375
1 0.759765625 0.4677734375 0.0322265625 0.107421875
0 0.5263671875 0.1298828125 0.03515625 0.04296875
0 0.42578125 0.4462890625 0.08984375 0.220703125
0 0.6669921875 0.423828125 0.0947265625 0.2041015625
0 0.505859375 0.015625 0.02734375 0.03125
1 0.88671875 0.9365234375 0.0478515625 0.1220703125
0 0.52734375 0.0205078125 0.0205078125 0.03515625
1 0.7998046875 0.5537109375 0.033203125 0.087890625
1 0.7109375 0.5458984375 0.0283203125 0.0830078125
1 0.8056640625 0.4921875 0.0283203125 0.0712890625
0 0.515625 0.0810546875 0.01953125 0.0595703125
1 0.517578125 0.56640625 0.05078125 0.125
0 0.43359375 0.0263671875 0.02734375 0.033203125
1 0.65234375 0.5849609375 0.033203125 0.107421875
0 0.48046875 0.0126953125 0.0263671875 0.025390625
1 0.5166015625 0.265625 0.01953125 0.0693359375
0 0.5986328125 0.69140625 0.15625 0.3857421875
1 0.5888671875 0.94140625 0.1376953125 0.115234375
1 0.8515625 0.7236328125 0.0400390625 0.138671875
0 0.2822265625 0.841796875 0.21484375 0.3056640625
2 0.474609375 0.0859375 0.0849609375 0.1357421875
0 0.7802734375 0.775390625 0.16796875 0.4267578125
2 0.380859375 0.2412109375 0.0908203125 0.234375
0 0.55859375 0.28515625 0.0625 0.0859375
2 0.37109375 0.0146484375 0.0244140625 0.029296875