0 0.552734375 0.255859375 0.05859375 0.111328125
1 0.33984375 0.1025390625 0.01171875 0.044921875
0 0.2783203125 0.16015625 0.041015625 0.0859375
1 0.548828125 0.1796875 0.025390625 0.0517578125
0 0.521484375 0.16796875 0.0302734375 0.0751953125
1 0.3466796875 0.068359375 0.0146484375 0.0361328125
0 0.5224609375 0.1005859375 0.02734375 0.056640625
1 0.578125 0.416015625 0.02734375 0.0791015625
1 0.712890625 0.49609375 0.029296875 0.107421875
0 0.3251953125 0.05859375 0.03125 0.056640625
0 0.4296875 0.4462890625 0.103515625 0.2080078125
1 0.357421875 0.0595703125 0.01171875 0.0361328125
1 0.310546875 0.10546875 0.01171875 0.0419921875
0 0.4189453125 0.1044921875 0.04296875 0.087890625
1 0.51953125 0.0361328125 0.02734375 0.0419921875
0 0.14453125 0.2646484375 0.08203125 0.1455078125
0 0.578125 0.1748046875 0.0361328125 0.072265625
2 0.1943359375 0.171875 0.04296875 0.0888671875
0 0.4345703125 0.0390625 0.0263671875 0.0361328125
2 0.3828125 0.2529296875 0.0927734375 0.25
1 0.240234375 0.1689453125 0.0185546875 0.0625
1 0.3037109375 0.16015625 0.013671875 0.0634765625
0 0.4814453125 0.013671875 0.02734375 0.0263671875
0 0.8544921875 0.7919921875 0.1240234375 0.365234375
2 0.248046875 0.5419921875 0.248046875 0.5517578125
0 0.5380859375 0.0615234375 0.015625 0.0419921875
2 0.4755859375 0.08984375 0.08203125 0.142578125
2 0.54296875 0.017578125 0.0244140625 0.03515625
0 0.09765625 0.443359375 0.033203125 0.1376953125
0 0.27734375 0.0556640625 0.0283203125 0.033203125