1 0.341796875 0.08984375 0.0126953125 0.037109375
0 0.58984375 0.1943359375 0.04296875 0.0888671875
1 0.80859375 0.5048828125 0.0341796875 0.109375
1 0.23046875 0.22265625 0.01953125 0.0517578125
1 0.7646484375 0.47265625 0.0283203125 0.1025390625
1 0.2685546875 0.22265625 0.0166015625 0.0615234375
0 0.5556640625 0.322265625 0.0771484375 0.150390625
1 0.734375 0.505859375 0.0341796875 0.1015625
1 0.302734375 0.1767578125 0.01171875 0.0498046875
1 0.1103515625 0.2529296875 0.0205078125 0.0556640625
0 0.669921875 0.419921875 0.08203125 0.181640625
0 0.5498046875 0.232421875 0.05859375 0.0791015625
1 0.564453125 0.1767578125 0.0205078125 0.0634765625
0 0.53515625 0.064453125 0.02734375 0.0595703125
0 0.416015625 0.115234375 0.0400390625 0.0693359375
0 0.4287109375 0.4423828125 0.087890625 0.21484375
0 0.1591796875 0.27734375 0.08203125 0.119140625
0 0.5986328125 0.6962890625 0.14453125 0.3759765625
1 0.8798828125 0.779296875 0.0419921875 0.1083984375
1 0.3701171875 0.458984375 0.0302734375 0.1259765625
1 0.6044921875 0.39453125 0.02734375 0.0888671875
0 0.50390625 0.0166015625 0.029296875 0.033203125
0 0.431640625 0.05859375 0.0341796875 0.0556640625
1 0.3681640625 0.0302734375 0.0126953125 0.037109375
1 0.845703125 0.71484375 0.044921875 0.142578125
0 0.525390625 0.15625 0.037109375 0.0595703125
1 0.5478515625 0.93359375 0.0693359375 0.1259765625
0 0.515625 0.0830078125 0.01953125 0.0615234375
0 0.2822265625 0.8408203125 0.2158203125 0.306640625
0 0.7802734375 0.77734375 0.169921875 0.421875
0 0.4794921875 0.0126953125 0.025390625 0.025390625
2 0.380859375 0.244140625 0.08984375 0.2177734375
0 0.4462890625 0.0146484375 0.025390625 0.029296875
2 0.2294921875 0.1162109375 0.138671875 0.1982421875
2 0.3291015625 0.029296875 0.0400390625 0.046875