0 0.3984375 0.1669921875 0.0380859375 0.0986328125
0 0.45703125 0.1630859375 0.0458984375 0.0849609375
0 0.51953125 0.142578125 0.0400390625 0.080078125
0 0.4296875 0.0849609375 0.0322265625 0.0654296875
0 0.470703125 0.0537109375 0.01953125 0.0458984375
0 0.484375 0.099609375 0.0322265625 0.0654296875
0 0.4443359375 0.251953125 0.060546875 0.1376953125
0 0.517578125 0.06640625 0.0263671875 0.046875
2 0.4521484375 0.025390625 0.02734375 0.044921875
0 0.5078125 0.23046875 0.052734375 0.111328125
2 0.31640625 0.0322265625 0.0361328125 0.0615234375
0 0.5908203125 0.3076171875 0.0703125 0.1767578125
0 0.3330078125 0.373046875 0.087890625 0.181640625
0 0.513671875 0.0205078125 0.0166015625 0.037109375
1 0.2587890625 0.0537109375 0.021484375 0.029296875
0 0.484375 0.025390625 0.021484375 0.037109375
0 0.4990234375 0.015625 0.013671875 0.03125
1 0.345703125 0.0849609375 0.01171875 0.0498046875
0 0.1767578125 0.78515625 0.17578125 0.40234375
0 0.4091796875 0.5625 0.1259765625 0.3388671875
0 0.56640625 0.1865234375 0.044921875 0.078125
0 0.4970703125 0.056640625 0.0205078125 0.0400390625