0 0.3759765625 0.236328125 0.06640625 0.125
0 0.41796875 0.083984375 0.044921875 0.109375
0 0.54296875 0.3427734375 0.078125 0.2041015625
1 0.2880859375 0.697265625 0.05859375 0.1884765625
0 0.5029296875 0.068359375 0.02734375 0.0859375
0 0.1474609375 0.2275390625 0.0791015625 0.099609375
0 0.541015625 0.095703125 0.0615234375 0.1279296875
0 0.4423828125 0.02734375 0.021484375 0.046875
0 0.44140625 0.431640625 0.095703125 0.216796875
1 0.7568359375 0.7802734375 0.05078125 0.1474609375
0 0.296875 0.44921875 0.10546875 0.212890625
2 0.4609375 0.224609375 0.0859375 0.2236328125
1 0.595703125 0.5751953125 0.04296875 0.1025390625
0 0.5888671875 0.8046875 0.140625 0.357421875
1 0.814453125 0.9306640625 0.0478515625 0.1357421875
1 0.1728515625 0.6142578125 0.0517578125 0.0693359375
1 0.14453125 0.2880859375 0.029296875 0.0654296875
1 0.71484375 0.861328125 0.046875 0.16015625
0 0.1494140625 0.771484375 0.13671875 0.2900390625
0 0.2890625 0.025390625 0.03515625 0.0390625