1 0.791015625 0.4609375 0.0341796875 0.1083984375
0 0.5322265625 0.2490234375 0.0556640625 0.1015625
0 0.4169921875 0.0927734375 0.041015625 0.072265625
1 0.5986328125 0.3662109375 0.029296875 0.08984375
0 0.572265625 0.513671875 0.0859375 0.2138671875
1 0.62890625 0.47265625 0.0341796875 0.068359375
0 0.50390625 0.064453125 0.021484375 0.0625
1 0.353515625 0.0283203125 0.013671875 0.04296875
0 0.44140625 0.0283203125 0.0224609375 0.0517578125
0 0.400390625 0.1650390625 0.048828125 0.1025390625
0 0.5400390625 0.0654296875 0.0576171875 0.06640625
0 0.59765625 0.2666015625 0.0263671875 0.099609375
0 0.541015625 0.1787109375 0.0615234375 0.076171875
0 0.35546875 0.30078125 0.05078125 0.1787109375
2 0.234375 0.5244140625 0.287109375 0.7265625
2 0.78515625 0.7548828125 0.255859375 0.490234375