0 0.58984375 0.19921875 0.041015625 0.08984375
1 0.1953125 0.22265625 0.017578125 0.048828125
1 0.6455078125 0.2998046875 0.01953125 0.052734375
0 0.341796875 0.0185546875 0.0146484375 0.0205078125
1 0.2109375 0.1796875 0.021484375 0.0400390625
1 0.5185546875 0.5615234375 0.0419921875 0.12109375
0 0.66796875 0.419921875 0.083984375 0.1875
0 0.546875 0.087890625 0.0283203125 0.0498046875
0 0.5361328125 0.17578125 0.0498046875 0.0791015625
0 0.4267578125 0.4482421875 0.087890625 0.2177734375
0 0.5498046875 0.2451171875 0.05859375 0.1015625
0 0.4150390625 0.1162109375 0.0380859375 0.0693359375
0 0.556640625 0.4375 0.08203125 0.15234375
0 0.3173828125 0.0517578125 0.02734375 0.0458984375
0 0.2744140625 0.138671875 0.0400390625 0.0634765625
1 0.37109375 0.0400390625 0.0107421875 0.0361328125
1 0.56640625 0.177734375 0.0205078125 0.0634765625
0 0.50390625 0.0302734375 0.0224609375 0.029296875
1 0.763671875 0.4697265625 0.02734375 0.0947265625
0 0.5244140625 0.1259765625 0.0322265625 0.0400390625
0 0.59765625 0.689453125 0.1484375 0.3818359375
1 0.60546875 0.400390625 0.029296875 0.095703125
1 0.3759765625 0.439453125 0.0390625 0.142578125
1 0.59765625 0.3134765625 0.025390625 0.076171875
0 0.48046875 0.0126953125 0.0244140625 0.025390625
1 0.84375 0.7197265625 0.0439453125 0.140625
0 0.515625 0.080078125 0.01953125 0.056640625
0 0.43359375 0.021484375 0.01953125 0.029296875
0 0.4326171875 0.0576171875 0.0322265625 0.056640625
0 0.7802734375 0.7744140625 0.169921875 0.423828125
0 0.376953125 0.2763671875 0.0732421875 0.1474609375
0 0.28125 0.8408203125 0.2177734375 0.306640625
2 0.47265625 0.087890625 0.0810546875 0.1416015625
0 0.3359375 0.0966796875 0.03515625 0.0537109375