0 0.3984375 0.1572265625 0.05078125 0.095703125
0 0.5390625 0.1044921875 0.0224609375 0.044921875
0 0.58203125 0.1787109375 0.0498046875 0.109375
0 0.591796875 0.2763671875 0.068359375 0.1357421875
0 0.52734375 0.17578125 0.044921875 0.087890625
2 0.4208984375 0.076171875 0.0458984375 0.095703125
0 0.51171875 0.0966796875 0.0302734375 0.056640625
0 0.533203125 0.06640625 0.02734375 0.044921875
0 0.44140625 0.029296875 0.0205078125 0.044921875
0 0.3671875 0.046875 0.01953125 0.0390625
2 0.2705078125 0.0537109375 0.04296875 0.046875
2 0.46875 0.041015625 0.0537109375 0.08203125
2 0.232421875 0.5244140625 0.283203125 0.732421875