1 0.7900390625 0.4619140625 0.0322265625 0.107421875
0 0.546875 0.224609375 0.0625 0.1142578125
1 0.275390625 0.1025390625 0.015625 0.0537109375
1 0.6015625 0.2685546875 0.01953125 0.056640625
0 0.4111328125 0.1181640625 0.04296875 0.080078125
1 0.5712890625 0.896484375 0.0859375 0.1982421875
0 0.50390625 0.0673828125 0.0205078125 0.0654296875
0 0.44140625 0.0302734375 0.0234375 0.0517578125
0 0.572265625 0.513671875 0.0869140625 0.212890625
0 0.5400390625 0.0625 0.0556640625 0.0615234375
0 0.38671875 0.197265625 0.0517578125 0.1142578125
2 0.783203125 0.75390625 0.26171875 0.4892578125
2 0.2353515625 0.5234375 0.2861328125 0.724609375