1 0.6064453125 0.1552734375 0.015625 0.03515625
1 0.6875 0.458984375 0.025390625 0.095703125
1 0.5927734375 0.22265625 0.015625 0.05859375
1 0.7900390625 0.46875 0.0302734375 0.095703125
1 0.607421875 0.263671875 0.0205078125 0.0732421875
0 0.5458984375 0.2265625 0.05859375 0.111328125
1 0.578125 0.1875 0.0166015625 0.0634765625
0 0.5029296875 0.0615234375 0.0263671875 0.0615234375
0 0.5400390625 0.0615234375 0.056640625 0.0615234375
0 0.4111328125 0.1142578125 0.04296875 0.076171875
0 0.44140625 0.0322265625 0.0224609375 0.0498046875
0 0.5712890625 0.513671875 0.0859375 0.212890625
0 0.6259765625 0.6962890625 0.12109375 0.3876953125
2 0.7880859375 0.7529296875 0.2431640625 0.486328125
2 0.2333984375 0.525390625 0.2861328125 0.7275390625