0 0.5234375 0.119140625 0.03125 0.0458984375
0 0.5341796875 0.18359375 0.0458984375 0.091796875
0 0.6044921875 0.2421875 0.0595703125 0.1376953125
0 0.5634765625 0.1416015625 0.041015625 0.072265625
0 0.556640625 0.4384765625 0.08203125 0.1513671875
0 0.50390625 0.015625 0.0185546875 0.029296875
0 0.4296875 0.443359375 0.0927734375 0.205078125
1 0.76171875 0.46875 0.0322265625 0.1015625
0 0.416015625 0.1142578125 0.041015625 0.0732421875
0 0.48046875 0.0126953125 0.0263671875 0.025390625
0 0.43359375 0.0224609375 0.0244140625 0.0322265625
1 0.484375 0.4599609375 0.0390625 0.1044921875
0 0.5947265625 0.6923828125 0.14453125 0.384765625
1 0.51953125 0.078125 0.0166015625 0.0498046875
1 0.609375 0.4697265625 0.025390625 0.068359375
1 0.5615234375 0.9482421875 0.07421875 0.1025390625
0 0.28125 0.8427734375 0.2177734375 0.3037109375
2 0.3818359375 0.2412109375 0.0888671875 0.22265625
2 0.4638671875 0.26953125 0.0986328125 0.2802734375
0 0.783203125 0.7763671875 0.17578125 0.421875
0 0.5546875 0.3115234375 0.0693359375 0.1357421875
2 0.4755859375 0.0732421875 0.0810546875 0.1083984375