1 0.791015625 0.46484375 0.0322265625 0.095703125
1 0.603515625 0.154296875 0.0146484375 0.0390625
1 0.6396484375 0.4775390625 0.0380859375 0.0712890625
1 0.619140625 0.14453125 0.0166015625 0.0361328125
1 0.7607421875 0.423828125 0.04296875 0.08203125
1 0.63671875 0.142578125 0.01171875 0.037109375
1 0.6044921875 0.255859375 0.0244140625 0.0947265625
0 0.552734375 0.2197265625 0.0458984375 0.095703125
1 0.6103515625 0.3515625 0.0224609375 0.080078125
0 0.5029296875 0.0615234375 0.025390625 0.068359375
0 0.44140625 0.0341796875 0.0224609375 0.0537109375
0 0.572265625 0.513671875 0.087890625 0.2099609375
0 0.412109375 0.1162109375 0.0458984375 0.091796875
2 0.5419921875 0.111328125 0.0625 0.15234375
0 0.388671875 0.1953125 0.052734375 0.1123046875
2 0.791015625 0.7578125 0.24609375 0.484375
2 0.2314453125 0.525390625 0.2861328125 0.724609375