1 0.7919921875 0.4619140625 0.03125 0.107421875
1 0.3291015625 0.0380859375 0.0087890625 0.029296875
1 0.1279296875 0.22265625 0.01953125 0.0361328125
0 0.41015625 0.1123046875 0.0419921875 0.080078125
0 0.53515625 0.25390625 0.060546875 0.1181640625
1 0.67578125 0.529296875 0.0302734375 0.119140625
1 0.3486328125 0.0244140625 0.0107421875 0.0400390625
0 0.44140625 0.0302734375 0.021484375 0.0498046875
0 0.50390625 0.0615234375 0.0224609375 0.05859375
0 0.5400390625 0.0625 0.0576171875 0.0615234375
0 0.5732421875 0.513671875 0.0888671875 0.21484375
0 0.38671875 0.1962890625 0.05078125 0.10546875
0 0.5478515625 0.181640625 0.0498046875 0.0654296875
2 0.7822265625 0.7470703125 0.26171875 0.486328125
2 0.2353515625 0.521484375 0.287109375 0.7236328125