1 0.19921875 0.2412109375 0.0205078125 0.0595703125
1 0.62109375 0.193359375 0.0107421875 0.033203125
1 0.8583984375 0.490234375 0.0283203125 0.10546875
1 0.6513671875 0.2587890625 0.0224609375 0.056640625
1 0.8076171875 0.501953125 0.0322265625 0.109375
1 0.564453125 0.1787109375 0.021484375 0.056640625
0 0.669921875 0.419921875 0.0869140625 0.1884765625
0 0.4267578125 0.4462890625 0.0888671875 0.2197265625
0 0.58984375 0.1923828125 0.041015625 0.08203125
0 0.548828125 0.236328125 0.060546875 0.0888671875
1 0.1220703125 0.2705078125 0.0234375 0.068359375
0 0.5546875 0.4384765625 0.083984375 0.16015625
1 0.7626953125 0.47265625 0.0302734375 0.1015625
1 0.37109375 0.025390625 0.0146484375 0.0400390625
1 0.1591796875 0.30078125 0.0244140625 0.0595703125
0 0.4208984375 0.099609375 0.0439453125 0.091796875
1 0.384765625 0.0224609375 0.015625 0.0400390625
1 0.60546875 0.4013671875 0.0302734375 0.0888671875
0 0.59765625 0.693359375 0.1484375 0.380859375
0 0.525390625 0.125 0.033203125 0.0390625
1 0.5166015625 0.263671875 0.021484375 0.068359375
0 0.5390625 0.0751953125 0.0283203125 0.05859375
1 0.8828125 0.9375 0.04296875 0.1162109375
2 0.4736328125 0.08984375 0.08203125 0.138671875
1 0.6484375 0.205078125 0.017578125 0.0390625
1 0.5927734375 0.263671875 0.01953125 0.05859375
0 0.2802734375 0.8408203125 0.220703125 0.306640625
0 0.4326171875 0.021484375 0.021484375 0.029296875
0 0.7802734375 0.7744140625 0.169921875 0.4267578125
2 0.3798828125 0.244140625 0.087890625 0.2275390625
0 0.4794921875 0.0126953125 0.025390625 0.025390625
0 0.50390625 0.017578125 0.02734375 0.03515625
0 0.5146484375 0.08203125 0.0205078125 0.0634765625
2 0.2919921875 0.103515625 0.09375 0.193359375