1 0.6572265625 0.4189453125 0.0205078125 0.076171875
1 0.791015625 0.47265625 0.0283203125 0.0830078125
1 0.759765625 0.4267578125 0.0400390625 0.0830078125
1 0.615234375 0.15234375 0.01171875 0.033203125
1 0.595703125 0.1298828125 0.009765625 0.0322265625
0 0.5537109375 0.22265625 0.05859375 0.1083984375
0 0.41015625 0.119140625 0.0439453125 0.0888671875
0 0.50390625 0.0615234375 0.0244140625 0.0634765625
0 0.5703125 0.513671875 0.0859375 0.2080078125
0 0.44140625 0.0322265625 0.0244140625 0.0517578125
0 0.541015625 0.0634765625 0.0576171875 0.0625
0 0.3876953125 0.1943359375 0.052734375 0.111328125
2 0.2314453125 0.5224609375 0.2841796875 0.720703125
2 0.798828125 0.75 0.2265625 0.474609375