1 0.6044921875 0.326171875 0.0205078125 0.0654296875
1 0.6201171875 0.208984375 0.015625 0.056640625
1 0.5859375 0.1240234375 0.01171875 0.033203125
1 0.7900390625 0.4677734375 0.029296875 0.0947265625
0 0.55078125 0.2109375 0.0419921875 0.080078125
1 0.623046875 0.4375 0.0283203125 0.091796875
0 0.5029296875 0.0615234375 0.0244140625 0.05859375
0 0.4150390625 0.0986328125 0.04296875 0.080078125
0 0.5361328125 0.287109375 0.05859375 0.09765625
0 0.44140625 0.0341796875 0.0224609375 0.0517578125
0 0.552734375 0.3974609375 0.0732421875 0.177734375
0 0.5400390625 0.0615234375 0.056640625 0.0625
0 0.3857421875 0.01953125 0.015625 0.033203125
0 0.3876953125 0.197265625 0.0537109375 0.1142578125
2 0.234375 0.525390625 0.2890625 0.7275390625