0 0.5048828125 0.0205078125 0.0205078125 0.0322265625
0 0.537109375 0.1826171875 0.0537109375 0.08984375
0 0.556640625 0.3056640625 0.0751953125 0.15234375
1 0.59375 0.2998046875 0.0205078125 0.080078125
0 0.556640625 0.443359375 0.0830078125 0.1513671875
0 0.41796875 0.1103515625 0.04296875 0.068359375
1 0.623046875 0.26953125 0.021484375 0.078125
0 0.431640625 0.4365234375 0.099609375 0.201171875
1 0.7607421875 0.4697265625 0.0322265625 0.10546875
0 0.5234375 0.1220703125 0.03125 0.044921875
0 0.4794921875 0.0126953125 0.0244140625 0.025390625
1 0.544921875 0.1142578125 0.0185546875 0.0537109375
1 0.62109375 0.4384765625 0.04296875 0.0859375
0 0.345703125 0.037109375 0.0263671875 0.0595703125
0 0.43359375 0.021484375 0.0244140625 0.0322265625
1 0.5224609375 0.5576171875 0.0517578125 0.140625
1 0.84375 0.701171875 0.0390625 0.1474609375
0 0.5400390625 0.0244140625 0.01953125 0.0322265625
0 0.595703125 0.6943359375 0.146484375 0.3837890625
0 0.705078125 0.5 0.115234375 0.1669921875
1 0.486328125 0.431640625 0.02734375 0.087890625
1 0.68359375 0.677734375 0.0458984375 0.158203125
0 0.4326171875 0.0537109375 0.03125 0.0498046875
1 0.583984375 0.1865234375 0.017578125 0.04296875
0 0.2822265625 0.841796875 0.21484375 0.3056640625
0 0.77734375 0.775390625 0.169921875 0.41796875
2 0.380859375 0.232421875 0.08984375 0.2392578125
2 0.474609375 0.0830078125 0.078125 0.125