1 0.5361328125 0.2724609375 0.021484375 0.0986328125
1 0.5185546875 0.9150390625 0.0595703125 0.1640625
1 0.5693359375 0.2529296875 0.01953125 0.05859375
1 0.59375 0.7236328125 0.0517578125 0.171875
0 0.4189453125 0.125 0.04296875 0.1083984375
1 0.6337890625 0.37890625 0.0341796875 0.1015625
1 0.634765625 0.318359375 0.0234375 0.0517578125
0 0.3662109375 0.0625 0.01953125 0.046875
0 0.43359375 0.0263671875 0.0244140625 0.0361328125
0 0.48828125 0.015625 0.01953125 0.025390625
0 0.51171875 0.0205078125 0.01953125 0.025390625
0 0.2607421875 0.1884765625 0.060546875 0.1044921875
1 0.521484375 0.1884765625 0.025390625 0.1083984375
1 0.5556640625 0.19921875 0.017578125 0.0537109375
1 0.59375 0.302734375 0.0263671875 0.0859375
1 0.6787109375 0.4384765625 0.0478515625 0.0888671875
0 0.5791015625 0.4462890625 0.095703125 0.224609375
0 0.7080078125 0.6669921875 0.1318359375 0.375
1 0.5283203125 0.7314453125 0.05078125 0.0849609375
0 0.427734375 0.44921875 0.0986328125 0.21484375
0 0.259765625 0.0634765625 0.033203125 0.0322265625
0 0.55078125 0.1044921875 0.029296875 0.072265625
0 0.296875 0.130859375 0.06640625 0.087890625
0 0.2861328125 0.068359375 0.0234375 0.0302734375
0 0.3359375 0.08984375 0.0380859375 0.0654296875
2 0.357421875 0.0205078125 0.025390625 0.0390625
0 0.42578125 0.0703125 0.0263671875 0.037109375
1 0.5263671875 0.1162109375 0.0185546875 0.0537109375
0 0.2822265625 0.83984375 0.2158203125 0.30859375
2 0.400390625 0.017578125 0.0185546875 0.033203125
0 0.23046875 0.0595703125 0.0224609375 0.033203125
2 0.4775390625 0.08984375 0.0849609375 0.142578125
0 0.5234375 0.0546875 0.025390625 0.0400390625