1 0.7529296875 0.5390625 0.0341796875 0.05859375
1 0.623046875 0.2822265625 0.0205078125 0.0634765625
1 0.568359375 0.1845703125 0.021484375 0.046875
1 0.62109375 0.2080078125 0.015625 0.0498046875
1 0.7265625 0.482421875 0.0263671875 0.1025390625
0 0.5546875 0.4443359375 0.0859375 0.177734375
0 0.5478515625 0.251953125 0.0595703125 0.107421875
1 0.5205078125 0.5625 0.046875 0.130859375
1 0.59375 0.2900390625 0.0224609375 0.0615234375
0 0.4169921875 0.1142578125 0.04296875 0.068359375
0 0.4287109375 0.4462890625 0.09765625 0.2177734375
0 0.671875 0.431640625 0.0947265625 0.203125
1 0.88671875 0.9287109375 0.05078125 0.1357421875
1 0.5546875 0.9609375 0.0615234375 0.0751953125
1 0.763671875 0.474609375 0.02734375 0.1044921875
0 0.3056640625 0.0908203125 0.0400390625 0.068359375
1 0.708984375 0.5859375 0.029296875 0.080078125
1 0.61328125 0.4033203125 0.046875 0.1259765625
0 0.43359375 0.025390625 0.0263671875 0.03515625
0 0.3818359375 0.0185546875 0.0185546875 0.037109375
1 0.517578125 0.2109375 0.0234375 0.091796875
1 0.8818359375 0.7744140625 0.04296875 0.095703125
1 0.62109375 0.1630859375 0.013671875 0.04296875
0 0.515625 0.083984375 0.01953125 0.0654296875
0 0.5966796875 0.6904296875 0.1494140625 0.388671875
0 0.283203125 0.8388671875 0.21484375 0.30859375
0 0.5244140625 0.1240234375 0.0302734375 0.037109375
2 0.3818359375 0.24609375 0.087890625 0.2099609375
0 0.77734375 0.771484375 0.1669921875 0.41796875
0 0.5048828125 0.015625 0.03125 0.0302734375
0 0.48046875 0.0126953125 0.02734375 0.025390625