0 0.6455078125 0.3544921875 0.0859375 0.1943359375
0 0.5556640625 0.4375 0.0859375 0.1640625
0 0.5341796875 0.1708984375 0.0478515625 0.0751953125
1 0.7607421875 0.4658203125 0.03515625 0.1123046875
0 0.4287109375 0.4443359375 0.09375 0.2109375
0 0.5263671875 0.1220703125 0.03515625 0.046875
0 0.4169921875 0.115234375 0.0419921875 0.072265625
1 0.59765625 0.244140625 0.041015625 0.1083984375
0 0.5498046875 0.2392578125 0.0615234375 0.091796875
1 0.5205078125 0.5625 0.044921875 0.1337890625
1 0.4365234375 0.923828125 0.0693359375 0.1416015625
0 0.5234375 0.0302734375 0.01953125 0.0302734375
0 0.498046875 0.017578125 0.03125 0.03515625
0 0.2822265625 0.83984375 0.2177734375 0.306640625
1 0.56640625 0.171875 0.01953125 0.044921875
0 0.4453125 0.015625 0.02734375 0.03125
1 0.583984375 0.18359375 0.0185546875 0.05859375
0 0.5986328125 0.693359375 0.150390625 0.3974609375
0 0.43359375 0.0517578125 0.033203125 0.046875
0 0.779296875 0.77734375 0.166015625 0.41796875
2 0.3818359375 0.240234375 0.0869140625 0.22265625