0 0.53515625 0.31640625 0.0673828125 0.150390625
0 0.37890625 0.2197265625 0.05859375 0.111328125
0 0.412109375 0.107421875 0.041015625 0.0712890625
0 0.50390625 0.0576171875 0.0234375 0.0595703125
0 0.44921875 0.3330078125 0.0791015625 0.1640625
0 0.44140625 0.02734375 0.0224609375 0.046875
1 0.763671875 0.783203125 0.046875 0.169921875
2 0.541015625 0.087890625 0.060546875 0.1123046875
1 0.630859375 0.5244140625 0.0400390625 0.134765625
1 0.828125 0.6982421875 0.0439453125 0.0927734375
0 0.349609375 0.02734375 0.021484375 0.04296875
1 0.228515625 0.1962890625 0.01953125 0.052734375
0 0.5908203125 0.64453125 0.1142578125 0.27734375
1 0.8583984375 0.91796875 0.048828125 0.1416015625
1 0.3603515625 0.0732421875 0.01171875 0.044921875
0 0.3212890625 0.357421875 0.0888671875 0.15234375
0 0.2392578125 0.576171875 0.14453125 0.302734375
1 0.7451171875 0.6474609375 0.04296875 0.1044921875
2 0.470703125 0.19140625 0.07421875 0.1806640625
0 0.541015625 0.177734375 0.060546875 0.078125
2 0.40234375 0.009765625 0.0146484375 0.01953125