0 0.5400390625 0.234375 0.0595703125 0.109375
0 0.404296875 0.1455078125 0.044921875 0.0830078125
0 0.5341796875 0.1552734375 0.0478515625 0.087890625
0 0.4580078125 0.1591796875 0.04296875 0.0791015625
2 0.5234375 0.052734375 0.0322265625 0.078125
0 0.5 0.013671875 0.0205078125 0.02734375
2 0.4306640625 0.462890625 0.1435546875 0.4384765625
0 0.6015625 0.328125 0.0732421875 0.1572265625
0 0.4326171875 0.05859375 0.029296875 0.0791015625
0 0.466796875 0.08984375 0.0322265625 0.068359375
0 0.3544921875 0.29296875 0.072265625 0.14453125
0 0.2568359375 0.5615234375 0.1484375 0.3232421875
0 0.44921875 0.033203125 0.01953125 0.046875
0 0.1484375 0.8349609375 0.1357421875 0.3212890625
0 0.3720703125 0.021484375 0.0224609375 0.0400390625
0 0.39453125 0.84765625 0.193359375 0.2958984375