1 0.53125 0.3134765625 0.021484375 0.0830078125
1 0.591796875 0.3828125 0.03125 0.0927734375
0 0.1181640625 0.365234375 0.0751953125 0.169921875
1 0.7216796875 0.52734375 0.037109375 0.1044921875
1 0.54296875 0.69140625 0.05078125 0.158203125
1 0.5283203125 0.2509765625 0.0205078125 0.072265625
1 0.75390625 0.6572265625 0.0517578125 0.1474609375
0 0.3642578125 0.048828125 0.01953125 0.0361328125
0 0.3828125 0.0390625 0.0185546875 0.044921875
1 0.5546875 0.46875 0.029296875 0.107421875
0 0.3115234375 0.0634765625 0.025390625 0.037109375
1 0.5498046875 0.2900390625 0.0244140625 0.08203125
1 0.5791015625 0.2353515625 0.01953125 0.056640625
0 0.4169921875 0.1201171875 0.0380859375 0.0732421875
0 0.490234375 0.0166015625 0.0185546875 0.01953125
1 0.80859375 0.91015625 0.07421875 0.177734375
0 0.607421875 0.267578125 0.0576171875 0.154296875
0 0.427734375 0.4482421875 0.09765625 0.21484375
1 0.6484375 0.52734375 0.0341796875 0.1044921875
1 0.5283203125 0.18359375 0.0205078125 0.076171875
0 0.43359375 0.0224609375 0.0205078125 0.029296875
1 0.8271484375 0.67578125 0.0546875 0.154296875
0 0.5126953125 0.025390625 0.0205078125 0.033203125
0 0.3486328125 0.0830078125 0.0341796875 0.0595703125
0 0.2822265625 0.0537109375 0.01953125 0.0322265625
0 0.2783203125 0.8427734375 0.21875 0.3037109375
1 0.6103515625 0.5615234375 0.04296875 0.087890625
0 0.435546875 0.0556640625 0.0283203125 0.046875
0 0.314453125 0.1142578125 0.0390625 0.0732421875
2 0.3818359375 0.2587890625 0.08984375 0.23046875
2 0.474609375 0.10546875 0.0859375 0.1865234375
0 0.6357421875 0.796875 0.1689453125 0.384765625