1 0.28515625 0.173828125 0.013671875 0.04296875
0 0.345703125 0.0302734375 0.01953125 0.037109375
1 0.3017578125 0.1396484375 0.01171875 0.0595703125
1 0.7177734375 0.515625 0.0390625 0.119140625
1 0.3251953125 0.0712890625 0.01171875 0.0390625
1 0.32421875 0.1787109375 0.017578125 0.044921875
1 0.125 0.2392578125 0.01953125 0.052734375
0 0.3798828125 0.03515625 0.021484375 0.0400390625
0 0.53515625 0.19140625 0.048828125 0.1044921875
0 0.4150390625 0.1201171875 0.0390625 0.0732421875
1 0.349609375 0.07421875 0.0146484375 0.037109375
1 0.2275390625 0.1806640625 0.0166015625 0.0498046875
1 0.345703125 0.1162109375 0.0126953125 0.0419921875
0 0.5849609375 0.318359375 0.0673828125 0.14453125
1 0.306640625 0.0634765625 0.009765625 0.033203125
1 0.8486328125 0.6904296875 0.06640625 0.169921875
1 0.3212890625 0.125 0.0126953125 0.0419921875
0 0.4287109375 0.4482421875 0.0986328125 0.2177734375
2 0.55078125 0.09765625 0.048828125 0.140625
1 0.32421875 0.23828125 0.0322265625 0.0458984375
1 0.5419921875 0.3720703125 0.025390625 0.1025390625
0 0.478515625 0.0126953125 0.0244140625 0.025390625
0 0.435546875 0.0556640625 0.02734375 0.046875
0 0.123046875 0.359375 0.0859375 0.1513671875
2 0.28515625 0.0966796875 0.03515625 0.0654296875
0 0.396484375 0.017578125 0.013671875 0.029296875
1 0.3505859375 0.15625 0.0166015625 0.0458984375
2 0.4755859375 0.0927734375 0.083984375 0.154296875
1 0.2841796875 0.265625 0.0419921875 0.0419921875
2 0.25 0.541015625 0.2509765625 0.5458984375
0 0.50390625 0.0166015625 0.0205078125 0.033203125
2 0.3818359375 0.244140625 0.091796875 0.2197265625
0 0.4462890625 0.015625 0.0234375 0.02734375
0 0.59375 0.625 0.1220703125 0.3388671875
2 0.2578125 0.08984375 0.0283203125 0.0615234375
2 0.19921875 0.140625 0.068359375 0.1162109375