1 0.349609375 0.109375 0.01171875 0.0361328125
1 0.287109375 0.1298828125 0.01171875 0.037109375
1 0.1923828125 0.259765625 0.01953125 0.0498046875
1 0.2666015625 0.12890625 0.013671875 0.0390625
1 0.3251953125 0.1787109375 0.0166015625 0.0390625
1 0.7421875 0.326171875 0.01953125 0.05859375
1 0.2880859375 0.080078125 0.017578125 0.0419921875
1 0.3671875 0.0537109375 0.01171875 0.03515625
0 0.58984375 0.1943359375 0.0419921875 0.091796875
0 0.53515625 0.1767578125 0.048828125 0.080078125
0 0.5498046875 0.24609375 0.0615234375 0.1025390625
0 0.4150390625 0.1142578125 0.03515625 0.072265625
1 0.3994140625 0.0263671875 0.0087890625 0.033203125
0 0.5390625 0.056640625 0.0234375 0.0322265625
0 0.556640625 0.44140625 0.0830078125 0.162109375
1 0.3125 0.0732421875 0.0166015625 0.0361328125
0 0.66796875 0.421875 0.0849609375 0.1875
0 0.5244140625 0.1279296875 0.03125 0.0390625
0 0.4267578125 0.4423828125 0.0869140625 0.212890625
1 0.169921875 0.236328125 0.0185546875 0.048828125
1 0.2275390625 0.1591796875 0.01953125 0.048828125
1 0.3369140625 0.1025390625 0.01171875 0.037109375
1 0.80859375 0.5 0.03515625 0.1162109375
0 0.43359375 0.0263671875 0.0244140625 0.033203125
1 0.8876953125 0.9208984375 0.05078125 0.15234375
0 0.595703125 0.693359375 0.1455078125 0.388671875
1 0.59375 0.2939453125 0.01953125 0.056640625
1 0.564453125 0.1826171875 0.01953125 0.056640625
1 0.59375 0.13671875 0.033203125 0.04296875
1 0.6103515625 0.4091796875 0.04296875 0.12109375
1 0.759765625 0.4765625 0.0322265625 0.111328125
1 0.712890625 0.5009765625 0.029296875 0.095703125
1 0.412109375 0.0107421875 0.0068359375 0.0205078125
0 0.779296875 0.7724609375 0.16796875 0.4267578125
2 0.3828125 0.244140625 0.0859375 0.2099609375
0 0.515625 0.0830078125 0.01953125 0.0595703125
0 0.28125 0.8408203125 0.2158203125 0.306640625
0 0.50390625 0.017578125 0.025390625 0.033203125
0 0.6298828125 0.171875 0.02734375 0.0615234375
2 0.47265625 0.083984375 0.08203125 0.1376953125
0 0.48046875 0.0126953125 0.0244140625 0.025390625
2 0.3486328125 0.0263671875 0.0283203125 0.0419921875