1 0.6328125 0.587890625 0.044921875 0.14453125
1 0.5849609375 0.705078125 0.0537109375 0.173828125
2 0.3740234375 0.0537109375 0.0283203125 0.048828125
1 0.572265625 0.197265625 0.0224609375 0.078125
0 0.4794921875 0.01171875 0.0205078125 0.0234375
0 0.322265625 0.0634765625 0.0244140625 0.044921875
0 0.4189453125 0.1015625 0.04296875 0.099609375
1 0.611328125 0.2412109375 0.0166015625 0.046875
1 0.1279296875 0.2216796875 0.017578125 0.04296875
0 0.5126953125 0.015625 0.0185546875 0.0302734375
0 0.2607421875 0.09765625 0.0341796875 0.04296875
2 0.763671875 0.5126953125 0.1767578125 0.39453125
0 0.2646484375 0.1787109375 0.056640625 0.109375
0 0.533203125 0.125 0.0322265625 0.0693359375
1 0.216796875 0.201171875 0.0185546875 0.048828125
0 0.4267578125 0.4443359375 0.0908203125 0.2080078125
0 0.11328125 0.30078125 0.05859375 0.134765625
0 0.349609375 0.0244140625 0.0205078125 0.037109375
1 0.37109375 0.4482421875 0.0322265625 0.1337890625
0 0.4462890625 0.015625 0.0244140625 0.029296875
0 0.619140625 0.3330078125 0.0673828125 0.1513671875
1 0.1640625 0.220703125 0.015625 0.046875
1 0.5126953125 0.162109375 0.0107421875 0.0419921875
2 0.3828125 0.2392578125 0.08984375 0.2177734375
0 0.2822265625 0.8408203125 0.21484375 0.306640625
2 0.4736328125 0.09375 0.0830078125 0.1484375
0 0.3388671875 0.09765625 0.0283203125 0.0595703125
2 0.2734375 0.0517578125 0.037109375 0.048828125