0 0.509765625 0.0849609375 0.0341796875 0.048828125
1 0.53515625 0.0810546875 0.0224609375 0.0537109375
0 0.251953125 0.5732421875 0.1337890625 0.3037109375
0 0.46875 0.0205078125 0.0234375 0.0263671875
0 0.4345703125 0.2744140625 0.0791015625 0.1181640625
0 0.3974609375 0.1591796875 0.04296875 0.1044921875
0 0.33203125 0.0732421875 0.033203125 0.0625
0 0.4462890625 0.015625 0.029296875 0.029296875
0 0.4951171875 0.146484375 0.03515625 0.095703125
0 0.4091796875 0.09765625 0.0185546875 0.0390625
0 0.3095703125 0.376953125 0.099609375 0.232421875
0 0.1611328125 0.80078125 0.1630859375 0.390625
0 0.5 0.0205078125 0.0283203125 0.0400390625
2 0.2705078125 0.09375 0.04296875 0.0517578125
2 0.5625 0.310546875 0.1279296875 0.4013671875
2 0.443359375 0.59765625 0.21875 0.546875