1 0.609375 0.28125 0.01953125 0.0595703125
1 0.6328125 0.3564453125 0.021484375 0.0732421875
1 0.595703125 0.1650390625 0.017578125 0.0419921875
1 0.33984375 0.0732421875 0.0166015625 0.0615234375
1 0.7099609375 0.474609375 0.0224609375 0.068359375
1 0.5986328125 0.2314453125 0.02734375 0.0712890625
1 0.6259765625 0.140625 0.015625 0.037109375
1 0.61328125 0.1455078125 0.013671875 0.0361328125
0 0.5537109375 0.2265625 0.05078125 0.111328125
1 0.3173828125 0.0703125 0.0234375 0.056640625
1 0.7900390625 0.466796875 0.0302734375 0.099609375
0 0.4111328125 0.111328125 0.04296875 0.08203125
0 0.5712890625 0.513671875 0.087890625 0.2138671875
0 0.3857421875 0.193359375 0.0478515625 0.107421875
0 0.50390625 0.05859375 0.0224609375 0.05859375
0 0.44140625 0.03125 0.0224609375 0.0517578125
2 0.5400390625 0.1044921875 0.0615234375 0.1416015625
2 0.2314453125 0.5263671875 0.28515625 0.73046875