0 0.5556640625 0.44140625 0.0849609375 0.16796875
0 0.5322265625 0.056640625 0.0244140625 0.044921875
0 0.671875 0.4443359375 0.087890625 0.224609375
1 0.76171875 0.47265625 0.03125 0.09765625
0 0.5498046875 0.23828125 0.05859375 0.08984375
1 0.61328125 0.3798828125 0.033203125 0.1044921875
0 0.4296875 0.447265625 0.1015625 0.2197265625
0 0.53515625 0.173828125 0.044921875 0.080078125
1 0.814453125 0.5361328125 0.0341796875 0.1025390625
1 0.611328125 0.4775390625 0.0361328125 0.0712890625
0 0.59765625 0.6923828125 0.1455078125 0.3876953125
0 0.4189453125 0.09765625 0.04296875 0.080078125
2 0.2509765625 0.5419921875 0.2529296875 0.544921875
1 0.66015625 0.5634765625 0.0458984375 0.10546875
0 0.5234375 0.12109375 0.029296875 0.044921875
0 0.43359375 0.025390625 0.0244140625 0.0302734375
1 0.6005859375 0.2548828125 0.03515625 0.087890625
1 0.6318359375 0.29296875 0.01953125 0.0634765625
1 0.5498046875 0.94921875 0.0654296875 0.1015625
1 0.5791015625 0.16796875 0.0205078125 0.0634765625
2 0.4736328125 0.0830078125 0.08203125 0.1357421875
0 0.7783203125 0.7724609375 0.1689453125 0.4140625
0 0.50390625 0.02734375 0.017578125 0.0224609375
0 0.48046875 0.0126953125 0.025390625 0.025390625
2 0.3818359375 0.23828125 0.091796875 0.24609375