0 0.537109375 0.06640625 0.0244140625 0.0419921875
0 0.5166015625 0.01953125 0.021484375 0.0361328125
1 0.349609375 0.0361328125 0.01171875 0.0361328125
1 0.55859375 0.197265625 0.0234375 0.0859375
1 0.361328125 0.03515625 0.0126953125 0.0419921875
0 0.529296875 0.1298828125 0.0341796875 0.0654296875
2 0.75390625 0.50390625 0.1943359375 0.453125
0 0.41796875 0.111328125 0.044921875 0.0927734375
0 0.478515625 0.01171875 0.0224609375 0.0234375
1 0.5732421875 0.4072265625 0.0234375 0.056640625
0 0.4296875 0.443359375 0.0927734375 0.2080078125
1 0.63671875 0.4384765625 0.0263671875 0.091796875
1 0.3212890625 0.052734375 0.01171875 0.033203125
1 0.3076171875 0.0419921875 0.0107421875 0.0302734375
0 0.4072265625 0.0166015625 0.017578125 0.033203125
0 0.43359375 0.0185546875 0.017578125 0.029296875
1 0.5703125 0.140625 0.0322265625 0.044921875
0 0.49609375 0.01171875 0.0185546875 0.0234375
0 0.4345703125 0.0517578125 0.02734375 0.0458984375
0 0.5849609375 0.5927734375 0.126953125 0.3251953125
1 0.541015625 0.95703125 0.0615234375 0.0830078125
2 0.474609375 0.0888671875 0.08203125 0.14453125
0 0.2822265625 0.8408203125 0.2158203125 0.306640625
2 0.3818359375 0.2431640625 0.0888671875 0.22265625