1 0.5234375 0.1962890625 0.021484375 0.06640625
0 0.57421875 0.1630859375 0.0380859375 0.0732421875
0 0.2802734375 0.162109375 0.05078125 0.0791015625
1 0.611328125 0.255859375 0.0166015625 0.0615234375
1 0.62109375 0.5146484375 0.0361328125 0.107421875
1 0.6796875 0.4580078125 0.0361328125 0.099609375
1 0.6328125 0.330078125 0.025390625 0.08203125
1 0.224609375 0.2041015625 0.017578125 0.052734375
0 0.5234375 0.1240234375 0.03125 0.0712890625
0 0.525390625 0.0302734375 0.0244140625 0.046875
0 0.43359375 0.0205078125 0.0224609375 0.033203125
1 0.548828125 0.357421875 0.02734375 0.0830078125
1 0.525390625 0.3955078125 0.025390625 0.109375
0 0.341796875 0.0302734375 0.0166015625 0.048828125
1 0.5830078125 0.4052734375 0.0302734375 0.095703125
1 0.646484375 0.3857421875 0.021484375 0.0712890625
1 0.537109375 0.7451171875 0.0576171875 0.1904296875
0 0.326171875 0.1025390625 0.0478515625 0.0849609375
1 0.55859375 0.2314453125 0.0224609375 0.0625
0 0.1279296875 0.2822265625 0.083984375 0.1220703125
1 0.6396484375 0.7490234375 0.060546875 0.162109375
1 0.5546875 0.4619140625 0.0322265625 0.107421875
1 0.55078125 0.1640625 0.0166015625 0.052734375
0 0.41796875 0.119140625 0.0439453125 0.0830078125
1 0.7470703125 0.568359375 0.0419921875 0.109375
1 0.38671875 0.392578125 0.03515625 0.1181640625
1 0.8681640625 0.724609375 0.060546875 0.169921875
1 0.5849609375 0.2470703125 0.0185546875 0.05859375
1 0.5927734375 0.669921875 0.048828125 0.158203125
0 0.484375 0.013671875 0.0283203125 0.02734375
1 0.7841796875 0.712890625 0.05859375 0.169921875
1 0.4892578125 0.923828125 0.0634765625 0.142578125
1 0.595703125 0.3310546875 0.0205078125 0.0654296875
0 0.4140625 0.013671875 0.017578125 0.0263671875
0 0.3623046875 0.03125 0.0224609375 0.0537109375
2 0.3818359375 0.2470703125 0.0869140625 0.2138671875
0 0.2724609375 0.1025390625 0.03515625 0.05859375
1 0.72265625 0.72265625 0.0517578125 0.150390625
2 0.248046875 0.533203125 0.2529296875 0.55859375
1 0.185546875 0.193359375 0.021484375 0.0556640625
0 0.43359375 0.0576171875 0.033203125 0.0537109375
0 0.39453125 0.0263671875 0.029296875 0.044921875
2 0.46484375 0.2333984375 0.1005859375 0.4248046875