1 0.7646484375 0.474609375 0.02734375 0.095703125
1 0.7392578125 0.5048828125 0.02734375 0.087890625
0 0.5556640625 0.4404296875 0.08203125 0.169921875
0 0.57421875 0.1669921875 0.0380859375 0.076171875
0 0.546875 0.232421875 0.05859375 0.078125
1 0.8603515625 0.4541015625 0.0244140625 0.091796875
0 0.416015625 0.1142578125 0.0390625 0.06640625
0 0.671875 0.4287109375 0.0908203125 0.2080078125
0 0.427734375 0.4482421875 0.09375 0.220703125
1 0.810546875 0.494140625 0.02734375 0.078125
1 0.607421875 0.3974609375 0.03515625 0.095703125
0 0.5234375 0.1279296875 0.029296875 0.0390625
1 0.517578125 0.5634765625 0.0419921875 0.125
1 0.87890625 0.7646484375 0.0439453125 0.0927734375
0 0.43359375 0.02734375 0.025390625 0.0361328125
1 0.68359375 0.677734375 0.052734375 0.15234375
0 0.5986328125 0.6943359375 0.14453125 0.3837890625
1 0.7958984375 0.55859375 0.03515625 0.0732421875
1 0.5517578125 0.9482421875 0.06640625 0.09765625
0 0.283203125 0.83984375 0.2109375 0.306640625
0 0.515625 0.0869140625 0.0185546875 0.068359375
0 0.78125 0.775390625 0.1708984375 0.41796875
0 0.5107421875 0.017578125 0.02734375 0.03515625
2 0.37890625 0.24609375 0.0869140625 0.224609375
2 0.4736328125 0.0859375 0.0830078125 0.1357421875
0 0.400390625 0.0107421875 0.017578125 0.0205078125
0 0.48046875 0.0126953125 0.025390625 0.025390625