1 0.791015625 0.462890625 0.03125 0.1015625
0 0.5400390625 0.0634765625 0.056640625 0.0654296875
0 0.412109375 0.1181640625 0.041015625 0.0830078125
1 0.33984375 0.0224609375 0.0107421875 0.029296875
0 0.44140625 0.0361328125 0.0234375 0.0615234375
0 0.53125 0.2412109375 0.0537109375 0.09765625
0 0.501953125 0.05859375 0.02734375 0.0625
0 0.2626953125 0.0859375 0.0361328125 0.0615234375
0 0.572265625 0.5126953125 0.087890625 0.2138671875
0 0.38671875 0.19921875 0.05078125 0.115234375
2 0.41015625 0.013671875 0.0244140625 0.0263671875
0 0.16015625 0.2275390625 0.0380859375 0.072265625
2 0.7822265625 0.7529296875 0.263671875 0.4912109375
2 0.234375 0.5234375 0.29296875 0.724609375
2 0.3173828125 0.0283203125 0.0302734375 0.0537109375