1 0.60546875 0.263671875 0.01953125 0.0693359375
1 0.7919921875 0.4609375 0.0380859375 0.1083984375
0 0.53515625 0.2490234375 0.05859375 0.109375
1 0.7529296875 0.423828125 0.02734375 0.076171875
1 0.3515625 0.0830078125 0.009765625 0.0361328125
0 0.50390625 0.0654296875 0.0244140625 0.06640625
1 0.6318359375 0.140625 0.025390625 0.044921875
0 0.5458984375 0.1787109375 0.0458984375 0.0615234375
0 0.4111328125 0.1142578125 0.04296875 0.080078125
0 0.5712890625 0.51171875 0.083984375 0.2099609375
0 0.3876953125 0.193359375 0.0498046875 0.107421875
0 0.44140625 0.033203125 0.0224609375 0.052734375
0 0.5400390625 0.0673828125 0.0576171875 0.0712890625
2 0.2353515625 0.5263671875 0.2919921875 0.724609375