0 0.5283203125 0.072265625 0.0361328125 0.06640625
0 0.5283203125 0.1259765625 0.0419921875 0.056640625
0 0.556640625 0.306640625 0.0732421875 0.154296875
0 0.427734375 0.4287109375 0.0849609375 0.1767578125
0 0.556640625 0.4345703125 0.08203125 0.1474609375
1 0.48046875 0.443359375 0.03515625 0.0986328125
0 0.5751953125 0.173828125 0.048828125 0.0947265625
1 0.7607421875 0.466796875 0.03515625 0.111328125
0 0.53515625 0.19140625 0.05078125 0.107421875
1 0.6005859375 0.2587890625 0.017578125 0.0625
0 0.642578125 0.349609375 0.0869140625 0.1982421875
1 0.875 0.921875 0.041015625 0.14453125
1 0.6044921875 0.4775390625 0.0263671875 0.056640625
1 0.5146484375 0.572265625 0.0419921875 0.111328125
0 0.416015625 0.115234375 0.0419921875 0.0693359375
0 0.43359375 0.0224609375 0.0244140625 0.033203125
0 0.5048828125 0.01953125 0.01953125 0.0302734375
1 0.3271484375 0.2158203125 0.02734375 0.08203125
0 0.4365234375 0.625 0.13671875 0.3447265625
0 0.4794921875 0.01171875 0.0224609375 0.0234375
1 0.6943359375 0.7041015625 0.033203125 0.1025390625
0 0.59375 0.6923828125 0.146484375 0.384765625
2 0.2451171875 0.546875 0.2509765625 0.53515625
1 0.6669921875 0.6044921875 0.0380859375 0.1416015625
0 0.783203125 0.77734375 0.173828125 0.419921875
2 0.3818359375 0.232421875 0.0888671875 0.236328125