0 0.5087890625 0.0634765625 0.0244140625 0.0361328125
1 0.599609375 0.26953125 0.02734375 0.10546875
1 0.5546875 0.142578125 0.021484375 0.0615234375
1 0.55859375 0.1923828125 0.021484375 0.0517578125
0 0.392578125 0.1669921875 0.0498046875 0.0859375
0 0.5 0.154296875 0.0390625 0.078125
0 0.5283203125 0.2294921875 0.05078125 0.1240234375
0 0.5634765625 0.3017578125 0.0615234375 0.1455078125
1 0.5361328125 0.0732421875 0.0087890625 0.03515625
1 0.5595703125 0.462890625 0.0322265625 0.119140625
1 0.6435546875 0.4375 0.021484375 0.080078125
0 0.4228515625 0.0849609375 0.0400390625 0.0791015625
0 0.4697265625 0.087890625 0.02734375 0.06640625
1 0.8203125 0.89453125 0.056640625 0.203125
1 0.6875 0.5703125 0.0361328125 0.140625
1 0.6044921875 0.2001953125 0.013671875 0.044921875
1 0.7373046875 0.6845703125 0.0517578125 0.14453125
1 0.6279296875 0.3681640625 0.0234375 0.0693359375
1 0.73828125 0.8857421875 0.060546875 0.216796875
0 0.447265625 0.0205078125 0.0234375 0.0361328125
1 0.580078125 0.2158203125 0.01953125 0.056640625
1 0.6318359375 0.2685546875 0.01953125 0.0458984375
1 0.7333984375 0.5126953125 0.0380859375 0.0751953125
1 0.486328125 0.228515625 0.01953125 0.056640625
0 0.50390625 0.0185546875 0.0263671875 0.037109375
0 0.62109375 0.6064453125 0.11328125 0.2626953125
0 0.50390625 0.439453125 0.033203125 0.259765625
2 0.3291015625 0.052734375 0.037109375 0.0859375
2 0.43359375 0.2216796875 0.0634765625 0.0595703125
2 0.46875 0.03125 0.0302734375 0.0625