0 0.5146484375 0.13671875 0.03125 0.076171875
0 0.5859375 0.19921875 0.04296875 0.0595703125
0 0.54296875 0.12890625 0.0341796875 0.0615234375
0 0.515625 0.0625 0.02734375 0.046875
0 0.412109375 0.1142578125 0.041015625 0.0830078125
0 0.5771484375 0.3076171875 0.06640625 0.134765625
0 0.44140625 0.029296875 0.021484375 0.046875
0 0.5498046875 0.4482421875 0.0595703125 0.2275390625
0 0.3896484375 0.189453125 0.052734375 0.1044921875
0 0.3662109375 0.0478515625 0.0205078125 0.04296875
0 0.248046875 0.142578125 0.04296875 0.0556640625
0 0.63671875 0.462890625 0.0888671875 0.1865234375
0 0.5498046875 0.1796875 0.0341796875 0.0625
0 0.4111328125 0.0146484375 0.021484375 0.029296875
0 0.46484375 0.2109375 0.0625 0.10546875
0 0.2783203125 0.08984375 0.0322265625 0.068359375
2 0.34765625 0.021484375 0.0244140625 0.037109375
2 0.234375 0.51953125 0.287109375 0.72265625
2 0.46875 0.068359375 0.0712890625 0.1337890625