0 0.4755859375 0.12109375 0.0390625 0.0751953125
2 0.45703125 0.0283203125 0.033203125 0.056640625
0 0.5224609375 0.048828125 0.01953125 0.0419921875
0 0.443359375 0.1865234375 0.046875 0.1044921875
0 0.37890625 0.212890625 0.0556640625 0.1220703125
2 0.4326171875 0.078125 0.05078125 0.12109375
0 0.4853515625 0.037109375 0.0224609375 0.0498046875
0 0.5400390625 0.158203125 0.04296875 0.1025390625
0 0.3544921875 0.3154296875 0.07421875 0.1474609375
0 0.287109375 0.458984375 0.111328125 0.2431640625
0 0.5595703125 0.322265625 0.07421875 0.158203125