1 0.7900390625 0.4677734375 0.0283203125 0.08984375
1 0.6640625 0.5185546875 0.02734375 0.0732421875
1 0.61328125 0.439453125 0.0263671875 0.0791015625
0 0.5322265625 0.2509765625 0.056640625 0.109375
0 0.44140625 0.029296875 0.0224609375 0.0498046875
0 0.572265625 0.5107421875 0.0859375 0.2138671875
0 0.4111328125 0.11328125 0.041015625 0.076171875
0 0.50390625 0.0615234375 0.0244140625 0.05859375
0 0.5498046875 0.181640625 0.048828125 0.0615234375
2 0.5400390625 0.1025390625 0.064453125 0.1416015625
0 0.3876953125 0.193359375 0.05078125 0.111328125
0 0.5029296875 0.0185546875 0.0244140625 0.037109375
2 0.7841796875 0.75390625 0.259765625 0.4892578125
2 0.38671875 0.025390625 0.0224609375 0.046875
2 0.3671875 0.0166015625 0.0185546875 0.033203125
2 0.2353515625 0.5283203125 0.2880859375 0.7265625