1 0.724609375 0.4697265625 0.029296875 0.0927734375
0 0.58984375 0.1943359375 0.0419921875 0.0830078125
1 0.3359375 0.0712890625 0.01171875 0.0458984375
0 0.5546875 0.4345703125 0.08203125 0.1640625
1 0.3544921875 0.0537109375 0.01953125 0.044921875
1 0.369140625 0.02734375 0.009765625 0.03515625
1 0.7607421875 0.47265625 0.0322265625 0.10546875
0 0.5341796875 0.0556640625 0.03125 0.0498046875
0 0.427734375 0.4453125 0.087890625 0.21484375
0 0.669921875 0.4208984375 0.0888671875 0.1865234375
0 0.548828125 0.2373046875 0.0625 0.0888671875
0 0.4208984375 0.0986328125 0.04296875 0.0859375
0 0.53515625 0.171875 0.048828125 0.0732421875
1 0.80859375 0.50390625 0.033203125 0.1083984375
1 0.5341796875 0.09765625 0.0205078125 0.0400390625
1 0.712890625 0.5732421875 0.0400390625 0.1015625
1 0.8837890625 0.7509765625 0.056640625 0.130859375
0 0.505859375 0.0166015625 0.0302734375 0.033203125
0 0.59765625 0.6953125 0.1474609375 0.3876953125
1 0.2939453125 0.1708984375 0.015625 0.0498046875
1 0.60546875 0.404296875 0.029296875 0.1083984375
1 0.3271484375 0.2099609375 0.0263671875 0.080078125
1 0.166015625 0.3076171875 0.017578125 0.0537109375
0 0.38671875 0.1416015625 0.0634765625 0.078125
0 0.515625 0.08203125 0.0185546875 0.0615234375
0 0.48046875 0.013671875 0.0283203125 0.0263671875
0 0.28125 0.83984375 0.2177734375 0.3056640625
0 0.78125 0.7763671875 0.1689453125 0.421875
2 0.2939453125 0.0322265625 0.0478515625 0.0625
0 0.43359375 0.0185546875 0.021484375 0.0322265625
0 0.3759765625 0.28125 0.0703125 0.154296875
2 0.47265625 0.0908203125 0.0830078125 0.142578125
2 0.15625 0.205078125 0.1474609375 0.2001953125