0 0.3896484375 0.212890625 0.0498046875 0.1123046875
1 0.6328125 0.33984375 0.0302734375 0.0791015625
0 0.55859375 0.27734375 0.06640625 0.140625
0 0.3232421875 0.3759765625 0.099609375 0.19140625
0 0.5302734375 0.150390625 0.0498046875 0.08984375
0 0.4443359375 0.2802734375 0.0703125 0.1357421875
0 0.505859375 0.015625 0.0234375 0.03125
2 0.462890625 0.1025390625 0.0498046875 0.1142578125
0 0.4091796875 0.1259765625 0.04296875 0.0986328125
0 0.482421875 0.380859375 0.07421875 0.1962890625
0 0.525390625 0.0732421875 0.0283203125 0.0419921875
0 0.5029296875 0.06640625 0.0234375 0.0361328125
0 0.24609375 0.572265625 0.12890625 0.2666015625
0 0.4326171875 0.0458984375 0.02734375 0.0419921875
0 0.607421875 0.4560546875 0.0927734375 0.240234375
0 0.447265625 0.017578125 0.0205078125 0.025390625