1 0.734375 0.400390625 0.0498046875 0.0888671875
0 0.533203125 0.24609375 0.0556640625 0.1025390625
1 0.623046875 0.3544921875 0.0283203125 0.091796875
1 0.6025390625 0.30859375 0.0185546875 0.072265625
0 0.44140625 0.03515625 0.0244140625 0.0595703125
0 0.3984375 0.158203125 0.05078125 0.09765625
0 0.5712890625 0.513671875 0.0849609375 0.2099609375
2 0.419921875 0.0771484375 0.0478515625 0.1015625
2 0.4697265625 0.1787109375 0.0693359375 0.1611328125
2 0.2294921875 0.5234375 0.287109375 0.72265625
2 0.7880859375 0.7548828125 0.2490234375 0.4873046875