1 0.7919921875 0.4638671875 0.0341796875 0.1025390625
0 0.4111328125 0.1181640625 0.041015625 0.0830078125
0 0.44140625 0.033203125 0.0234375 0.0556640625
0 0.5732421875 0.5146484375 0.0888671875 0.21484375
1 0.5458984375 0.021484375 0.0166015625 0.0322265625
0 0.38671875 0.193359375 0.048828125 0.1044921875
0 0.50390625 0.060546875 0.0234375 0.0625
0 0.5380859375 0.28515625 0.0625 0.099609375
0 0.5400390625 0.09765625 0.0615234375 0.12890625
0 0.5419921875 0.1826171875 0.0595703125 0.068359375
0 0.359375 0.04296875 0.0380859375 0.0693359375
2 0.2314453125 0.5244140625 0.2890625 0.7265625
2 0.78125 0.7548828125 0.26171875 0.490234375