0 0.5546875 0.1328125 0.0341796875 0.0517578125
0 0.5556640625 0.4365234375 0.0830078125 0.1787109375
0 0.4287109375 0.4462890625 0.09375 0.2138671875
0 0.5478515625 0.251953125 0.0625 0.115234375
0 0.671875 0.4267578125 0.0908203125 0.205078125
1 0.7275390625 0.4765625 0.0263671875 0.0830078125
0 0.4189453125 0.1015625 0.04296875 0.0830078125
1 0.7626953125 0.5048828125 0.04296875 0.107421875
1 0.6279296875 0.275390625 0.0146484375 0.0556640625
0 0.26171875 0.15234375 0.0517578125 0.0830078125
1 0.708984375 0.5869140625 0.0302734375 0.0927734375
1 0.4296875 0.9482421875 0.060546875 0.0986328125
1 0.5185546875 0.5654296875 0.037109375 0.1142578125
0 0.5244140625 0.1240234375 0.03125 0.03515625
1 0.5947265625 0.291015625 0.0224609375 0.0595703125
1 0.61328125 0.4697265625 0.037109375 0.072265625
1 0.3720703125 0.4482421875 0.033203125 0.1337890625
1 0.548828125 0.9619140625 0.0615234375 0.076171875
0 0.5146484375 0.083984375 0.01953125 0.0654296875
0 0.375 0.0302734375 0.0244140625 0.0400390625
0 0.4345703125 0.0478515625 0.0283203125 0.0400390625
1 0.8857421875 0.923828125 0.056640625 0.1455078125
0 0.5966796875 0.6923828125 0.1474609375 0.384765625
2 0.25 0.5341796875 0.2490234375 0.5234375
1 0.8203125 0.6044921875 0.041015625 0.0888671875
0 0.48046875 0.0126953125 0.0263671875 0.025390625
0 0.4462890625 0.017578125 0.025390625 0.0322265625
2 0.47265625 0.0849609375 0.0849609375 0.1357421875
0 0.50390625 0.0322265625 0.01953125 0.029296875
0 0.779296875 0.775390625 0.169921875 0.4208984375
2 0.3828125 0.2373046875 0.0869140625 0.22265625
2 0.2890625 0.0263671875 0.0322265625 0.046875