1 0.5927734375 0.294921875 0.0185546875 0.0634765625
1 0.580078125 0.19140625 0.0205078125 0.05859375
0 0.5537109375 0.201171875 0.044921875 0.099609375
1 0.6171875 0.455078125 0.0283203125 0.08984375
1 0.6513671875 0.4990234375 0.0322265625 0.0654296875
0 0.4130859375 0.1103515625 0.04296875 0.0791015625
0 0.44140625 0.02734375 0.0224609375 0.046875
0 0.6259765625 0.6787109375 0.12109375 0.34765625
0 0.552734375 0.3935546875 0.07421875 0.1767578125
2 0.5146484375 0.0537109375 0.044921875 0.107421875
2 0.236328125 0.5224609375 0.2939453125 0.72265625