1 0.79296875 0.46484375 0.03515625 0.1015625
1 0.623046875 0.3466796875 0.0283203125 0.0986328125
0 0.546875 0.2255859375 0.05859375 0.109375
1 0.57421875 0.189453125 0.0224609375 0.0625
1 0.10546875 0.318359375 0.0166015625 0.048828125
1 0.1328125 0.162109375 0.017578125 0.0419921875
1 0.5947265625 0.1572265625 0.015625 0.048828125
0 0.412109375 0.1142578125 0.04296875 0.0849609375
1 0.6201171875 0.1435546875 0.0126953125 0.037109375
1 0.599609375 0.224609375 0.0224609375 0.0791015625
0 0.5009765625 0.0185546875 0.0234375 0.037109375
0 0.50390625 0.0654296875 0.0244140625 0.06640625
2 0.541015625 0.1123046875 0.0634765625 0.158203125
0 0.5703125 0.513671875 0.08203125 0.2099609375
0 0.38671875 0.2001953125 0.0517578125 0.1162109375
0 0.625 0.6796875 0.1201171875 0.3515625
0 0.44140625 0.03515625 0.0224609375 0.046875
2 0.234375 0.525390625 0.287109375 0.7275390625
2 0.7861328125 0.75390625 0.2548828125 0.484375