1 0.650390625 0.572265625 0.033203125 0.1083984375
0 0.5546875 0.443359375 0.08203125 0.1611328125
1 0.576171875 0.19140625 0.029296875 0.0791015625
0 0.607421875 0.28125 0.0625 0.1123046875
0 0.5556640625 0.3154296875 0.072265625 0.1474609375
0 0.5361328125 0.1826171875 0.0478515625 0.08984375
1 0.759765625 0.4677734375 0.0341796875 0.1142578125
0 0.5234375 0.119140625 0.0302734375 0.048828125
0 0.4306640625 0.44140625 0.095703125 0.20703125
0 0.5048828125 0.01171875 0.01953125 0.0234375
0 0.4794921875 0.0126953125 0.025390625 0.025390625
0 0.541015625 0.0224609375 0.0205078125 0.0322265625
0 0.1572265625 0.203125 0.1005859375 0.1357421875
0 0.419921875 0.0986328125 0.0458984375 0.0859375
1 0.640625 0.416015625 0.025390625 0.0654296875
0 0.43359375 0.021484375 0.021484375 0.029296875
1 0.583984375 0.1474609375 0.0126953125 0.0400390625
1 0.51953125 0.5595703125 0.0498046875 0.1357421875
0 0.5986328125 0.693359375 0.1484375 0.3779296875
1 0.4921875 0.49609375 0.025390625 0.0986328125
1 0.369140625 0.45703125 0.0283203125 0.119140625
1 0.537109375 0.0703125 0.01953125 0.0458984375
1 0.603515625 0.4677734375 0.0283203125 0.072265625
0 0.43359375 0.05078125 0.03125 0.0458984375
0 0.78515625 0.77734375 0.1767578125 0.4248046875
2 0.47265625 0.0849609375 0.080078125 0.1337890625
2 0.3828125 0.2490234375 0.087890625 0.2099609375
0 0.28125 0.83984375 0.2177734375 0.3056640625
2 0.46484375 0.267578125 0.09765625 0.263671875