1 0.5537109375 0.1337890625 0.0107421875 0.03515625
0 0.5244140625 0.0859375 0.02734375 0.0498046875
0 0.5166015625 0.1435546875 0.03515625 0.0791015625
1 0.33984375 0.044921875 0.01171875 0.037109375
0 0.44140625 0.0302734375 0.0224609375 0.052734375
0 0.41015625 0.119140625 0.0419921875 0.08203125
0 0.5341796875 0.2451171875 0.05078125 0.115234375
1 0.580078125 0.201171875 0.01953125 0.0595703125
0 0.4091796875 0.0185546875 0.03515625 0.037109375
0 0.60546875 0.2705078125 0.05859375 0.1220703125
0 0.38671875 0.197265625 0.05078125 0.1162109375
0 0.5986328125 0.544921875 0.138671875 0.279296875
0 0.46484375 0.2099609375 0.060546875 0.1044921875
0 0.2568359375 0.080078125 0.03125 0.0556640625
0 0.3203125 0.12109375 0.0458984375 0.0791015625
0 0.3515625 0.302734375 0.041015625 0.1640625
2 0.3857421875 0.0341796875 0.021484375 0.0517578125
2 0.2412109375 0.5224609375 0.3056640625 0.7294921875
2 0.7900390625 0.7529296875 0.24609375 0.4833984375