0 0.525390625 0.044921875 0.0244140625 0.037109375
0 0.5390625 0.2138671875 0.056640625 0.125
0 0.5205078125 0.1005859375 0.02734375 0.0517578125
1 0.5712890625 0.1552734375 0.01171875 0.044921875
0 0.5205078125 0.015625 0.01953125 0.0263671875
1 0.6298828125 0.349609375 0.0234375 0.0732421875
0 0.548828125 0.3798828125 0.0771484375 0.1875
1 0.5185546875 0.57421875 0.04296875 0.142578125
0 0.4267578125 0.4462890625 0.09765625 0.220703125
0 0.416015625 0.1181640625 0.0439453125 0.0751953125
1 0.6337890625 0.50390625 0.025390625 0.06640625
0 0.4794921875 0.01171875 0.0244140625 0.0234375
0 0.43359375 0.025390625 0.0244140625 0.0322265625
1 0.7626953125 0.892578125 0.0634765625 0.1669921875
1 0.6953125 0.3984375 0.0234375 0.0390625
2 0.474609375 0.0849609375 0.08203125 0.142578125
0 0.7119140625 0.576171875 0.1201171875 0.3095703125
1 0.5498046875 0.93359375 0.06640625 0.1318359375
1 0.791015625 0.607421875 0.04296875 0.1552734375
0 0.59765625 0.681640625 0.1435546875 0.380859375
1 0.3271484375 0.2216796875 0.03125 0.076171875
0 0.28125 0.8408203125 0.2158203125 0.3037109375
2 0.3818359375 0.2412109375 0.08984375 0.2177734375
0 0.5029296875 0.0166015625 0.0166015625 0.025390625