0 0.5380859375 0.21875 0.0478515625 0.095703125
0 0.412109375 0.11328125 0.0419921875 0.08203125
0 0.57421875 0.18359375 0.0439453125 0.09765625
0 0.44140625 0.0322265625 0.021484375 0.0498046875
0 0.568359375 0.2919921875 0.0634765625 0.1259765625
0 0.38671875 0.201171875 0.048828125 0.1181640625
0 0.5166015625 0.05859375 0.01953125 0.0390625
0 0.5341796875 0.119140625 0.01953125 0.0419921875
0 0.513671875 0.1337890625 0.0302734375 0.076171875
0 0.5185546875 0.0283203125 0.01953125 0.029296875
2 0.6875 0.421875 0.1064453125 0.2666015625
2 0.234375 0.5234375 0.287109375 0.724609375