1 0.658203125 0.408203125 0.025390625 0.0947265625
0 0.53515625 0.1962890625 0.0498046875 0.099609375
1 0.4970703125 0.1484375 0.01171875 0.0419921875
0 0.517578125 0.095703125 0.02734375 0.0830078125
0 0.4560546875 0.1923828125 0.0517578125 0.115234375
0 0.353515625 0.2919921875 0.0703125 0.16796875
0 0.560546875 0.3330078125 0.07421875 0.177734375
1 0.3232421875 0.0400390625 0.009765625 0.029296875
0 0.419921875 0.0947265625 0.0419921875 0.107421875
1 0.4765625 0.115234375 0.0146484375 0.0498046875
0 0.455078125 0.35546875 0.080078125 0.19140625
0 0.5078125 0.025390625 0.0166015625 0.0302734375
1 0.2666015625 0.119140625 0.0126953125 0.0458984375
1 0.6171875 0.3642578125 0.029296875 0.10546875
1 0.578125 0.205078125 0.01953125 0.078125
0 0.5 0.06640625 0.025390625 0.048828125
0 0.443359375 0.0419921875 0.021484375 0.0498046875
0 0.474609375 0.04296875 0.0234375 0.044921875
0 0.4462890625 0.806640625 0.16796875 0.37109375
0 0.2646484375 0.5478515625 0.1298828125 0.2705078125
0 0.28515625 0.052734375 0.02734375 0.0390625
0 0.1435546875 0.822265625 0.126953125 0.341796875
0 0.6357421875 0.6240234375 0.1240234375 0.2919921875
2 0.4619140625 0.0087890625 0.0185546875 0.0166015625