1 0.6181640625 0.4033203125 0.0302734375 0.095703125
1 0.7607421875 0.4716796875 0.0341796875 0.1044921875
1 0.666015625 0.599609375 0.0400390625 0.1357421875
1 0.697265625 0.552734375 0.0361328125 0.1142578125
0 0.5224609375 0.1064453125 0.0283203125 0.056640625
0 0.56640625 0.150390625 0.0390625 0.0849609375
0 0.5556640625 0.3046875 0.07421875 0.154296875
0 0.4326171875 0.4326171875 0.09375 0.1904296875
1 0.638671875 0.537109375 0.0302734375 0.0927734375
0 0.541015625 0.0732421875 0.0263671875 0.044921875
0 0.556640625 0.439453125 0.0810546875 0.142578125
0 0.53515625 0.1875 0.0498046875 0.10546875
0 0.416015625 0.1201171875 0.0419921875 0.0791015625
0 0.43359375 0.029296875 0.02734375 0.0361328125
1 0.5185546875 0.572265625 0.041015625 0.119140625
0 0.5966796875 0.693359375 0.146484375 0.380859375
0 0.4794921875 0.01171875 0.0234375 0.0234375
1 0.5087890625 0.4130859375 0.0263671875 0.0625
1 0.859375 0.7685546875 0.0390625 0.154296875
2 0.474609375 0.0888671875 0.08203125 0.150390625
0 0.3447265625 0.03125 0.0244140625 0.0458984375
0 0.2822265625 0.8408203125 0.216796875 0.3037109375
2 0.3818359375 0.244140625 0.087890625 0.2138671875
0 0.78125 0.7783203125 0.169921875 0.4150390625
0 0.5009765625 0.0146484375 0.0185546875 0.029296875
2 0.2646484375 0.0419921875 0.0498046875 0.0751953125