1 0.826171875 0.390625 0.0302734375 0.08984375
1 0.73828125 0.513671875 0.029296875 0.0791015625
0 0.5712890625 0.1630859375 0.0361328125 0.0732421875
0 0.5556640625 0.4404296875 0.083984375 0.1669921875
0 0.4169921875 0.11328125 0.0400390625 0.0654296875
0 0.53515625 0.169921875 0.044921875 0.068359375
0 0.55859375 0.310546875 0.0703125 0.1318359375
1 0.5234375 0.5615234375 0.0478515625 0.140625
1 0.7060546875 0.306640625 0.01953125 0.0537109375
1 0.763671875 0.4775390625 0.029296875 0.0849609375
0 0.66796875 0.423828125 0.0908203125 0.20703125
0 0.43359375 0.0205078125 0.0205078125 0.02734375
0 0.4267578125 0.4453125 0.0927734375 0.2177734375
0 0.3203125 0.0830078125 0.037109375 0.052734375
1 0.7099609375 0.5888671875 0.0322265625 0.0888671875
1 0.6875 0.5244140625 0.0419921875 0.08203125
1 0.884765625 0.93359375 0.0517578125 0.125
1 0.84765625 0.68359375 0.0400390625 0.091796875
1 0.5517578125 0.951171875 0.068359375 0.0927734375
0 0.52734375 0.125 0.03515625 0.0390625
1 0.8828125 0.7705078125 0.0498046875 0.095703125
0 0.43359375 0.0517578125 0.029296875 0.0419921875
0 0.505859375 0.0224609375 0.025390625 0.03515625
0 0.59765625 0.69140625 0.1494140625 0.3818359375
1 0.5302734375 0.083984375 0.0224609375 0.0595703125
0 0.4794921875 0.0126953125 0.025390625 0.025390625
1 0.61328125 0.4677734375 0.0400390625 0.076171875
0 0.2841796875 0.83984375 0.2138671875 0.306640625
0 0.3759765625 0.0380859375 0.021484375 0.0458984375
0 0.779296875 0.7734375 0.16796875 0.421875
2 0.4736328125 0.0849609375 0.0830078125 0.1357421875
2 0.380859375 0.255859375 0.0888671875 0.21484375