1 0.560546875 0.2060546875 0.015625 0.0517578125
0 0.5234375 0.1689453125 0.0439453125 0.08984375
1 0.5751953125 0.212890625 0.013671875 0.0458984375
1 0.283203125 0.1357421875 0.0244140625 0.052734375
0 0.53125 0.1044921875 0.0341796875 0.0615234375
1 0.611328125 0.27734375 0.021484375 0.0625
0 0.65625 0.400390625 0.0810546875 0.1708984375
0 0.4111328125 0.1025390625 0.0400390625 0.06640625
1 0.5947265625 0.296875 0.01953125 0.0595703125
0 0.5361328125 0.275390625 0.056640625 0.119140625
0 0.552734375 0.40234375 0.0673828125 0.162109375
0 0.388671875 0.1982421875 0.0546875 0.115234375
0 0.4599609375 0.244140625 0.0595703125 0.0927734375
0 0.4404296875 0.0322265625 0.021484375 0.056640625
0 0.62109375 0.626953125 0.125 0.318359375
0 0.5048828125 0.076171875 0.0380859375 0.04296875
0 0.328125 0.06640625 0.0322265625 0.0498046875
2 0.375 0.0537109375 0.033203125 0.0517578125
2 0.232421875 0.5224609375 0.2841796875 0.720703125