0 0.552734375 0.26171875 0.0654296875 0.1181640625
1 0.53125 0.0966796875 0.0185546875 0.04296875
1 0.607421875 0.3955078125 0.0283203125 0.0791015625
1 0.5498046875 0.1201171875 0.0244140625 0.0458984375
0 0.5341796875 0.0244140625 0.0263671875 0.0322265625
0 0.5546875 0.4326171875 0.083984375 0.1484375
0 0.4296875 0.4228515625 0.0888671875 0.16796875
0 0.50390625 0.0244140625 0.0205078125 0.0234375
0 0.515625 0.083984375 0.0185546875 0.0654296875
1 0.578125 0.1416015625 0.01953125 0.044921875
0 0.43359375 0.0263671875 0.0263671875 0.033203125
1 0.76171875 0.46484375 0.033203125 0.1083984375
0 0.5361328125 0.17578125 0.0517578125 0.0849609375
1 0.521484375 0.5595703125 0.0458984375 0.1357421875
0 0.416015625 0.1162109375 0.0439453125 0.0712890625
0 0.48046875 0.0126953125 0.0263671875 0.025390625
1 0.67578125 0.6865234375 0.033203125 0.107421875
0 0.435546875 0.6240234375 0.1337890625 0.33984375
0 0.595703125 0.689453125 0.14453125 0.3818359375
1 0.37109375 0.45703125 0.029296875 0.1142578125
0 0.5947265625 0.1826171875 0.0419921875 0.0654296875
1 0.326171875 0.212890625 0.029296875 0.087890625
0 0.28125 0.841796875 0.2109375 0.3056640625
2 0.4736328125 0.087890625 0.0830078125 0.140625
0 0.7783203125 0.7724609375 0.16796875 0.4169921875
2 0.380859375 0.2490234375 0.08984375 0.21484375