1 0.7392578125 0.5107421875 0.029296875 0.087890625
1 0.837890625 0.43359375 0.029296875 0.1083984375
1 0.7646484375 0.47265625 0.0283203125 0.099609375
0 0.572265625 0.162109375 0.0361328125 0.0791015625
0 0.427734375 0.4482421875 0.0888671875 0.216796875
0 0.548828125 0.236328125 0.05859375 0.0859375
1 0.84765625 0.703125 0.0380859375 0.119140625
0 0.5576171875 0.4404296875 0.0849609375 0.1552734375
1 0.666015625 0.271484375 0.02734375 0.068359375
0 0.345703125 0.05859375 0.0244140625 0.044921875
1 0.5205078125 0.5673828125 0.05078125 0.12890625
0 0.4169921875 0.1103515625 0.041015625 0.0595703125
0 0.66796875 0.4267578125 0.0908203125 0.2099609375
1 0.7626953125 0.337890625 0.0185546875 0.0625
1 0.37109375 0.4482421875 0.03125 0.140625
1 0.5498046875 0.9580078125 0.0625 0.08203125
1 0.880859375 0.7705078125 0.044921875 0.091796875
0 0.43359375 0.0234375 0.0244140625 0.033203125
1 0.7421875 0.330078125 0.0205078125 0.0595703125
1 0.6728515625 0.6787109375 0.0322265625 0.1025390625
1 0.427734375 0.947265625 0.0712890625 0.1025390625
0 0.513671875 0.015625 0.02734375 0.0302734375
0 0.5966796875 0.69140625 0.1484375 0.3876953125
0 0.28125 0.841796875 0.21484375 0.3056640625
1 0.6123046875 0.39453125 0.044921875 0.1220703125
0 0.48046875 0.0126953125 0.0263671875 0.025390625
0 0.515625 0.083984375 0.0185546875 0.0654296875
0 0.7802734375 0.775390625 0.1708984375 0.419921875
0 0.5283203125 0.130859375 0.0400390625 0.044921875
2 0.3798828125 0.25 0.0888671875 0.2138671875
2 0.4736328125 0.087890625 0.0849609375 0.142578125
2 0.3876953125 0.021484375 0.0205078125 0.04296875