0 0.37890625 0.1787109375 0.0634765625 0.10546875
0 0.462890625 0.1748046875 0.05078125 0.099609375
0 0.353515625 0.2841796875 0.076171875 0.1455078125
0 0.5517578125 0.2490234375 0.0634765625 0.130859375
0 0.49609375 0.2998046875 0.05859375 0.150390625
1 0.171875 0.7998046875 0.0595703125 0.205078125
0 0.4072265625 0.1240234375 0.04296875 0.072265625
0 0.5244140625 0.08984375 0.037109375 0.0537109375
0 0.34375 0.048828125 0.0283203125 0.076171875
0 0.25390625 0.541015625 0.125 0.2509765625
0 0.5166015625 0.05078125 0.0234375 0.037109375
0 0.42578125 0.0673828125 0.0283203125 0.0537109375
0 0.4140625 0.515625 0.1015625 0.2197265625
0 0.4736328125 0.02734375 0.0224609375 0.0390625
0 0.501953125 0.0146484375 0.0185546875 0.029296875
2 0.46484375 0.087890625 0.041015625 0.091796875
1 0.58203125 0.4931640625 0.0263671875 0.09765625
1 0.76171875 0.845703125 0.056640625 0.203125
0 0.5341796875 0.14453125 0.0390625 0.06640625
1 0.64453125 0.818359375 0.060546875 0.193359375
0 0.4521484375 0.015625 0.025390625 0.0302734375
0 0.2890625 0.8896484375 0.1953125 0.20703125
1 0.5009765625 0.7900390625 0.0673828125 0.1875
0 0.4990234375 0.0419921875 0.0166015625 0.0322265625
0 0.11328125 0.919921875 0.068359375 0.1513671875