0 0.556640625 0.4453125 0.08203125 0.1708984375
1 0.76171875 0.4638671875 0.0341796875 0.1142578125
1 0.6494140625 0.568359375 0.0361328125 0.1181640625
0 0.537109375 0.1767578125 0.046875 0.08203125
1 0.623046875 0.4921875 0.0302734375 0.0791015625
0 0.4296875 0.4462890625 0.0966796875 0.2138671875
0 0.5556640625 0.3134765625 0.0712890625 0.1376953125
0 0.58984375 0.2255859375 0.05078125 0.087890625
0 0.6708984375 0.431640625 0.0986328125 0.21484375
0 0.41796875 0.1162109375 0.04296875 0.0712890625
0 0.5419921875 0.0224609375 0.0244140625 0.0322265625
1 0.51953125 0.5654296875 0.0361328125 0.1083984375
0 0.5234375 0.119140625 0.0302734375 0.046875
0 0.59765625 0.689453125 0.1484375 0.37890625
1 0.478515625 0.412109375 0.0322265625 0.080078125
1 0.525390625 0.080078125 0.0166015625 0.048828125
0 0.5048828125 0.013671875 0.01953125 0.0263671875
1 0.64453125 0.3916015625 0.0224609375 0.0830078125
1 0.8876953125 0.9169921875 0.0537109375 0.154296875
0 0.447265625 0.0146484375 0.0263671875 0.029296875
1 0.6123046875 0.3291015625 0.0224609375 0.080078125
0 0.48046875 0.013671875 0.02734375 0.0263671875
0 0.283203125 0.841796875 0.216796875 0.3056640625
0 0.43359375 0.05078125 0.03125 0.04296875
0 0.779296875 0.7724609375 0.16796875 0.4150390625
2 0.3818359375 0.251953125 0.0869140625 0.201171875
2 0.46484375 0.2685546875 0.0986328125 0.2734375