0 0.3525390625 0.0712890625 0.03515625 0.048828125
0 0.5947265625 0.208984375 0.04296875 0.095703125
0 0.5498046875 0.0888671875 0.0341796875 0.052734375
1 0.8056640625 0.5087890625 0.03515625 0.1123046875
1 0.330078125 0.0634765625 0.013671875 0.0390625
0 0.416015625 0.1181640625 0.03515625 0.0693359375
0 0.5361328125 0.1767578125 0.05078125 0.0927734375
0 0.4296875 0.443359375 0.08984375 0.2109375
0 0.4326171875 0.04296875 0.0263671875 0.0361328125
0 0.5546875 0.43359375 0.08203125 0.1455078125
0 0.666015625 0.419921875 0.0888671875 0.193359375
1 0.12890625 0.2138671875 0.0224609375 0.046875
0 0.240234375 0.1689453125 0.0498046875 0.076171875
0 0.1240234375 0.3369140625 0.0849609375 0.1767578125
0 0.50390625 0.03125 0.0244140625 0.0322265625
1 0.287109375 0.07421875 0.009765625 0.029296875
1 0.5478515625 0.931640625 0.068359375 0.1318359375
1 0.18359375 0.22265625 0.025390625 0.052734375
0 0.5966796875 0.6982421875 0.14453125 0.390625
1 0.884765625 0.9228515625 0.0498046875 0.142578125
1 0.8447265625 0.720703125 0.04296875 0.1357421875
0 0.48046875 0.0126953125 0.025390625 0.025390625
0 0.28125 0.83984375 0.2177734375 0.3037109375
0 0.515625 0.08203125 0.017578125 0.05859375
1 0.328125 0.208984375 0.02734375 0.08203125
0 0.7783203125 0.7763671875 0.171875 0.421875
2 0.3798828125 0.244140625 0.0859375 0.21484375
0 0.447265625 0.013671875 0.0224609375 0.02734375
0 0.55859375 0.3134765625 0.0693359375 0.119140625
0 0.3681640625 0.0302734375 0.013671875 0.0234375
2 0.265625 0.0849609375 0.0390625 0.0595703125
2 0.4736328125 0.0869140625 0.08203125 0.1376953125