1 0.615234375 0.56640625 0.029296875 0.1083984375
0 0.5712890625 0.1591796875 0.04296875 0.0849609375
0 0.5146484375 0.06640625 0.0234375 0.0390625
1 0.8544921875 0.69921875 0.0556640625 0.1513671875
0 0.533203125 0.18359375 0.05078125 0.0986328125
0 0.5341796875 0.107421875 0.0361328125 0.05859375
0 0.4130859375 0.111328125 0.041015625 0.08203125
1 0.5419921875 0.560546875 0.0400390625 0.0849609375
1 0.609375 0.46875 0.03515625 0.087890625
0 0.44140625 0.02734375 0.021484375 0.044921875
2 0.6005859375 0.296875 0.0927734375 0.2587890625
0 0.3857421875 0.2001953125 0.0478515625 0.119140625
2 0.2587890625 0.138671875 0.056640625 0.056640625
2 0.2333984375 0.521484375 0.2841796875 0.7265625