0 0.525390625 0.05859375 0.0234375 0.0361328125
0 0.5517578125 0.298828125 0.0712890625 0.15234375
0 0.5546875 0.4326171875 0.0849609375 0.1455078125
0 0.5224609375 0.0966796875 0.03125 0.0595703125
0 0.4326171875 0.4365234375 0.095703125 0.197265625
0 0.5283203125 0.1630859375 0.0419921875 0.095703125
1 0.58984375 0.2431640625 0.0185546875 0.0634765625
1 0.72265625 0.5048828125 0.033203125 0.095703125
1 0.8642578125 0.7958984375 0.0390625 0.1640625
0 0.509765625 0.0224609375 0.0224609375 0.0322265625
1 0.8935546875 0.9267578125 0.048828125 0.1416015625
0 0.43359375 0.0263671875 0.025390625 0.033203125
0 0.4794921875 0.01171875 0.0234375 0.0234375
1 0.6689453125 0.6708984375 0.0302734375 0.1142578125
1 0.5830078125 0.1845703125 0.0224609375 0.05859375
2 0.25 0.5458984375 0.2490234375 0.533203125
0 0.5986328125 0.6845703125 0.1435546875 0.375
1 0.373046875 0.439453125 0.0341796875 0.142578125
2 0.4736328125 0.087890625 0.0849609375 0.1416015625
1 0.5224609375 0.5673828125 0.0546875 0.16015625
0 0.416015625 0.1181640625 0.04296875 0.072265625
0 0.7734375 0.76171875 0.162109375 0.4345703125
2 0.380859375 0.2431640625 0.0888671875 0.2197265625
2 0.28515625 0.037109375 0.0859375 0.07421875