0 0.4130859375 0.0927734375 0.04296875 0.0712890625
1 0.630859375 0.341796875 0.02734375 0.0830078125
1 0.6630859375 0.4736328125 0.02734375 0.099609375
1 0.5498046875 0.15234375 0.0126953125 0.046875
2 0.51953125 0.0390625 0.03125 0.078125
0 0.52734375 0.0927734375 0.0302734375 0.05859375
0 0.443359375 0.0390625 0.0341796875 0.05859375
1 0.583984375 0.294921875 0.0185546875 0.0732421875
0 0.5244140625 0.265625 0.060546875 0.138671875
0 0.4443359375 0.2958984375 0.072265625 0.15234375
1 0.544921875 0.5732421875 0.03515625 0.119140625
2 0.4716796875 0.119140625 0.0478515625 0.1376953125
0 0.4375 0.6044921875 0.12890625 0.330078125
0 0.5908203125 0.416015625 0.078125 0.1787109375
1 0.548828125 0.9072265625 0.0546875 0.1748046875
2 0.2822265625 0.4521484375 0.2099609375 0.4990234375
0 0.408203125 0.1689453125 0.0556640625 0.12109375
0 0.2763671875 0.8408203125 0.2197265625 0.3095703125
2 0.484375 0.03125 0.046875 0.0625