0 0.580078125 0.18359375 0.0478515625 0.0859375
0 0.55078125 0.24609375 0.0654296875 0.1015625
0 0.5556640625 0.44140625 0.083984375 0.1669921875
0 0.41796875 0.1162109375 0.04296875 0.0732421875
0 0.4267578125 0.447265625 0.08984375 0.22265625
1 0.8486328125 0.5224609375 0.03515625 0.111328125
0 0.52734375 0.0205078125 0.01953125 0.03515625
0 0.5048828125 0.0166015625 0.02734375 0.033203125
0 0.666015625 0.4287109375 0.0966796875 0.2109375
1 0.7783203125 0.5361328125 0.025390625 0.0693359375
1 0.7109375 0.580078125 0.0322265625 0.0830078125
1 0.7607421875 0.4697265625 0.0302734375 0.10546875
0 0.5263671875 0.12890625 0.037109375 0.037109375
1 0.8056640625 0.5087890625 0.0361328125 0.09765625
1 0.8857421875 0.9326171875 0.0478515625 0.1259765625
1 0.6025390625 0.224609375 0.0244140625 0.052734375
1 0.6240234375 0.1884765625 0.0146484375 0.052734375
0 0.515625 0.0830078125 0.01953125 0.0625
0 0.59765625 0.69140625 0.154296875 0.384765625
1 0.611328125 0.3955078125 0.0478515625 0.12890625
1 0.65234375 0.5791015625 0.033203125 0.10546875
1 0.55078125 0.9462890625 0.0693359375 0.1025390625
0 0.48046875 0.0126953125 0.0263671875 0.025390625
0 0.28125 0.8408203125 0.2158203125 0.3037109375
1 0.564453125 0.12890625 0.04296875 0.048828125
1 0.5341796875 0.0888671875 0.02734375 0.0634765625
0 0.43359375 0.02734375 0.02734375 0.03515625
2 0.4755859375 0.0849609375 0.0859375 0.1376953125
2 0.380859375 0.23828125 0.0908203125 0.2373046875
0 0.78125 0.7744140625 0.1689453125 0.4287109375
2 0.134765625 0.234375 0.1044921875 0.21484375