0 0.5673828125 0.1669921875 0.0390625 0.0830078125
0 0.556640625 0.443359375 0.0869140625 0.16796875
0 0.4296875 0.4326171875 0.0908203125 0.1875
1 0.5205078125 0.5615234375 0.0439453125 0.12890625
0 0.556640625 0.3115234375 0.0732421875 0.14453125
1 0.76171875 0.4697265625 0.0302734375 0.1015625
1 0.4814453125 0.453125 0.0380859375 0.10546875
1 0.3271484375 0.228515625 0.0263671875 0.0595703125
0 0.5419921875 0.0263671875 0.0234375 0.0361328125
0 0.43359375 0.025390625 0.025390625 0.0322265625
0 0.525390625 0.119140625 0.03515625 0.044921875
0 0.478515625 0.0126953125 0.025390625 0.025390625
0 0.4189453125 0.1123046875 0.0439453125 0.072265625
1 0.6318359375 0.5146484375 0.03125 0.12109375
0 0.6015625 0.2568359375 0.048828125 0.1083984375
0 0.5009765625 0.0146484375 0.021484375 0.029296875
0 0.6533203125 0.3671875 0.0888671875 0.1962890625
0 0.599609375 0.6923828125 0.150390625 0.384765625
1 0.6005859375 0.416015625 0.0283203125 0.0849609375
2 0.3818359375 0.24609375 0.0869140625 0.1982421875
1 0.6728515625 0.6298828125 0.0283203125 0.109375
2 0.4736328125 0.0849609375 0.083984375 0.1376953125
0 0.2822265625 0.83984375 0.2158203125 0.306640625
0 0.7822265625 0.77734375 0.169921875 0.4169921875
2 0.46484375 0.267578125 0.0966796875 0.259765625