1 0.6650390625 0.5146484375 0.02734375 0.0791015625
1 0.7919921875 0.46484375 0.029296875 0.0986328125
1 0.6171875 0.349609375 0.0283203125 0.0927734375
1 0.59375 0.1572265625 0.0185546875 0.0361328125
0 0.53515625 0.251953125 0.060546875 0.1123046875
1 0.6298828125 0.4677734375 0.037109375 0.078125
1 0.349609375 0.041015625 0.0087890625 0.0322265625
0 0.4111328125 0.119140625 0.0419921875 0.0947265625
0 0.44140625 0.0341796875 0.0224609375 0.056640625
0 0.50390625 0.0625 0.0234375 0.06640625
0 0.57421875 0.51171875 0.08984375 0.212890625
0 0.5458984375 0.1826171875 0.052734375 0.0625
0 0.5400390625 0.064453125 0.0576171875 0.068359375
0 0.3857421875 0.19921875 0.048828125 0.1123046875
2 0.7880859375 0.7548828125 0.248046875 0.490234375