0 0.4169921875 0.1142578125 0.0380859375 0.068359375
0 0.57421875 0.16796875 0.037109375 0.078125
0 0.5576171875 0.4404296875 0.0849609375 0.1640625
1 0.8564453125 0.478515625 0.0263671875 0.0986328125
0 0.556640625 0.30859375 0.072265625 0.1337890625
0 0.5361328125 0.173828125 0.048828125 0.076171875
0 0.4345703125 0.0302734375 0.025390625 0.0361328125
0 0.4296875 0.4453125 0.0947265625 0.2177734375
0 0.5234375 0.126953125 0.0322265625 0.037109375
1 0.51953125 0.5625 0.046875 0.125
0 0.669921875 0.4296875 0.0927734375 0.2041015625
1 0.810546875 0.50390625 0.03125 0.087890625
1 0.884765625 0.931640625 0.052734375 0.125
0 0.515625 0.0859375 0.0185546875 0.0634765625
1 0.87109375 0.7177734375 0.07421875 0.1455078125
0 0.50390625 0.033203125 0.021484375 0.02734375
1 0.55078125 0.9619140625 0.05859375 0.076171875
1 0.591796875 0.2177734375 0.0244140625 0.0654296875
1 0.43359375 0.951171875 0.06640625 0.091796875
1 0.7109375 0.599609375 0.0322265625 0.091796875
1 0.6767578125 0.646484375 0.05078125 0.154296875
0 0.2802734375 0.841796875 0.21484375 0.3056640625
1 0.59375 0.2919921875 0.0224609375 0.068359375
1 0.6123046875 0.392578125 0.0478515625 0.115234375
1 0.7587890625 0.5283203125 0.03515625 0.068359375
0 0.595703125 0.6904296875 0.150390625 0.388671875
0 0.7783203125 0.7744140625 0.169921875 0.4208984375
2 0.47265625 0.083984375 0.08203125 0.134765625
0 0.4794921875 0.013671875 0.025390625 0.0263671875
2 0.3798828125 0.248046875 0.087890625 0.220703125
0 0.5166015625 0.0146484375 0.01953125 0.029296875
2 0.3203125 0.0400390625 0.02734375 0.04296875