0 0.5546875 0.4375 0.08203125 0.1552734375
0 0.55078125 0.2392578125 0.05859375 0.0888671875
0 0.533203125 0.0234375 0.02734375 0.0302734375
0 0.4296875 0.4287109375 0.08984375 0.1767578125
0 0.50390625 0.025390625 0.0205078125 0.025390625
0 0.537109375 0.173828125 0.05078125 0.080078125
1 0.76171875 0.46484375 0.033203125 0.1083984375
1 0.517578125 0.5634765625 0.0380859375 0.1142578125
1 0.6103515625 0.46875 0.0361328125 0.076171875
1 0.6015625 0.3955078125 0.033203125 0.0830078125
0 0.5986328125 0.2412109375 0.060546875 0.125
1 0.57421875 0.1552734375 0.0263671875 0.052734375
0 0.5263671875 0.1123046875 0.033203125 0.046875
0 0.43359375 0.02734375 0.0263671875 0.0322265625
1 0.548828125 0.1279296875 0.0205078125 0.0390625
0 0.435546875 0.6240234375 0.13671875 0.3427734375
1 0.37109375 0.4541015625 0.0302734375 0.125
0 0.48046875 0.0126953125 0.0263671875 0.025390625
0 0.416015625 0.1142578125 0.04296875 0.06640625
0 0.5947265625 0.69140625 0.1435546875 0.3818359375
0 0.283203125 0.837890625 0.212890625 0.306640625
1 0.328125 0.212890625 0.0283203125 0.0830078125
2 0.4736328125 0.087890625 0.08203125 0.138671875
0 0.77734375 0.7724609375 0.1669921875 0.4169921875
2 0.380859375 0.25 0.08984375 0.2109375