1 0.8505859375 0.513671875 0.029296875 0.1025390625
1 0.3564453125 0.0625 0.015625 0.046875
1 0.76171875 0.4736328125 0.0302734375 0.0947265625
0 0.4287109375 0.447265625 0.0927734375 0.216796875
0 0.548828125 0.236328125 0.052734375 0.0830078125
0 0.6669921875 0.421875 0.083984375 0.1787109375
0 0.5439453125 0.0751953125 0.0283203125 0.0498046875
1 0.5634765625 0.17578125 0.0205078125 0.0625
0 0.58984375 0.193359375 0.0419921875 0.087890625
0 0.4150390625 0.115234375 0.041015625 0.0693359375
0 0.5546875 0.4365234375 0.0830078125 0.1484375
1 0.80078125 0.4951171875 0.04296875 0.1181640625
2 0.22265625 0.1533203125 0.0380859375 0.08984375
1 0.640625 0.2685546875 0.01953125 0.0791015625
1 0.15625 0.2490234375 0.017578125 0.0625
0 0.5986328125 0.6943359375 0.14453125 0.388671875
0 0.525390625 0.1240234375 0.033203125 0.0390625
1 0.609375 0.4052734375 0.037109375 0.1123046875
0 0.43359375 0.056640625 0.03125 0.056640625
1 0.859375 0.7275390625 0.029296875 0.107421875
0 0.279296875 0.8408203125 0.220703125 0.306640625
1 0.7255859375 0.5615234375 0.0390625 0.08984375
1 0.1376953125 0.2236328125 0.0146484375 0.052734375
0 0.515625 0.0830078125 0.0185546875 0.056640625
1 0.541015625 0.5205078125 0.0263671875 0.0791015625
1 0.3701171875 0.458984375 0.0283203125 0.1123046875
1 0.6513671875 0.580078125 0.03515625 0.111328125
2 0.267578125 0.14453125 0.0634765625 0.1640625
1 0.611328125 0.2724609375 0.01953125 0.0498046875
0 0.78125 0.7734375 0.169921875 0.421875
2 0.380859375 0.2333984375 0.0869140625 0.2333984375
0 0.50390625 0.017578125 0.02734375 0.03515625
0 0.53515625 0.1689453125 0.04296875 0.0712890625
0 0.4462890625 0.015625 0.025390625 0.0302734375
0 0.48046875 0.013671875 0.0263671875 0.0263671875
2 0.3662109375 0.01953125 0.0322265625 0.0390625