1 0.7900390625 0.4677734375 0.0302734375 0.0986328125
0 0.416015625 0.09765625 0.041015625 0.08203125
0 0.4423828125 0.033203125 0.0244140625 0.0556640625
0 0.53515625 0.2490234375 0.0576171875 0.1044921875
2 0.541015625 0.1064453125 0.0615234375 0.1455078125
0 0.5048828125 0.0791015625 0.01953125 0.052734375
0 0.625 0.681640625 0.1181640625 0.359375
0 0.4599609375 0.2392578125 0.060546875 0.09765625
0 0.3876953125 0.1962890625 0.05078125 0.1123046875
0 0.50390625 0.0302734375 0.0224609375 0.0517578125
0 0.5703125 0.5126953125 0.0810546875 0.2138671875
2 0.234375 0.5263671875 0.2890625 0.73046875
2 0.7880859375 0.75390625 0.251953125 0.4833984375