0 0.5556640625 0.4375 0.0830078125 0.177734375
0 0.54296875 0.0869140625 0.0263671875 0.0517578125
0 0.548828125 0.236328125 0.0556640625 0.0849609375
1 0.435546875 0.9306640625 0.0712890625 0.130859375
0 0.431640625 0.431640625 0.091796875 0.19140625
0 0.4169921875 0.1142578125 0.0419921875 0.0712890625
1 0.73828125 0.4677734375 0.03515625 0.12890625
1 0.5166015625 0.5634765625 0.03515625 0.1142578125
1 0.6171875 0.3974609375 0.0390625 0.111328125
1 0.548828125 0.9384765625 0.0654296875 0.1220703125
1 0.8857421875 0.9296875 0.0546875 0.1318359375
0 0.6787109375 0.4384765625 0.09765625 0.232421875
0 0.2841796875 0.8388671875 0.21484375 0.30859375
0 0.595703125 0.693359375 0.146484375 0.3876953125
2 0.4736328125 0.0849609375 0.08203125 0.1376953125
1 0.609375 0.23828125 0.0166015625 0.0537109375
2 0.380859375 0.25390625 0.0888671875 0.216796875
0 0.7802734375 0.7685546875 0.1708984375 0.4150390625
0 0.5234375 0.126953125 0.0283203125 0.04296875
0 0.43359375 0.0302734375 0.0263671875 0.0322265625
0 0.50390625 0.025390625 0.021484375 0.0302734375
0 0.1103515625 0.263671875 0.0595703125 0.109375
0 0.48046875 0.0126953125 0.0263671875 0.025390625
0 0.517578125 0.0810546875 0.0224609375 0.0625