1 0.546875 0.2568359375 0.021484375 0.080078125
0 0.513671875 0.083984375 0.021484375 0.056640625
1 0.564453125 0.2431640625 0.0166015625 0.0693359375
1 0.5390625 0.1943359375 0.0244140625 0.0615234375
0 0.416015625 0.0986328125 0.0419921875 0.080078125
0 0.44140625 0.03125 0.0234375 0.048828125
0 0.6162109375 0.3857421875 0.064453125 0.18359375
2 0.7119140625 0.5908203125 0.16796875 0.5009765625
0 0.525390625 0.048828125 0.0146484375 0.0390625
0 0.38671875 0.2001953125 0.05078125 0.119140625
0 0.5498046875 0.4521484375 0.05859375 0.232421875
0 0.2587890625 0.1337890625 0.0390625 0.0517578125
0 0.3271484375 0.056640625 0.0244140625 0.0556640625
0 0.6015625 0.263671875 0.056640625 0.107421875
0 0.4658203125 0.2099609375 0.0615234375 0.1123046875
0 0.28125 0.080078125 0.0224609375 0.0458984375
2 0.2333984375 0.5224609375 0.2880859375 0.7275390625