1 0.3681640625 0.0400390625 0.0146484375 0.03515625
0 0.3486328125 0.03515625 0.0205078125 0.0400390625
0 0.2724609375 0.1787109375 0.044921875 0.078125
1 0.32421875 0.0498046875 0.0146484375 0.0390625
1 0.541015625 0.7119140625 0.0546875 0.16796875
1 0.6005859375 0.673828125 0.044921875 0.16015625
0 0.48046875 0.0126953125 0.0263671875 0.025390625
1 0.2607421875 0.1142578125 0.013671875 0.044921875
0 0.4345703125 0.0205078125 0.01953125 0.029296875
0 0.4287109375 0.4443359375 0.0908203125 0.2109375
1 0.330078125 0.2197265625 0.02734375 0.068359375
0 0.41796875 0.1162109375 0.0419921875 0.0751953125
0 0.5625 0.1875 0.0341796875 0.1025390625
1 0.6083984375 0.5537109375 0.03515625 0.1044921875
1 0.525390625 0.2392578125 0.013671875 0.0615234375
2 0.3818359375 0.2490234375 0.0830078125 0.1982421875
0 0.33203125 0.1064453125 0.0390625 0.0595703125
1 0.228515625 0.2099609375 0.02734375 0.0537109375
1 0.517578125 0.1044921875 0.0126953125 0.046875
1 0.2861328125 0.068359375 0.015625 0.0302734375
0 0.41015625 0.013671875 0.017578125 0.0263671875
1 0.54296875 0.2822265625 0.02734375 0.080078125
0 0.43359375 0.056640625 0.029296875 0.046875
1 0.375 0.4375 0.0400390625 0.1669921875
0 0.193359375 0.189453125 0.0439453125 0.0849609375
0 0.2841796875 0.83984375 0.21484375 0.3056640625
2 0.4736328125 0.08984375 0.0849609375 0.1455078125
1 0.69140625 0.955078125 0.07421875 0.0830078125
2 0.6328125 0.2978515625 0.1279296875 0.3515625