1 0.609375 0.146484375 0.015625 0.04296875
1 0.791015625 0.46484375 0.029296875 0.095703125
1 0.62109375 0.3291015625 0.0244140625 0.078125
1 0.591796875 0.2275390625 0.021484375 0.06640625
0 0.5439453125 0.2275390625 0.0654296875 0.1123046875
1 0.59375 0.158203125 0.0185546875 0.044921875
1 0.6416015625 0.392578125 0.029296875 0.0986328125
0 0.41015625 0.1142578125 0.0419921875 0.0751953125
0 0.50390625 0.05859375 0.0244140625 0.0615234375
0 0.5703125 0.5126953125 0.08203125 0.2109375
0 0.4423828125 0.03515625 0.0234375 0.05859375
0 0.541015625 0.05859375 0.0556640625 0.056640625
0 0.4638671875 0.21484375 0.0615234375 0.10546875
0 0.3896484375 0.1962890625 0.056640625 0.1142578125
2 0.234375 0.525390625 0.2900390625 0.7265625
2 0.7890625 0.75390625 0.244140625 0.490234375