1 0.7900390625 0.470703125 0.0263671875 0.0830078125
1 0.7529296875 0.431640625 0.0263671875 0.0625
1 0.6025390625 0.2744140625 0.01953125 0.068359375
1 0.6181640625 0.1455078125 0.0166015625 0.0361328125
0 0.533203125 0.24609375 0.0576171875 0.1044921875
1 0.62890625 0.3115234375 0.0224609375 0.05859375
0 0.4111328125 0.111328125 0.0400390625 0.080078125
0 0.3447265625 0.0302734375 0.0205078125 0.03515625
0 0.50390625 0.0625 0.0224609375 0.0615234375
0 0.5712890625 0.513671875 0.0849609375 0.2099609375
0 0.44140625 0.0302734375 0.021484375 0.0458984375
0 0.501953125 0.01953125 0.025390625 0.0390625
0 0.3857421875 0.2001953125 0.048828125 0.1162109375
2 0.541015625 0.1181640625 0.06640625 0.171875
0 0.37109375 0.04296875 0.01953125 0.0361328125
2 0.2314453125 0.525390625 0.28515625 0.7265625