1 0.609375 0.314453125 0.01953125 0.0595703125
1 0.6640625 0.5146484375 0.0283203125 0.0791015625
1 0.7919921875 0.462890625 0.029296875 0.0986328125
1 0.60546875 0.1474609375 0.0166015625 0.0400390625
1 0.62890625 0.46484375 0.037109375 0.0830078125
0 0.5478515625 0.22265625 0.0595703125 0.1123046875
0 0.4111328125 0.119140625 0.0419921875 0.0927734375
0 0.50390625 0.0615234375 0.0224609375 0.0625
0 0.5732421875 0.51171875 0.08984375 0.212890625
0 0.44140625 0.03515625 0.0224609375 0.056640625
0 0.384765625 0.2001953125 0.048828125 0.1142578125
2 0.541015625 0.1123046875 0.0625 0.1552734375
2 0.7880859375 0.75390625 0.251953125 0.4892578125