1 0.5439453125 0.5615234375 0.0400390625 0.1357421875
0 0.37109375 0.224609375 0.0625 0.125
0 0.318359375 0.388671875 0.0947265625 0.1904296875
0 0.40625 0.1220703125 0.0546875 0.09765625
1 0.7412109375 0.5322265625 0.04296875 0.1259765625
1 0.3408203125 0.755859375 0.0537109375 0.177734375
0 0.4697265625 0.130859375 0.0400390625 0.0830078125
0 0.44140625 0.3515625 0.0615234375 0.1474609375
0 0.5283203125 0.1708984375 0.048828125 0.0947265625
1 0.5029296875 0.591796875 0.044921875 0.1279296875
1 0.6103515625 0.318359375 0.02734375 0.076171875
1 0.388671875 0.662109375 0.046875 0.138671875
0 0.5087890625 0.0224609375 0.0224609375 0.0322265625
0 0.4365234375 0.046875 0.0283203125 0.056640625
1 0.578125 0.3037109375 0.0224609375 0.0517578125
0 0.5234375 0.107421875 0.0341796875 0.0556640625
0 0.509765625 0.0673828125 0.02734375 0.0517578125
1 0.2265625 0.8671875 0.06640625 0.2265625
0 0.5849609375 0.43359375 0.083984375 0.216796875
0 0.4482421875 0.015625 0.021484375 0.03125
1 0.576171875 0.23046875 0.015625 0.0556640625
1 0.533203125 0.3740234375 0.02734375 0.091796875
0 0.474609375 0.013671875 0.0224609375 0.0263671875
1 0.673828125 0.49609375 0.048828125 0.1640625
1 0.619140625 0.39453125 0.0185546875 0.072265625
0 0.2060546875 0.1748046875 0.068359375 0.099609375
1 0.892578125 0.7822265625 0.0458984375 0.150390625
0 0.6650390625 0.7392578125 0.138671875 0.369140625
1 0.5419921875 0.0654296875 0.0107421875 0.0361328125
0 0.2236328125 0.5966796875 0.1572265625 0.3544921875
1 0.294921875 0.9326171875 0.0712890625 0.12890625
0 0.4609375 0.818359375 0.197265625 0.3544921875
0 0.30859375 0.037109375 0.0205078125 0.0458984375