1 0.7900390625 0.4658203125 0.03515625 0.0986328125
1 0.6015625 0.158203125 0.0146484375 0.046875
1 0.60546875 0.2578125 0.017578125 0.076171875
1 0.7587890625 0.423828125 0.0390625 0.0849609375
1 0.640625 0.4794921875 0.0380859375 0.068359375
0 0.533203125 0.25 0.0576171875 0.1142578125
1 0.62890625 0.13671875 0.0224609375 0.04296875
0 0.5732421875 0.5146484375 0.08984375 0.2099609375
0 0.4111328125 0.119140625 0.0439453125 0.0927734375
0 0.50390625 0.0615234375 0.0244140625 0.0654296875
0 0.44140625 0.03125 0.0234375 0.048828125
0 0.5400390625 0.0625 0.0576171875 0.0634765625
0 0.38671875 0.1962890625 0.05078125 0.115234375
0 0.533203125 0.1787109375 0.046875 0.0615234375
2 0.23046875 0.5244140625 0.2880859375 0.7236328125
2 0.796875 0.7509765625 0.228515625 0.4775390625