1 0.615234375 0.4384765625 0.02734375 0.076171875
1 0.791015625 0.46484375 0.0322265625 0.0986328125
1 0.6611328125 0.509765625 0.033203125 0.091796875
0 0.4111328125 0.111328125 0.0390625 0.0712890625
0 0.57421875 0.513671875 0.0888671875 0.212890625
0 0.44140625 0.02734375 0.0224609375 0.048828125
0 0.50390625 0.05859375 0.0224609375 0.0517578125
0 0.5400390625 0.068359375 0.05859375 0.072265625
0 0.38671875 0.193359375 0.05078125 0.10546875
0 0.53125 0.2392578125 0.0546875 0.087890625
0 0.380859375 0.0205078125 0.0244140625 0.037109375
2 0.2119140625 0.1806640625 0.060546875 0.072265625
2 0.36328125 0.0576171875 0.0263671875 0.0458984375
2 0.7841796875 0.7548828125 0.2607421875 0.4873046875
2 0.23828125 0.5224609375 0.2890625 0.72265625