1 0.63671875 0.240234375 0.0185546875 0.0615234375
1 0.69140625 0.27734375 0.0322265625 0.0751953125
1 0.34765625 0.0888671875 0.01171875 0.0361328125
1 0.37109375 0.0634765625 0.0107421875 0.033203125
0 0.58984375 0.1904296875 0.04296875 0.0859375
0 0.5546875 0.423828125 0.0810546875 0.1787109375
1 0.861328125 0.505859375 0.03515625 0.115234375
1 0.5625 0.1748046875 0.021484375 0.0615234375
1 0.27734375 0.12109375 0.01171875 0.0302734375
1 0.3203125 0.1142578125 0.01171875 0.033203125
1 0.78125 0.3505859375 0.0302734375 0.0791015625
1 0.6123046875 0.2412109375 0.0205078125 0.0595703125
1 0.515625 0.5625 0.0419921875 0.1220703125
1 0.8037109375 0.509765625 0.037109375 0.1083984375
0 0.416015625 0.111328125 0.0380859375 0.0712890625
0 0.6708984375 0.4208984375 0.0888671875 0.19140625
0 0.54296875 0.0732421875 0.02734375 0.048828125
0 0.4306640625 0.431640625 0.0888671875 0.1943359375
0 0.525390625 0.1279296875 0.033203125 0.0419921875
1 0.5185546875 0.22265625 0.0234375 0.0712890625
1 0.3017578125 0.14453125 0.009765625 0.0361328125
1 0.7158203125 0.484375 0.025390625 0.09765625
0 0.59765625 0.6962890625 0.1484375 0.388671875
1 0.32421875 0.1767578125 0.015625 0.04296875
1 0.7109375 0.5869140625 0.03125 0.0849609375
1 0.541015625 0.52734375 0.02734375 0.0947265625
1 0.7607421875 0.48046875 0.0322265625 0.111328125
2 0.47265625 0.0888671875 0.08203125 0.138671875
1 0.8857421875 0.93359375 0.046875 0.1279296875
1 0.818359375 0.6142578125 0.0234375 0.068359375
1 0.8466796875 0.703125 0.03515625 0.1318359375
0 0.4326171875 0.0546875 0.0302734375 0.0537109375
0 0.50390625 0.015625 0.02734375 0.03125
1 0.240234375 0.1767578125 0.0234375 0.0458984375
0 0.2822265625 0.841796875 0.2138671875 0.3056640625
0 0.7802734375 0.7744140625 0.1689453125 0.423828125
0 0.376953125 0.279296875 0.0712890625 0.1474609375
0 0.515625 0.078125 0.01953125 0.052734375
2 0.26953125 0.0537109375 0.0517578125 0.0537109375
0 0.4462890625 0.015625 0.025390625 0.0302734375
0 0.48046875 0.0126953125 0.025390625 0.025390625
0 0.61328125 0.412109375 0.0537109375 0.1357421875
2 0.3076171875 0.046875 0.0185546875 0.04296875