0 0.5556640625 0.439453125 0.083984375 0.181640625
0 0.5361328125 0.1767578125 0.0517578125 0.087890625
0 0.4267578125 0.443359375 0.09375 0.216796875
0 0.546875 0.09765625 0.0302734375 0.05859375
1 0.7626953125 0.4677734375 0.0302734375 0.10546875
1 0.4375 0.931640625 0.072265625 0.1318359375
1 0.6083984375 0.248046875 0.03515625 0.0732421875
1 0.517578125 0.55859375 0.046875 0.142578125
1 0.73828125 0.515625 0.037109375 0.1025390625
1 0.61328125 0.455078125 0.0400390625 0.099609375
1 0.65234375 0.3134765625 0.029296875 0.0390625
0 0.2841796875 0.837890625 0.216796875 0.306640625
0 0.4150390625 0.1162109375 0.0478515625 0.0751953125
1 0.375 0.4384765625 0.0390625 0.162109375
2 0.4736328125 0.0859375 0.083984375 0.1357421875
0 0.6787109375 0.4384765625 0.1005859375 0.2333984375
1 0.88671875 0.923828125 0.0546875 0.1455078125
0 0.599609375 0.6923828125 0.1533203125 0.390625
0 0.5009765625 0.0166015625 0.029296875 0.033203125
0 0.431640625 0.0517578125 0.03515625 0.0537109375
0 0.779296875 0.77734375 0.1708984375 0.4150390625
2 0.3828125 0.240234375 0.0908203125 0.23046875
0 0.232421875 0.146484375 0.0546875 0.08203125
0 0.5234375 0.033203125 0.02734375 0.052734375