1 0.5732421875 0.892578125 0.08984375 0.2041015625
1 0.7900390625 0.4658203125 0.0263671875 0.0927734375
0 0.5322265625 0.244140625 0.056640625 0.099609375
1 0.67578125 0.525390625 0.029296875 0.1123046875
0 0.4423828125 0.029296875 0.0234375 0.0498046875
0 0.57421875 0.5146484375 0.0869140625 0.2099609375
0 0.541015625 0.064453125 0.0576171875 0.0654296875
0 0.400390625 0.162109375 0.0517578125 0.1025390625
0 0.5029296875 0.060546875 0.0263671875 0.0595703125
0 0.4208984375 0.0751953125 0.0478515625 0.09765625
0 0.375 0.2392578125 0.0458984375 0.1259765625
0 0.501953125 0.0185546875 0.0234375 0.037109375
0 0.1552734375 0.251953125 0.0634765625 0.095703125
2 0.78515625 0.75390625 0.2607421875 0.490234375
2 0.2294921875 0.52734375 0.2919921875 0.7236328125