1 0.619140625 0.3974609375 0.0341796875 0.1181640625
1 0.7177734375 0.3388671875 0.0302734375 0.07421875
1 0.8896484375 0.447265625 0.044921875 0.0927734375
1 0.8544921875 0.439453125 0.0283203125 0.0888671875
0 0.63671875 0.2763671875 0.0732421875 0.1611328125
1 0.8076171875 0.22265625 0.017578125 0.05859375
0 0.1181640625 0.1357421875 0.0693359375 0.1142578125
0 0.638671875 0.0390625 0.0546875 0.078125
1 0.7109375 0.091796875 0.0166015625 0.041015625
0 0.4228515625 0.1845703125 0.0673828125 0.1513671875
0 0.2919921875 0.4384765625 0.1171875 0.279296875
0 0.521484375 0.2353515625 0.0693359375 0.1337890625
0 0.1220703125 0.0361328125 0.0673828125 0.0712890625
2 0.73828125 0.2236328125 0.08984375 0.220703125
0 0.8037109375 0.4541015625 0.1083984375 0.2412109375
1 0.875 0.3818359375 0.0283203125 0.068359375
0 0.4697265625 0.125 0.05859375 0.1142578125
0 0.86328125 0.669921875 0.1064453125 0.3740234375
0 0.521484375 0.0576171875 0.0322265625 0.107421875
1 0.2861328125 0.2685546875 0.0263671875 0.068359375
0 0.68359375 0.4423828125 0.0927734375 0.25
2 0.57421875 0.0830078125 0.1015625 0.166015625
1 0.8271484375 0.2705078125 0.0224609375 0.0732421875
1 0.48046875 0.4853515625 0.02734375 0.0869140625
1 0.6953125 0.310546875 0.0205078125 0.0390625
0 0.591796875 0.7080078125 0.1416015625 0.369140625
1 0.3115234375 0.1806640625 0.017578125 0.048828125
1 0.4462890625 0.3623046875 0.033203125 0.064453125
1 0.744140625 0.03125 0.009765625 0.025390625
0 0.236328125 0.6796875 0.15234375 0.375
0 0.419921875 0.5283203125 0.1201171875 0.3095703125
1 0.7861328125 0.322265625 0.0263671875 0.0439453125
1 0.7158203125 0.0166015625 0.013671875 0.033203125
1 0.3759765625 0.2568359375 0.0205078125 0.080078125
0 0.744140625 0.6865234375 0.1474609375 0.33203125