1 0.19140625 0.58203125 0.0546875 0.169921875
1 0.2685546875 0.3271484375 0.0322265625 0.0966796875
1 0.41796875 0.509765625 0.0380859375 0.13671875
1 0.4541015625 0.666015625 0.0556640625 0.1806640625
2 0.8212890625 0.451171875 0.1943359375 0.5537109375
0 0.6416015625 0.1552734375 0.0673828125 0.1279296875
0 0.171875 0.150390625 0.0712890625 0.1240234375
0 0.328125 0.3291015625 0.1044921875 0.185546875
0 0.3896484375 0.0888671875 0.0537109375 0.09765625
0 0.44921875 0.046875 0.0478515625 0.09375
0 0.5537109375 0.138671875 0.0615234375 0.1240234375
1 0.6328125 0.25 0.029296875 0.064453125
0 0.12109375 0.11328125 0.0537109375 0.119140625
0 0.703125 0.138671875 0.0576171875 0.0966796875
0 0.1240234375 0.03515625 0.048828125 0.0556640625
1 0.7353515625 0.1376953125 0.0224609375 0.0712890625
0 0.4931640625 0.03515625 0.03515625 0.0693359375
1 0.423828125 0.33203125 0.02734375 0.072265625
0 0.646484375 0.0283203125 0.044921875 0.048828125
0 0.5048828125 0.408203125 0.09765625 0.2333984375
0 0.4765625 0.1923828125 0.06640625 0.16015625
0 0.6025390625 0.0595703125 0.05078125 0.1162109375
0 0.62109375 0.3857421875 0.1083984375 0.244140625
0 0.359375 0.1572265625 0.0615234375 0.08984375
1 0.77734375 0.162109375 0.0283203125 0.03515625
0 0.541015625 0.017578125 0.03515625 0.03515625
0 0.6982421875 0.2607421875 0.0703125 0.1806640625
0 0.2978515625 0.5693359375 0.14453125 0.3740234375
1 0.2265625 0.4501953125 0.0390625 0.12109375
1 0.5087890625 0.099609375 0.0263671875 0.0888671875
0 0.5693359375 0.01953125 0.02734375 0.0390625
0 0.5693359375 0.7978515625 0.1650390625 0.3837890625
1 0.255859375 0.9423828125 0.0927734375 0.1064453125
0 0.3896484375 0.0244140625 0.0400390625 0.044921875
0 0.24609375 0.0556640625 0.048828125 0.0947265625
1 0.681640625 0.3837890625 0.029296875 0.087890625
0 0.091796875 0.0341796875 0.01953125 0.048828125
1 0.720703125 0.0966796875 0.0146484375 0.03125
1 0.80859375 0.734375 0.046875 0.1796875
0 0.7109375 0.015625 0.013671875 0.0283203125
1 0.4326171875 0.0146484375 0.0126953125 0.0283203125
1 0.7333984375 0.025390625 0.0205078125 0.044921875
1 0.091796875 0.927734375 0.025390625 0.138671875
1 0.19921875 0.2451171875 0.0146484375 0.05078125
0 0.6796875 0.0380859375 0.0302734375 0.0341796875
1 0.28515625 0.2509765625 0.0263671875 0.0751953125
1 0.412109375 0.017578125 0.01171875 0.0341796875