1 0.400390625 0.4248046875 0.0322265625 0.115234375
1 0.7138671875 0.111328125 0.017578125 0.0439453125
0 0.369140625 0.150390625 0.06640625 0.13671875
1 0.5810546875 0.048828125 0.017578125 0.0615234375
1 0.6025390625 0.0361328125 0.0205078125 0.052734375
0 0.521484375 0.046875 0.0419921875 0.0830078125
1 0.8212890625 0.29296875 0.029296875 0.0947265625
0 0.62890625 0.140625 0.0546875 0.1083984375
0 0.5615234375 0.1337890625 0.05859375 0.107421875
0 0.208984375 0.087890625 0.0546875 0.0986328125
0 0.71484375 0.1953125 0.0517578125 0.140625
0 0.4697265625 0.02734375 0.044921875 0.0546875
1 0.6240234375 0.017578125 0.0146484375 0.03515625
0 0.318359375 0.4638671875 0.1064453125 0.2578125
1 0.443359375 0.1572265625 0.025390625 0.0986328125
1 0.41796875 0.037109375 0.0146484375 0.052734375
1 0.5009765625 0.046875 0.013671875 0.04296875
1 0.1103515625 0.021484375 0.013671875 0.0419921875
1 0.150390625 0.017578125 0.0166015625 0.0341796875
0 0.744140625 0.4091796875 0.1171875 0.2421875
0 0.2431640625 0.0185546875 0.037109375 0.037109375
0 0.6357421875 0.453125 0.11328125 0.27734375
0 0.2734375 0.6787109375 0.14453125 0.3154296875
2 0.6748046875 0.08984375 0.0556640625 0.1376953125
0 0.66796875 0.2431640625 0.0712890625 0.1533203125
0 0.1259765625 0.1259765625 0.0693359375 0.1240234375
1 0.5322265625 0.1064453125 0.013671875 0.0498046875
0 0.6025390625 0.2548828125 0.0751953125 0.181640625
0 0.84765625 0.7080078125 0.1416015625 0.3876953125
1 0.7900390625 0.3603515625 0.0244140625 0.08984375
0 0.8662109375 0.4541015625 0.1005859375 0.2099609375
1 0.908203125 0.3759765625 0.0185546875 0.087890625
1 0.8134765625 0.2265625 0.033203125 0.0546875
0 0.5029296875 0.53515625 0.140625 0.4091796875
1 0.69921875 0.1015625 0.013671875 0.046875
1 0.6640625 0.330078125 0.0224609375 0.0576171875
1 0.71484375 0.0166015625 0.013671875 0.0322265625
0 0.5791015625 0.8720703125 0.1904296875 0.25
1 0.5927734375 0.013671875 0.0146484375 0.02734375
1 0.447265625 0.0244140625 0.0166015625 0.0361328125
0 0.4833984375 0.1455078125 0.0595703125 0.0654296875
1 0.59765625 0.09765625 0.0126953125 0.05859375