1 0.671875 0.1103515625 0.015625 0.0439453125
2 0.7763671875 0.564453125 0.220703125 0.5986328125
1 0.662109375 0.080078125 0.013671875 0.046875
1 0.7021484375 0.1103515625 0.01953125 0.0595703125
1 0.4248046875 0.158203125 0.0234375 0.080078125
0 0.6044921875 0.0703125 0.048828125 0.10546875
1 0.7470703125 0.19921875 0.0244140625 0.080078125
1 0.7412109375 0.0302734375 0.0087890625 0.0263671875
1 0.5732421875 0.0107421875 0.013671875 0.021484375
0 0.701171875 0.2451171875 0.095703125 0.1328125
1 0.6962890625 0.1650390625 0.021484375 0.048828125
1 0.5263671875 0.01171875 0.0146484375 0.0234375
0 0.525390625 0.0810546875 0.0458984375 0.0869140625
1 0.6064453125 0.0126953125 0.01171875 0.025390625
0 0.416015625 0.427734375 0.10546875 0.2783203125
0 0.28515625 0.4169921875 0.11328125 0.2841796875
0 0.419921875 0.8515625 0.1689453125 0.28125
1 0.0888671875 0.056640625 0.0146484375 0.0537109375
1 0.14453125 0.013671875 0.0126953125 0.0263671875
1 0.7119140625 0.015625 0.0126953125 0.03125