2 0.78515625 0.5703125 0.2548828125 0.6015625
1 0.669921875 0.099609375 0.0166015625 0.04296875
1 0.787109375 0.1591796875 0.0224609375 0.0546875
1 0.8125 0.298828125 0.029296875 0.0908203125
0 0.400390625 0.0458984375 0.048828125 0.076171875
1 0.7880859375 0.283203125 0.0263671875 0.078125
0 0.6640625 0.205078125 0.07421875 0.1533203125
0 0.28515625 0.4169921875 0.109375 0.279296875
0 0.4697265625 0.2080078125 0.0751953125 0.1552734375
0 0.41796875 0.5517578125 0.1240234375 0.357421875
0 0.443359375 0.021484375 0.03515625 0.04296875
0 0.419921875 0.30859375 0.0849609375 0.171875
1 0.8046875 0.236328125 0.0302734375 0.0595703125
0 0.6005859375 0.6767578125 0.138671875 0.4189453125
0 0.6416015625 0.4052734375 0.0673828125 0.2548828125
0 0.5458984375 0.3818359375 0.0966796875 0.234375
0 0.8896484375 0.5888671875 0.056640625 0.2900390625
1 0.7119140625 0.017578125 0.01171875 0.0341796875
1 0.771484375 0.1044921875 0.01171875 0.041015625
1 0.78515625 0.1162109375 0.013671875 0.03515625
0 0.7353515625 0.2568359375 0.0712890625 0.04296875
1 0.7421875 0.0322265625 0.0087890625 0.0263671875
1 0.2998046875 0.25 0.029296875 0.0625