2 0.7138671875 0.283203125 0.125 0.359375
2 0.3359375 0.302734375 0.1103515625 0.2568359375
0 0.3681640625 0.158203125 0.06640625 0.140625
1 0.5244140625 0.185546875 0.0244140625 0.0869140625
0 0.4794921875 0.16796875 0.0703125 0.1513671875
0 0.46484375 0.3408203125 0.0966796875 0.2607421875
0 0.52734375 0.0517578125 0.0439453125 0.0888671875
0 0.650390625 0.091796875 0.0537109375 0.109375
0 0.57421875 0.2431640625 0.0732421875 0.1845703125
1 0.42578125 0.048828125 0.0166015625 0.05078125
0 0.30859375 0.5537109375 0.12890625 0.3125
0 0.57421875 0.1201171875 0.0556640625 0.1123046875
1 0.505859375 0.142578125 0.013671875 0.0625
1 0.5693359375 0.4697265625 0.0419921875 0.126953125
0 0.1220703125 0.1064453125 0.0703125 0.0986328125
0 0.775390625 0.8330078125 0.1962890625 0.3232421875
1 0.7587890625 0.642578125 0.06640625 0.080078125
0 0.2509765625 0.052734375 0.0478515625 0.099609375
0 0.2841796875 0.0263671875 0.033203125 0.05078125
1 0.447265625 0.1162109375 0.0205078125 0.0654296875
1 0.40625 0.947265625 0.0927734375 0.1015625
0 0.490234375 0.033203125 0.013671875 0.05859375
1 0.5224609375 0.1005859375 0.017578125 0.0380859375
2 0.8046875 0.294921875 0.087890625 0.234375
0 0.87890625 0.4462890625 0.0732421875 0.12109375
1 0.505859375 0.0234375 0.013671875 0.044921875
1 0.5732421875 0.009765625 0.0146484375 0.01953125
2 0.6162109375 0.0185546875 0.052734375 0.037109375
2 0.7587890625 0.1328125 0.06640625 0.0517578125