1 0.6162109375 0.3974609375 0.0390625 0.1201171875
1 0.8408203125 0.3662109375 0.0380859375 0.0703125
1 0.8125 0.3310546875 0.0322265625 0.0576171875
0 0.41796875 0.1708984375 0.06640625 0.12890625
1 0.8828125 0.4658203125 0.037109375 0.0625
1 0.841796875 0.3017578125 0.029296875 0.0712890625
1 0.6611328125 0.0908203125 0.0244140625 0.0478515625
0 0.6337890625 0.2744140625 0.076171875 0.1650390625
1 0.384765625 0.4013671875 0.033203125 0.1064453125
0 0.5322265625 0.345703125 0.091796875 0.2021484375
0 0.4921875 0.169921875 0.05859375 0.142578125
1 0.7841796875 0.2451171875 0.0166015625 0.0654296875
1 0.478515625 0.4658203125 0.03515625 0.12109375
0 0.630859375 0.1123046875 0.0390625 0.0791015625
0 0.3291015625 0.294921875 0.0986328125 0.205078125
1 0.7861328125 0.310546875 0.02734375 0.05859375
0 0.5810546875 0.21484375 0.0703125 0.16015625
0 0.09765625 0.048828125 0.0322265625 0.080078125
2 0.7353515625 0.216796875 0.091796875 0.2099609375
0 0.2314453125 0.0673828125 0.041015625 0.0810546875
1 0.8544921875 0.419921875 0.02734375 0.078125
1 0.7373046875 0.3544921875 0.029296875 0.0625
0 0.8603515625 0.673828125 0.1103515625 0.3701171875
0 0.1962890625 0.1337890625 0.0703125 0.1240234375
2 0.5732421875 0.0830078125 0.09765625 0.166015625
1 0.44140625 0.353515625 0.03515625 0.0771484375
1 0.6962890625 0.294921875 0.037109375 0.078125
0 0.6806640625 0.443359375 0.0927734375 0.25
1 0.1396484375 0.0205078125 0.0146484375 0.0380859375
1 0.70703125 0.091796875 0.0166015625 0.041015625
1 0.3701171875 0.1767578125 0.02734375 0.0546875
0 0.37109375 0.0888671875 0.0556640625 0.119140625
1 0.8779296875 0.376953125 0.0361328125 0.0654296875
0 0.6337890625 0.017578125 0.037109375 0.03515625
1 0.2880859375 0.251953125 0.0263671875 0.0625
1 0.5078125 0.0810546875 0.0244140625 0.0625
1 0.5244140625 0.119140625 0.01953125 0.056640625
0 0.802734375 0.4462890625 0.107421875 0.236328125
0 0.5888671875 0.7080078125 0.1396484375 0.375
1 0.7119140625 0.0166015625 0.013671875 0.033203125
0 0.41796875 0.533203125 0.1181640625 0.30078125
1 0.1513671875 0.009765625 0.013671875 0.01953125
2 0.4541015625 0.0439453125 0.0771484375 0.080078125
0 0.2353515625 0.6787109375 0.15234375 0.375
0 0.099609375 0.3095703125 0.0361328125 0.1474609375
1 0.3076171875 0.0126953125 0.013671875 0.025390625
1 0.8359375 0.232421875 0.025390625 0.0771484375
2 0.740234375 0.6875 0.15234375 0.3369140625