1 0.4208984375 0.0732421875 0.017578125 0.0556640625
1 0.392578125 0.451171875 0.044921875 0.154296875
1 0.7783203125 0.1630859375 0.01953125 0.0361328125
1 0.2373046875 0.015625 0.01171875 0.029296875
1 0.8349609375 0.232421875 0.0224609375 0.052734375
1 0.0888671875 0.0576171875 0.0146484375 0.0498046875
0 0.537109375 0.138671875 0.0595703125 0.125
1 0.2197265625 0.0146484375 0.01171875 0.029296875
2 0.3349609375 0.2880859375 0.1083984375 0.2724609375
0 0.375 0.1005859375 0.05859375 0.11328125
1 0.412109375 0.234375 0.0302734375 0.0888671875
1 0.732421875 0.1318359375 0.025390625 0.044921875
1 0.150390625 0.880859375 0.0634765625 0.21875
1 0.7490234375 0.1455078125 0.017578125 0.0498046875
0 0.6279296875 0.166015625 0.0576171875 0.123046875
1 0.13671875 0.0478515625 0.01953125 0.056640625
0 0.630859375 0.0283203125 0.03125 0.056640625
1 0.2685546875 0.0107421875 0.017578125 0.021484375
1 0.11328125 0.056640625 0.01953125 0.0654296875
0 0.8681640625 0.380859375 0.0849609375 0.1640625
0 0.5634765625 0.03125 0.0380859375 0.0625
0 0.482421875 0.4677734375 0.1181640625 0.2451171875
1 0.6435546875 0.0986328125 0.013671875 0.0400390625
0 0.6787109375 0.22265625 0.0634765625 0.142578125
0 0.5078125 0.0263671875 0.03515625 0.052734375
1 0.2490234375 0.015625 0.013671875 0.03125
2 0.7685546875 0.3876953125 0.12890625 0.2587890625
0 0.6015625 0.048828125 0.0478515625 0.0947265625
0 0.576171875 0.298828125 0.0859375 0.193359375
0 0.689453125 0.119140625 0.0556640625 0.0791015625
1 0.392578125 0.2607421875 0.0234375 0.056640625
0 0.4736328125 0.2802734375 0.09375 0.201171875
2 0.6328125 0.45703125 0.1357421875 0.3154296875
2 0.462890625 0.0869140625 0.064453125 0.1591796875
0 0.2685546875 0.685546875 0.142578125 0.3203125
2 0.767578125 0.720703125 0.2177734375 0.5341796875
1 0.3076171875 0.013671875 0.013671875 0.02734375
1 0.15234375 0.0146484375 0.017578125 0.029296875
0 0.7294921875 0.193359375 0.064453125 0.09375
1 0.2890625 0.017578125 0.01171875 0.03515625