1 0.40234375 0.5302734375 0.0458984375 0.154296875
1 0.7880859375 0.6455078125 0.0478515625 0.0888671875
0 0.537109375 0.1416015625 0.05859375 0.1298828125
0 0.6298828125 0.1708984375 0.060546875 0.126953125
0 0.53125 0.0478515625 0.0478515625 0.078125
0 0.3642578125 0.1494140625 0.0693359375 0.13671875
1 0.888671875 0.298828125 0.0322265625 0.072265625
2 0.8056640625 0.4658203125 0.142578125 0.3125
0 0.6826171875 0.2392578125 0.0732421875 0.1572265625
0 0.1650390625 0.1611328125 0.0673828125 0.1162109375
1 0.85546875 0.26953125 0.0302734375 0.0595703125
1 0.5673828125 0.1025390625 0.017578125 0.0625
1 0.826171875 0.22265625 0.02734375 0.0576171875
1 0.37109375 0.875 0.0654296875 0.1884765625
0 0.5673828125 0.033203125 0.0302734375 0.0634765625
0 0.603515625 0.0712890625 0.0458984375 0.0986328125
1 0.7763671875 0.1591796875 0.02734375 0.044921875
1 0.1767578125 0.666015625 0.0576171875 0.208984375
0 0.7001953125 0.1259765625 0.0458984375 0.080078125
0 0.49609375 0.65625 0.1474609375 0.3447265625
0 0.314453125 0.45703125 0.1025390625 0.2412109375
1 0.7294921875 0.783203125 0.05078125 0.1865234375
1 0.40625 0.3212890625 0.0400390625 0.1015625
0 0.7275390625 0.3388671875 0.08203125 0.197265625
0 0.5791015625 0.3115234375 0.0849609375 0.19921875
2 0.4619140625 0.0712890625 0.068359375 0.142578125
0 0.484375 0.3779296875 0.1083984375 0.2529296875
0 0.26953125 0.6767578125 0.1474609375 0.3203125
1 0.4140625 0.2412109375 0.0263671875 0.0830078125
0 0.224609375 0.056640625 0.037109375 0.1015625
1 0.76171875 0.1826171875 0.01953125 0.0400390625
1 0.4091796875 0.4052734375 0.0302734375 0.0869140625
1 0.91015625 0.40625 0.0146484375 0.1357421875
1 0.4287109375 0.0419921875 0.0146484375 0.078125
1 0.876953125 0.4912109375 0.0322265625 0.154296875
0 0.8974609375 0.7021484375 0.0390625 0.232421875
1 0.8115234375 0.1826171875 0.0166015625 0.0458984375
1 0.095703125 0.09375 0.0146484375 0.0556640625
1 0.3642578125 0.3857421875 0.02734375 0.080078125
1 0.1259765625 0.0498046875 0.013671875 0.0654296875
2 0.4716796875 0.1962890625 0.0791015625 0.15625
1 0.9072265625 0.5849609375 0.0166015625 0.08984375
2 0.275390625 0.029296875 0.033203125 0.0537109375