1 0.5576171875 0.38671875 0.033203125 0.103515625
2 0.68359375 0.2236328125 0.09765625 0.29296875
0 0.2431640625 0.046875 0.056640625 0.08984375
0 0.5234375 0.0400390625 0.0400390625 0.0791015625
0 0.6357421875 0.0712890625 0.044921875 0.099609375
0 0.3681640625 0.1572265625 0.0673828125 0.1416015625
0 0.572265625 0.1025390625 0.0556640625 0.1181640625
0 0.474609375 0.125 0.0595703125 0.1083984375
1 0.5107421875 0.146484375 0.02734375 0.080078125
1 0.4326171875 0.0322265625 0.015625 0.0546875
0 0.4658203125 0.2724609375 0.0869140625 0.203125
1 0.419921875 0.71484375 0.06640625 0.2041015625
1 0.5654296875 0.03515625 0.0146484375 0.0322265625
0 0.86328125 0.4443359375 0.1005859375 0.2294921875
0 0.2802734375 0.0185546875 0.033203125 0.037109375
0 0.3154296875 0.5078125 0.109375 0.291015625
0 0.1748046875 0.0625 0.0322265625 0.087890625
1 0.4912109375 0.0205078125 0.0146484375 0.041015625
2 0.7783203125 0.2451171875 0.0908203125 0.236328125
0 0.2333984375 0.84375 0.17578125 0.310546875
0 0.72265625 0.7138671875 0.1669921875 0.3974609375
1 0.8544921875 0.3056640625 0.033203125 0.05859375
0 0.5908203125 0.037109375 0.0361328125 0.0693359375
0 0.1962890625 0.1328125 0.0625 0.107421875
1 0.41796875 0.0390625 0.0107421875 0.044921875
1 0.50390625 0.0185546875 0.0146484375 0.037109375
1 0.9111328125 0.3876953125 0.01171875 0.0673828125
1 0.306640625 0.0146484375 0.0224609375 0.0283203125
0 0.095703125 0.138671875 0.029296875 0.087890625
1 0.732421875 0.1123046875 0.0166015625 0.0458984375
1 0.5087890625 0.0908203125 0.0234375 0.0458984375
0 0.5126953125 0.4638671875 0.1162109375 0.26953125
1 0.2021484375 0.248046875 0.013671875 0.0556640625
1 0.4912109375 0.0712890625 0.015625 0.0458984375
1 0.7451171875 0.0302734375 0.0146484375 0.0322265625
0 0.3291015625 0.3232421875 0.0947265625 0.1748046875
1 0.5712890625 0.0078125 0.01171875 0.015625