1 0.4912109375 0.21875 0.0244140625 0.0517578125
0 0.603515625 0.265625 0.0849609375 0.1875
0 0.5263671875 0.0478515625 0.044921875 0.087890625
1 0.6181640625 0.6962890625 0.0556640625 0.1728515625
0 0.5 0.369140625 0.10546875 0.263671875
0 0.7998046875 0.822265625 0.1845703125 0.328125
1 0.546875 0.302734375 0.0244140625 0.0908203125
0 0.2099609375 0.830078125 0.2060546875 0.3291015625
1 0.66796875 0.162109375 0.0185546875 0.0576171875
0 0.375 0.1767578125 0.0703125 0.1611328125
0 0.447265625 0.0302734375 0.0390625 0.060546875
0 0.61328125 0.0185546875 0.05078125 0.037109375
0 0.54296875 0.130859375 0.0546875 0.107421875
0 0.5048828125 0.0107421875 0.021484375 0.021484375
1 0.0986328125 0.0390625 0.01953125 0.0703125