1 0.580078125 0.03125 0.0126953125 0.0419921875
1 0.658203125 0.197265625 0.0244140625 0.078125
1 0.62109375 0.4033203125 0.03125 0.111328125
1 0.55859375 0.0380859375 0.0166015625 0.044921875
1 0.775390625 0.216796875 0.0263671875 0.072265625
1 0.7060546875 0.1484375 0.01953125 0.0625
1 0.8466796875 0.296875 0.029296875 0.064453125
1 0.8037109375 0.322265625 0.03515625 0.0712890625
1 0.6044921875 0.0322265625 0.013671875 0.0400390625
1 0.6259765625 0.07421875 0.0146484375 0.0546875
0 0.53515625 0.3408203125 0.0869140625 0.197265625
1 0.650390625 0.068359375 0.017578125 0.0634765625
0 0.330078125 0.296875 0.091796875 0.2060546875
0 0.7998046875 0.44921875 0.107421875 0.2294921875
0 0.53515625 0.0947265625 0.060546875 0.103515625
1 0.896484375 0.365234375 0.0205078125 0.080078125
0 0.5341796875 0.2041015625 0.083984375 0.1357421875
0 0.23046875 0.0478515625 0.0419921875 0.0908203125
0 0.44921875 0.04296875 0.0400390625 0.0830078125
0 0.4306640625 0.263671875 0.0771484375 0.1904296875
0 0.861328125 0.677734375 0.1103515625 0.3720703125
0 0.583984375 0.1513671875 0.0556640625 0.1337890625
1 0.15234375 0.021484375 0.015625 0.037109375
0 0.4853515625 0.1259765625 0.0537109375 0.1201171875
0 0.68359375 0.4443359375 0.0947265625 0.2490234375
1 0.8408203125 0.2353515625 0.021484375 0.0537109375
1 0.71484375 0.0166015625 0.0126953125 0.033203125
0 0.5927734375 0.7080078125 0.1396484375 0.3671875
1 0.87109375 0.4248046875 0.0419921875 0.1064453125
0 0.236328125 0.6787109375 0.15234375 0.3740234375
1 0.7236328125 0.34765625 0.0224609375 0.0654296875
0 0.4208984375 0.529296875 0.119140625 0.3056640625
2 0.09765625 0.1962890625 0.0341796875 0.240234375
0 0.740234375 0.6748046875 0.1533203125 0.3603515625
1 0.4443359375 0.359375 0.033203125 0.0693359375
0 0.9072265625 0.501953125 0.0224609375 0.0986328125