1 0.8876953125 0.3310546875 0.0361328125 0.1044921875
1 0.8349609375 0.306640625 0.0244140625 0.0703125
1 0.5849609375 0.033203125 0.0126953125 0.0419921875
1 0.33984375 0.1748046875 0.0234375 0.0390625
0 0.74609375 0.337890625 0.08984375 0.15625
1 0.7275390625 0.142578125 0.015625 0.04296875
1 0.611328125 0.0322265625 0.01171875 0.0439453125
0 0.3759765625 0.146484375 0.05859375 0.1533203125
0 0.59765625 0.1982421875 0.0615234375 0.13671875
0 0.533203125 0.0419921875 0.0390625 0.080078125
0 0.6396484375 0.3037109375 0.0859375 0.201171875
2 0.7900390625 0.173828125 0.0888671875 0.1884765625
0 0.4267578125 0.23828125 0.0751953125 0.1845703125
1 0.7646484375 0.2451171875 0.01953125 0.06640625
1 0.541015625 0.1875 0.0224609375 0.0537109375
2 0.65234375 0.1005859375 0.0869140625 0.2001953125
0 0.1064453125 0.0458984375 0.04296875 0.0849609375
0 0.3271484375 0.2998046875 0.099609375 0.2119140625
1 0.2880859375 0.2587890625 0.0234375 0.0615234375
1 0.45703125 0.1669921875 0.0234375 0.080078125
0 0.5048828125 0.2060546875 0.0751953125 0.15625
2 0.45703125 0.0771484375 0.0810546875 0.1494140625
0 0.24609375 0.044921875 0.0556640625 0.0869140625
0 0.7021484375 0.5283203125 0.12890625 0.3193359375
0 0.5615234375 0.1162109375 0.0517578125 0.1162109375
0 0.7236328125 0.21875 0.0732421875 0.1220703125
1 0.5322265625 0.1455078125 0.0224609375 0.05859375
1 0.5673828125 0.2470703125 0.0234375 0.0693359375
0 0.8671875 0.681640625 0.1015625 0.3720703125
0 0.20703125 0.7724609375 0.185546875 0.4248046875
1 0.3076171875 0.208984375 0.0185546875 0.033203125
0 0.4970703125 0.5849609375 0.1298828125 0.3486328125
1 0.5322265625 0.9296875 0.0732421875 0.1298828125
1 0.13671875 0.029296875 0.0146484375 0.033203125
1 0.759765625 0.19140625 0.0224609375 0.046875
0 0.1767578125 0.0283203125 0.0205078125 0.0556640625
1 0.7421875 0.0302734375 0.0078125 0.0263671875
1 0.4296875 0.1357421875 0.013671875 0.025390625
0 0.380859375 0.947265625 0.1611328125 0.09765625
1 0.759765625 0.0322265625 0.01171875 0.0283203125
1 0.2021484375 0.2451171875 0.0146484375 0.05078125