1 0.478515625 0.052734375 0.015625 0.05078125
2 0.78125 0.5693359375 0.2529296875 0.6103515625
1 0.0927734375 0.19140625 0.0224609375 0.068359375
1 0.5615234375 0.26171875 0.0244140625 0.044921875
0 0.3369140625 0.2705078125 0.0771484375 0.171875
0 0.470703125 0.24609375 0.080078125 0.1689453125
0 0.52734375 0.0615234375 0.0458984375 0.09375
0 0.287109375 0.41796875 0.11328125 0.28125
1 0.6416015625 0.0244140625 0.0146484375 0.0458984375
0 0.41796875 0.546875 0.126953125 0.3544921875
0 0.5458984375 0.37890625 0.095703125 0.232421875
1 0.7939453125 0.1640625 0.02734375 0.0625
0 0.642578125 0.4150390625 0.0634765625 0.25
0 0.6943359375 0.244140625 0.087890625 0.12109375
0 0.5986328125 0.091796875 0.056640625 0.1123046875
0 0.59765625 0.673828125 0.1396484375 0.41796875
1 0.658203125 0.060546875 0.0126953125 0.060546875
1 0.712890625 0.0166015625 0.013671875 0.0322265625