1 0.3837890625 0.65625 0.0498046875 0.1533203125
0 0.5400390625 0.134765625 0.05859375 0.125
0 0.60546875 0.0498046875 0.0380859375 0.056640625
1 0.1181640625 0.0634765625 0.013671875 0.0361328125
0 0.3701171875 0.1396484375 0.0673828125 0.1220703125
1 0.5693359375 0.09375 0.0234375 0.060546875
0 0.1220703125 0.2421875 0.076171875 0.14453125
0 0.873046875 0.38671875 0.07421875 0.1708984375
1 0.8447265625 0.2412109375 0.0263671875 0.0625
1 0.7705078125 0.1728515625 0.02734375 0.046875
1 0.408203125 0.271484375 0.04296875 0.0859375
0 0.634765625 0.1650390625 0.0576171875 0.126953125
1 0.86328125 0.2763671875 0.033203125 0.0546875
0 0.5859375 0.1943359375 0.0693359375 0.142578125
1 0.39453125 0.455078125 0.0400390625 0.1318359375
0 0.51953125 0.02734375 0.04296875 0.0546875
0 0.6826171875 0.2294921875 0.068359375 0.15234375
2 0.341796875 0.2763671875 0.111328125 0.2412109375
0 0.4931640625 0.583984375 0.1376953125 0.3076171875
0 0.802734375 0.240234375 0.0888671875 0.1240234375
0 0.69921875 0.123046875 0.0556640625 0.080078125
0 0.4736328125 0.1943359375 0.07421875 0.1611328125
1 0.7939453125 0.171875 0.0263671875 0.0302734375
0 0.1474609375 0.1181640625 0.064453125 0.1142578125
0 0.26953125 0.6787109375 0.14453125 0.314453125
2 0.791015625 0.4404296875 0.1435546875 0.3115234375
0 0.5712890625 0.0322265625 0.0322265625 0.064453125
0 0.7333984375 0.1953125 0.064453125 0.095703125
1 0.224609375 0.033203125 0.0107421875 0.0322265625
2 0.6357421875 0.4619140625 0.1455078125 0.3125
1 0.4326171875 0.0244140625 0.01171875 0.044921875
0 0.2470703125 0.05859375 0.0546875 0.0908203125
0 0.4931640625 0.865234375 0.18359375 0.2685546875
1 0.7314453125 0.5068359375 0.0380859375 0.109375
2 0.466796875 0.068359375 0.0703125 0.13671875
2 0.80078125 0.7685546875 0.2255859375 0.4560546875
1 0.2890625 0.0126953125 0.0205078125 0.025390625
1 0.31640625 0.0625 0.017578125 0.078125
1 0.5546875 0.017578125 0.01171875 0.0263671875
2 0.1728515625 0.0478515625 0.044921875 0.091796875