1 0.6787109375 0.0830078125 0.0205078125 0.041015625
1 0.3935546875 0.4482421875 0.046875 0.1572265625
2 0.3369140625 0.2919921875 0.10546875 0.2783203125
1 0.6376953125 0.0302734375 0.015625 0.0400390625
1 0.7529296875 0.162109375 0.0205078125 0.06640625
1 0.66015625 0.0126953125 0.01953125 0.025390625
1 0.7060546875 0.09375 0.015625 0.0361328125
0 0.6259765625 0.1630859375 0.0615234375 0.12109375
1 0.712890625 0.1796875 0.037109375 0.05859375
0 0.8681640625 0.37890625 0.0830078125 0.158203125
0 0.6123046875 0.0634765625 0.0673828125 0.0869140625
0 0.53125 0.072265625 0.05078125 0.07421875
1 0.6669921875 0.0537109375 0.0166015625 0.0439453125
0 0.482421875 0.4638671875 0.1181640625 0.23828125
1 0.42578125 0.0712890625 0.0166015625 0.0634765625
0 0.1279296875 0.126953125 0.0634765625 0.09765625
0 0.5654296875 0.0205078125 0.025390625 0.041015625
0 0.5771484375 0.2998046875 0.083984375 0.193359375
2 0.771484375 0.3916015625 0.126953125 0.2626953125
0 0.7890625 0.234375 0.08984375 0.134765625
0 0.6767578125 0.2265625 0.064453125 0.1435546875
2 0.6337890625 0.4560546875 0.1357421875 0.31640625
1 0.17578125 0.6845703125 0.0615234375 0.1708984375
1 0.7236328125 0.11328125 0.0166015625 0.0458984375
0 0.4814453125 0.7138671875 0.146484375 0.3798828125
2 0.462890625 0.0732421875 0.0703125 0.146484375
1 0.5341796875 0.181640625 0.046875 0.1005859375
0 0.52734375 0.015625 0.03515625 0.03125
1 0.40234375 0.330078125 0.03515625 0.076171875
2 0.76953125 0.7216796875 0.21875 0.537109375
0 0.2353515625 0.072265625 0.083984375 0.1396484375
2 0.2783203125 0.5927734375 0.16796875 0.4873046875
1 0.15234375 0.01171875 0.0234375 0.0234375
1 0.8935546875 0.8505859375 0.046875 0.1240234375