0 0.3662109375 0.1455078125 0.0693359375 0.1357421875
0 0.60546875 0.056640625 0.041015625 0.0625
0 0.4765625 0.220703125 0.0810546875 0.1591796875
1 0.6455078125 0.2783203125 0.021484375 0.0712890625
1 0.41796875 0.1396484375 0.0185546875 0.0625
1 0.4033203125 0.4013671875 0.0390625 0.1005859375
1 0.572265625 0.0869140625 0.017578125 0.0517578125
0 0.53515625 0.0390625 0.044921875 0.064453125
1 0.5986328125 0.134765625 0.0283203125 0.044921875
1 0.3486328125 0.8935546875 0.0791015625 0.193359375
1 0.904296875 0.326171875 0.0244140625 0.052734375
0 0.5947265625 0.2294921875 0.0791015625 0.1513671875
0 0.5419921875 0.1494140625 0.0615234375 0.1318359375
1 0.4287109375 0.0869140625 0.017578125 0.0673828125
0 0.3154296875 0.458984375 0.107421875 0.248046875
1 0.39453125 0.5537109375 0.0478515625 0.1279296875
0 0.5703125 0.0302734375 0.03125 0.060546875
1 0.87890625 0.3095703125 0.0380859375 0.0595703125
0 0.712890625 0.294921875 0.0859375 0.19140625
1 0.10546875 0.2314453125 0.02734375 0.0810546875
0 0.26953125 0.0263671875 0.0390625 0.0517578125
0 0.26953125 0.6806640625 0.138671875 0.3173828125
1 0.7353515625 0.1357421875 0.01953125 0.037109375
0 0.697265625 0.1474609375 0.0546875 0.107421875
0 0.50390625 0.595703125 0.140625 0.3603515625
1 0.4033203125 0.7568359375 0.0517578125 0.1669921875
0 0.7763671875 0.4501953125 0.1064453125 0.2548828125
2 0.7138671875 0.7275390625 0.201171875 0.51171875
1 0.845703125 0.2724609375 0.0263671875 0.05859375
1 0.765625 0.1572265625 0.01953125 0.0439453125
2 0.1396484375 0.0703125 0.09765625 0.138671875
0 0.87109375 0.4013671875 0.0888671875 0.1416015625
1 0.7138671875 0.0927734375 0.0146484375 0.0390625
2 0.8681640625 0.6962890625 0.095703125 0.4716796875
0 0.1953125 0.1337890625 0.0693359375 0.1181640625
0 0.8037109375 0.2744140625 0.1044921875 0.185546875
0 0.6044921875 0.40234375 0.10546875 0.2421875
1 0.5869140625 0.1005859375 0.0166015625 0.0625
0 0.384765625 0.0478515625 0.060546875 0.09375
0 0.5087890625 0.0263671875 0.0205078125 0.0517578125
1 0.30078125 0.1533203125 0.021484375 0.0712890625
1 0.517578125 0.1123046875 0.0126953125 0.0458984375
1 0.4462890625 0.1513671875 0.0205078125 0.0888671875