2 0.7705078125 0.30859375 0.16015625 0.404296875
1 0.6376953125 0.2236328125 0.0185546875 0.044921875
0 0.5224609375 0.037109375 0.04296875 0.07421875
1 0.677734375 0.125 0.0166015625 0.044921875
2 0.638671875 0.1015625 0.064453125 0.1474609375
0 0.5595703125 0.1494140625 0.05859375 0.1201171875
1 0.607421875 0.17578125 0.0185546875 0.0576171875
0 0.6240234375 0.330078125 0.0869140625 0.205078125
2 0.4638671875 0.080078125 0.0830078125 0.1572265625
2 0.3291015625 0.208984375 0.09765625 0.28515625
0 0.6689453125 0.49609375 0.1181640625 0.2412109375
0 0.4189453125 0.0234375 0.0166015625 0.0458984375
0 0.3759765625 0.134765625 0.0263671875 0.1259765625
0 0.224609375 0.7431640625 0.1728515625 0.474609375
0 0.744140625 0.828125 0.1787109375 0.330078125
0 0.8896484375 0.642578125 0.052734375 0.330078125
1 0.732421875 0.095703125 0.013671875 0.0322265625