1 0.5849609375 0.052734375 0.015625 0.0478515625
1 0.6923828125 0.087890625 0.0146484375 0.041015625
1 0.5791015625 0.1416015625 0.0205078125 0.0654296875
1 0.7548828125 0.24609375 0.029296875 0.0732421875
1 0.8232421875 0.2548828125 0.029296875 0.0712890625
1 0.728515625 0.2021484375 0.0205078125 0.0576171875
1 0.8369140625 0.365234375 0.037109375 0.1142578125
1 0.716796875 0.1591796875 0.0146484375 0.0546875
1 0.126953125 0.021484375 0.015625 0.0419921875
0 0.86328125 0.67578125 0.107421875 0.3681640625
1 0.71484375 0.0166015625 0.01171875 0.0322265625
1 0.744140625 0.0322265625 0.0107421875 0.0263671875
0 0.6357421875 0.0458984375 0.0419921875 0.0908203125
0 0.2353515625 0.6806640625 0.150390625 0.3740234375
0 0.5927734375 0.7060546875 0.14453125 0.373046875
1 0.826171875 0.20703125 0.01953125 0.0458984375
0 0.5771484375 0.4609375 0.1171875 0.2392578125
2 0.7421875 0.6201171875 0.1484375 0.4580078125