2 0.7802734375 0.572265625 0.2451171875 0.603515625
1 0.7060546875 0.142578125 0.01953125 0.05078125
1 0.7900390625 0.1630859375 0.0224609375 0.0576171875
1 0.8564453125 0.3603515625 0.060546875 0.064453125
0 0.6650390625 0.2099609375 0.076171875 0.158203125
0 0.2861328125 0.4189453125 0.1103515625 0.2841796875
0 0.384765625 0.0849609375 0.052734375 0.091796875
0 0.46875 0.216796875 0.0771484375 0.15234375
0 0.642578125 0.4140625 0.064453125 0.2568359375
1 0.7421875 0.0322265625 0.009765625 0.0263671875
0 0.4404296875 0.0380859375 0.0400390625 0.07421875
0 0.599609375 0.6767578125 0.1396484375 0.419921875
0 0.5458984375 0.3818359375 0.09765625 0.2314453125
0 0.4169921875 0.5498046875 0.1240234375 0.3544921875
0 0.4189453125 0.30859375 0.0849609375 0.1630859375
1 0.712890625 0.017578125 0.0126953125 0.0341796875
0 0.7353515625 0.2568359375 0.0712890625 0.0400390625
1 0.7548828125 0.03125 0.0146484375 0.0380859375
1 0.7900390625 0.12109375 0.01171875 0.03515625