1 0.4404296875 0.06640625 0.017578125 0.0380859375
0 0.3544921875 0.1767578125 0.0732421875 0.142578125
0 0.3876953125 0.05859375 0.0478515625 0.0771484375
1 0.3994140625 0.212890625 0.02734375 0.0966796875
0 0.4453125 0.1357421875 0.05859375 0.1025390625
0 0.48828125 0.0908203125 0.0556640625 0.1259765625
1 0.251953125 0.8291015625 0.07421875 0.2509765625
1 0.7705078125 0.228515625 0.0283203125 0.078125
1 0.3408203125 0.619140625 0.05078125 0.185546875
0 0.3310546875 0.3037109375 0.0830078125 0.1875
0 0.27734375 0.4775390625 0.1337890625 0.3173828125
1 0.5244140625 0.1142578125 0.017578125 0.06640625
1 0.12890625 0.912109375 0.0732421875 0.171875
0 0.5478515625 0.224609375 0.0693359375 0.142578125
1 0.3896484375 0.322265625 0.0380859375 0.1181640625
0 0.4990234375 0.5625 0.1318359375 0.330078125
0 0.712890625 0.12109375 0.056640625 0.0947265625
2 0.1435546875 0.06640625 0.0830078125 0.1328125
1 0.400390625 0.1298828125 0.01953125 0.0693359375
0 0.12109375 0.2421875 0.078125 0.134765625
0 0.404296875 0.7548828125 0.154296875 0.4736328125
0 0.5859375 0.349609375 0.056640625 0.21484375
2 0.57421875 0.08984375 0.078125 0.1796875
0 0.3984375 0.017578125 0.0341796875 0.03515625
1 0.7890625 0.3974609375 0.0458984375 0.076171875
0 0.86328125 0.4541015625 0.1044921875 0.2392578125
1 0.505859375 0.02734375 0.015625 0.0537109375
1 0.2646484375 0.0126953125 0.0146484375 0.025390625
0 0.4462890625 0.3291015625 0.09765625 0.2724609375
0 0.609375 0.01953125 0.03125 0.0390625
1 0.529296875 0.0283203125 0.0185546875 0.0556640625
1 0.26171875 0.66796875 0.0419921875 0.1083984375
1 0.365234375 0.048828125 0.017578125 0.033203125
1 0.5341796875 0.08203125 0.0107421875 0.0537109375
2 0.716796875 0.623046875 0.216796875 0.4755859375
2 0.640625 0.01171875 0.04296875 0.0234375
2 0.607421875 0.5869140625 0.0576171875 0.294921875