1 0.611328125 0.0380859375 0.013671875 0.0390625
1 0.6806640625 0.130859375 0.017578125 0.0595703125
1 0.6318359375 0.0185546875 0.01171875 0.037109375
1 0.6552734375 0.1240234375 0.0185546875 0.0625
1 0.7001953125 0.1494140625 0.0234375 0.068359375
1 0.751953125 0.203125 0.025390625 0.0703125
1 0.5341796875 0.1123046875 0.01953125 0.0576171875
1 0.548828125 0.064453125 0.0166015625 0.052734375
1 0.7890625 0.3095703125 0.033203125 0.103515625
1 0.6259765625 0.1220703125 0.013671875 0.056640625
1 0.837890625 0.2744140625 0.02734375 0.0791015625
0 0.724609375 0.314453125 0.095703125 0.19140625
1 0.7421875 0.03125 0.01171875 0.029296875
0 0.60546875 0.1923828125 0.06640625 0.2119140625
1 0.7138671875 0.0166015625 0.0126953125 0.0322265625
1 0.65625 0.072265625 0.013671875 0.0517578125
1 0.7119140625 0.1962890625 0.015625 0.0498046875
1 0.744140625 0.1376953125 0.015625 0.0537109375
1 0.794921875 0.2294921875 0.0224609375 0.052734375
1 0.6982421875 0.1064453125 0.0126953125 0.03125
0 0.1728515625 0.048828125 0.0458984375 0.087890625