1 0.609375 0.0322265625 0.0146484375 0.0458984375
0 0.638671875 0.0830078125 0.0537109375 0.1181640625
1 0.5830078125 0.083984375 0.0166015625 0.0712890625
1 0.685546875 0.11328125 0.017578125 0.0537109375
1 0.5830078125 0.025390625 0.017578125 0.044921875
1 0.287109375 0.4208984375 0.029296875 0.1103515625
0 0.44921875 0.0693359375 0.046875 0.0986328125
1 0.7431640625 0.029296875 0.009765625 0.03125
1 0.673828125 0.0126953125 0.02734375 0.025390625
1 0.5244140625 0.0185546875 0.013671875 0.037109375
0 0.42578125 0.5703125 0.1279296875 0.3740234375
0 0.48828125 0.021484375 0.033203125 0.04296875
1 0.7138671875 0.0166015625 0.013671875 0.0322265625