0 0.623046875 0.044921875 0.0400390625 0.0869140625
1 0.623046875 0.15234375 0.025390625 0.0751953125
1 0.5693359375 0.0126953125 0.009765625 0.025390625
0 0.4365234375 0.2626953125 0.080078125 0.2021484375
1 0.8251953125 0.3349609375 0.03515625 0.091796875
1 0.392578125 0.1328125 0.0166015625 0.0595703125
0 0.4599609375 0.0146484375 0.0322265625 0.029296875
1 0.0888671875 0.103515625 0.013671875 0.0439453125
1 0.560546875 0.0068359375 0.01171875 0.013671875
1 0.6005859375 0.015625 0.0087890625 0.0302734375
1 0.7451171875 0.0322265625 0.0107421875 0.0263671875
1 0.7255859375 0.017578125 0.0126953125 0.03515625
0 0.6572265625 0.01171875 0.0400390625 0.0234375