1 0.3935546875 0.455078125 0.0458984375 0.1416015625
1 0.4208984375 0.0771484375 0.0166015625 0.048828125
1 0.775390625 0.1611328125 0.0283203125 0.0517578125
1 0.869140625 0.283203125 0.0302734375 0.0537109375
1 0.8349609375 0.25 0.0234375 0.0703125
1 0.419921875 0.125 0.021484375 0.0556640625
1 0.125 0.0419921875 0.013671875 0.04296875
0 0.5419921875 0.1357421875 0.05859375 0.1220703125
0 0.6943359375 0.123046875 0.0576171875 0.080078125
0 0.607421875 0.0517578125 0.0498046875 0.0830078125
0 0.64453125 0.060546875 0.0400390625 0.0859375
0 0.4853515625 0.466796875 0.1201171875 0.244140625
1 0.4072265625 0.0712890625 0.0126953125 0.05078125
0 0.5166015625 0.02734375 0.0380859375 0.0546875
0 0.6806640625 0.2275390625 0.0654296875 0.1513671875
1 0.1015625 0.0634765625 0.0166015625 0.0517578125
0 0.5849609375 0.1943359375 0.0703125 0.13671875
0 0.873046875 0.3818359375 0.0791015625 0.1572265625
0 0.3701171875 0.134765625 0.06640625 0.1328125
1 0.154296875 0.1806640625 0.025390625 0.0712890625
2 0.7734375 0.388671875 0.1318359375 0.2568359375
1 0.6640625 0.0478515625 0.013671875 0.0478515625
2 0.34375 0.3017578125 0.1025390625 0.25390625
0 0.5703125 0.0322265625 0.033203125 0.0634765625
1 0.66015625 0.0107421875 0.015625 0.021484375
1 0.6220703125 0.01171875 0.0234375 0.0234375
2 0.6455078125 0.4658203125 0.1357421875 0.310546875
0 0.484375 0.7158203125 0.1474609375 0.3779296875
2 0.4775390625 0.2783203125 0.0927734375 0.2021484375
0 0.2734375 0.6796875 0.1455078125 0.326171875
2 0.7705078125 0.724609375 0.2197265625 0.5341796875
2 0.4658203125 0.0849609375 0.0615234375 0.1513671875
0 0.7333984375 0.1953125 0.064453125 0.095703125
1 0.595703125 0.103515625 0.0234375 0.064453125
1 0.4130859375 0.265625 0.0263671875 0.0703125
1 0.1552734375 0.013671875 0.013671875 0.02734375
1 0.892578125 0.884765625 0.05078125 0.2158203125
1 0.0859375 0.080078125 0.009765625 0.060546875
1 0.7451171875 0.142578125 0.0146484375 0.0380859375
1 0.6591796875 0.123046875 0.01171875 0.04296875
0 0.634765625 0.166015625 0.0576171875 0.125
1 0.4072265625 0.0380859375 0.0078125 0.025390625