1 0.533203125 0.0341796875 0.0126953125 0.0390625
1 0.55078125 0.0556640625 0.0166015625 0.05078125
1 0.56640625 0.03515625 0.015625 0.048828125
1 0.521484375 0.0693359375 0.015625 0.0458984375
0 0.544921875 0.181640625 0.0615234375 0.13671875
0 0.3515625 0.171875 0.0712890625 0.1279296875
1 0.6494140625 0.03125 0.015625 0.0400390625
2 0.78125 0.56640625 0.248046875 0.6015625
0 0.4365234375 0.1591796875 0.0634765625 0.1328125
1 0.7392578125 0.02734375 0.013671875 0.03515625
1 0.615234375 0.0322265625 0.01171875 0.0380859375
0 0.3837890625 0.0546875 0.0537109375 0.0703125
0 0.4208984375 0.29296875 0.083984375 0.15234375
1 0.6064453125 0.140625 0.0263671875 0.068359375
0 0.1591796875 0.138671875 0.0625 0.1142578125
0 0.5927734375 0.2734375 0.083984375 0.185546875
1 0.7822265625 0.2021484375 0.0361328125 0.0888671875
0 0.7216796875 0.099609375 0.05078125 0.046875
0 0.6435546875 0.4140625 0.060546875 0.2490234375
1 0.853515625 0.3681640625 0.0556640625 0.0947265625
1 0.421875 0.0439453125 0.0146484375 0.0439453125
0 0.287109375 0.419921875 0.1142578125 0.2763671875
0 0.6943359375 0.240234375 0.080078125 0.1240234375
1 0.3525390625 0.3935546875 0.029296875 0.08984375
0 0.55078125 0.103515625 0.048828125 0.0517578125
1 0.3876953125 0.1494140625 0.0234375 0.0810546875
0 0.41796875 0.546875 0.12890625 0.349609375
1 0.4765625 0.3525390625 0.0390625 0.1123046875
0 0.39453125 0.0166015625 0.0341796875 0.0322265625
1 0.724609375 0.017578125 0.01171875 0.03515625
0 0.5966796875 0.673828125 0.14453125 0.419921875
1 0.8095703125 0.2548828125 0.025390625 0.0869140625
1 0.6025390625 0.025390625 0.01171875 0.041015625
1 0.712890625 0.015625 0.015625 0.0302734375
1 0.775390625 0.1640625 0.01171875 0.03125
1 0.59375 0.0068359375 0.0107421875 0.013671875
1 0.7919921875 0.123046875 0.013671875 0.0322265625
2 0.8935546875 0.685546875 0.0458984375 0.3388671875