0 0.3837890625 0.0732421875 0.052734375 0.1005859375
1 0.2734375 0.02734375 0.01171875 0.0361328125
1 0.2333984375 0.0908203125 0.0234375 0.0673828125
1 0.2265625 0.0224609375 0.0126953125 0.029296875
1 0.1416015625 0.158203125 0.0244140625 0.068359375
1 0.4140625 0.181640625 0.0234375 0.0869140625
0 0.5390625 0.1396484375 0.05859375 0.119140625
1 0.650390625 0.2783203125 0.02734375 0.0771484375
0 0.6884765625 0.1162109375 0.0615234375 0.0830078125
2 0.341796875 0.29296875 0.1123046875 0.2626953125
1 0.728515625 0.1328125 0.0234375 0.0439453125
1 0.4306640625 0.0244140625 0.013671875 0.044921875
0 0.53515625 0.0361328125 0.046875 0.068359375
0 0.6787109375 0.2236328125 0.0673828125 0.142578125
0 0.484375 0.458984375 0.1171875 0.2373046875
0 0.869140625 0.380859375 0.0830078125 0.16015625
0 0.630859375 0.1669921875 0.060546875 0.125
1 0.3935546875 0.4541015625 0.04296875 0.1357421875
1 0.7685546875 0.1640625 0.0234375 0.046875
0 0.3642578125 0.1396484375 0.056640625 0.0634765625
1 0.3955078125 0.01171875 0.013671875 0.0234375
0 0.6083984375 0.0869140625 0.05078125 0.087890625
2 0.4765625 0.2802734375 0.0947265625 0.20703125
1 0.2392578125 0.0341796875 0.013671875 0.052734375
0 0.4716796875 0.1513671875 0.0615234375 0.07421875
1 0.1171875 0.0478515625 0.0224609375 0.06640625
1 0.111328125 0.1103515625 0.021484375 0.064453125
2 0.6376953125 0.45703125 0.1416015625 0.3203125
0 0.80078125 0.23828125 0.0859375 0.1162109375
2 0.765625 0.3876953125 0.1396484375 0.267578125
0 0.482421875 0.71484375 0.1455078125 0.3828125
0 0.0947265625 0.046875 0.0244140625 0.0625
0 0.5693359375 0.0322265625 0.0361328125 0.064453125
1 0.1025390625 0.2109375 0.0263671875 0.091796875
1 0.2587890625 0.0107421875 0.013671875 0.021484375
0 0.2705078125 0.681640625 0.1435546875 0.3203125
2 0.76953125 0.7216796875 0.2177734375 0.5361328125
1 0.705078125 0.0712890625 0.0146484375 0.0390625
1 0.412109375 0.2646484375 0.0234375 0.0634765625
0 0.6259765625 0.025390625 0.025390625 0.048828125
1 0.6611328125 0.080078125 0.01953125 0.078125
1 0.7919921875 0.162109375 0.01953125 0.041015625
1 0.09375 0.1259765625 0.021484375 0.0556640625
0 0.7314453125 0.193359375 0.064453125 0.08984375
1 0.3935546875 0.2734375 0.01953125 0.044921875
0 0.5791015625 0.30078125 0.0869140625 0.1865234375
1 0.2021484375 0.0947265625 0.013671875 0.0498046875
1 0.2900390625 0.0185546875 0.0146484375 0.037109375
1 0.4150390625 0.0712890625 0.029296875 0.0634765625
1 0.3076171875 0.0166015625 0.017578125 0.0322265625
1 0.6943359375 0.0517578125 0.01171875 0.0341796875