2 0.341796875 0.2822265625 0.1103515625 0.263671875
0 0.537109375 0.138671875 0.060546875 0.12890625
1 0.64453125 0.03125 0.0146484375 0.033203125
0 0.625 0.1669921875 0.0625 0.1259765625
0 0.53125 0.044921875 0.0478515625 0.076171875
0 0.3662109375 0.126953125 0.064453125 0.095703125
0 0.15234375 0.1826171875 0.064453125 0.126953125
1 0.8759765625 0.2734375 0.025390625 0.0546875
2 0.462890625 0.0771484375 0.06640625 0.154296875
1 0.392578125 0.4482421875 0.04296875 0.1572265625
1 0.4150390625 0.2685546875 0.0283203125 0.0703125
0 0.8681640625 0.3798828125 0.083984375 0.1591796875
0 0.482421875 0.4677734375 0.1201171875 0.248046875
0 0.693359375 0.1240234375 0.05859375 0.080078125
1 0.7392578125 0.138671875 0.017578125 0.0419921875
0 0.26171875 0.025390625 0.048828125 0.0498046875
1 0.833984375 0.232421875 0.0224609375 0.044921875
1 0.2861328125 0.2509765625 0.0234375 0.103515625
2 0.6376953125 0.4619140625 0.1328125 0.31640625
2 0.76953125 0.388671875 0.12890625 0.26171875
0 0.6728515625 0.22265625 0.0625 0.150390625
0 0.47265625 0.2802734375 0.0927734375 0.1953125
0 0.1044921875 0.298828125 0.0458984375 0.1513671875
1 0.8046875 0.189453125 0.0224609375 0.0263671875
0 0.6015625 0.0615234375 0.0390625 0.0751953125
1 0.634765625 0.0966796875 0.015625 0.037109375
1 0.8466796875 0.2607421875 0.01953125 0.048828125
2 0.7666015625 0.72265625 0.2177734375 0.537109375
1 0.3935546875 0.3203125 0.0263671875 0.078125
0 0.5771484375 0.2998046875 0.0849609375 0.1923828125
0 0.26953125 0.6796875 0.1455078125 0.3232421875
0 0.7978515625 0.2392578125 0.0888671875 0.1240234375
0 0.564453125 0.021484375 0.0302734375 0.041015625
1 0.66796875 0.294921875 0.0244140625 0.06640625
0 0.1748046875 0.0263671875 0.0146484375 0.04296875
0 0.7294921875 0.1962890625 0.0634765625 0.09765625
1 0.392578125 0.2353515625 0.0205078125 0.0625
1 0.5126953125 0.0869140625 0.0107421875 0.05859375
1 0.3466796875 0.0283203125 0.01171875 0.056640625