2 0.78125 0.568359375 0.248046875 0.609375
1 0.7041015625 0.1328125 0.017578125 0.0625
0 0.337890625 0.2685546875 0.080078125 0.169921875
1 0.5 0.138671875 0.017578125 0.0634765625
0 0.4736328125 0.2431640625 0.0771484375 0.1650390625
0 0.5537109375 0.140625 0.0615234375 0.1318359375
1 0.501953125 0.0185546875 0.0126953125 0.0361328125
1 0.794921875 0.162109375 0.025390625 0.06640625
1 0.673828125 0.064453125 0.0166015625 0.060546875
0 0.2880859375 0.4169921875 0.11328125 0.279296875
0 0.544921875 0.3828125 0.09765625 0.232421875
1 0.259765625 0.0185546875 0.013671875 0.033203125
0 0.69921875 0.2294921875 0.08203125 0.0888671875
0 0.419921875 0.5478515625 0.1279296875 0.3525390625
0 0.6005859375 0.677734375 0.1416015625 0.412109375
0 0.642578125 0.4130859375 0.064453125 0.2529296875
1 0.466796875 0.0107421875 0.01171875 0.021484375
0 0.6474609375 0.1611328125 0.0615234375 0.1435546875
0 0.1787109375 0.0419921875 0.0263671875 0.0791015625
1 0.310546875 0.0146484375 0.013671875 0.0283203125