1 0.4013671875 0.1796875 0.0078125 0.0234375
0 0.3935546875 0.1474609375 0.0146484375 0.0244140625
0 0.32421875 0.13671875 0.0126953125 0.0244140625
1 0.412109375 0.3056640625 0.0166015625 0.0517578125
2 0.3408203125 0.2001953125 0.0361328125 0.119140625
1 0.4541015625 0.2431640625 0.009765625 0.0361328125
1 0.3037109375 0.1923828125 0.0087890625 0.0244140625
1 0.416015625 0.193359375 0.0087890625 0.0244140625
1 0.4638671875 0.490234375 0.0205078125 0.0703125
2 0.546875 0.4033203125 0.09765625 0.220703125
1 0.9267578125 0.5419921875 0.0537109375 0.09375
2 0.4912109375 0.8056640625 0.1982421875 0.373046875
1 0.3154296875 0.1875 0.0068359375 0.0234375
1 0.9765625 0.6142578125 0.046875 0.1064453125
1 0.578125 0.3017578125 0.0400390625 0.0439453125
0 0.234375 0.265625 0.037109375 0.0693359375
1 0.4765625 0.2080078125 0.01953125 0.033203125
0 0.494140625 0.2177734375 0.0234375 0.0478515625
1 0.2861328125 0.27734375 0.0107421875 0.0341796875
1 0.2919921875 0.18359375 0.0068359375 0.03125
1 0.376953125 0.150390625 0.005859375 0.0185546875
0 0.3623046875 0.1396484375 0.0146484375 0.0283203125
0 0.337890625 0.130859375 0.0166015625 0.0263671875
1 0.30859375 0.13671875 0.009765625 0.0185546875
2 0.2890625 0.1220703125 0.013671875 0.0400390625