1 0.73046875 0.19921875 0.0234375 0.0703125
1 0.4716796875 0.076171875 0.015625 0.056640625
1 0.7021484375 0.1162109375 0.0166015625 0.052734375
1 0.841796875 0.3330078125 0.029296875 0.099609375
1 0.4345703125 0.07421875 0.0166015625 0.046875
1 0.4072265625 0.142578125 0.0234375 0.08203125
0 0.5791015625 0.0263671875 0.033203125 0.0517578125
0 0.6181640625 0.037109375 0.0595703125 0.072265625
1 0.76171875 0.43359375 0.0380859375 0.11328125
0 0.5166015625 0.068359375 0.04296875 0.083984375
0 0.6455078125 0.2392578125 0.080078125 0.15234375
0 0.5458984375 0.134765625 0.05859375 0.12109375
1 0.8525390625 0.802734375 0.064453125 0.1875
0 0.4462890625 0.16015625 0.064453125 0.1376953125
0 0.888671875 0.5537109375 0.056640625 0.2919921875
0 0.5146484375 0.0146484375 0.033203125 0.029296875
0 0.3623046875 0.1513671875 0.064453125 0.1416015625
0 0.6650390625 0.4404296875 0.119140625 0.2802734375
1 0.7109375 0.2421875 0.0234375 0.0791015625
0 0.1572265625 0.0849609375 0.0634765625 0.1044921875
1 0.7275390625 0.03125 0.0224609375 0.0380859375
1 0.8955078125 0.3720703125 0.04296875 0.1103515625
0 0.212890625 0.818359375 0.2109375 0.3447265625
0 0.7880859375 0.314453125 0.099609375 0.16015625
1 0.513671875 0.92578125 0.0703125 0.140625
0 0.3291015625 0.39453125 0.1005859375 0.224609375
0 0.6962890625 0.8017578125 0.205078125 0.3759765625
0 0.5576171875 0.0126953125 0.0146484375 0.025390625
0 0.4619140625 0.4111328125 0.099609375 0.232421875
1 0.3828125 0.09375 0.017578125 0.0556640625
1 0.7978515625 0.244140625 0.0322265625 0.044921875
0 0.607421875 0.1103515625 0.0361328125 0.064453125
0 0.4384765625 0.013671875 0.033203125 0.0263671875
1 0.8388671875 0.2724609375 0.029296875 0.052734375
1 0.74609375 0.0234375 0.015625 0.044921875
1 0.6884765625 0.021484375 0.0126953125 0.04296875