1 0.5634765625 0.064453125 0.01953125 0.052734375
1 0.56640625 0.1162109375 0.0166015625 0.037109375
1 0.388671875 0.4658203125 0.04296875 0.1201171875
1 0.58203125 0.080078125 0.0205078125 0.07421875
2 0.337890625 0.2763671875 0.1142578125 0.2412109375
1 0.8203125 0.2109375 0.029296875 0.0537109375
0 0.53515625 0.1396484375 0.060546875 0.126953125
1 0.744140625 0.1416015625 0.0361328125 0.056640625
1 0.8681640625 0.2705078125 0.05859375 0.06640625
0 0.6923828125 0.12109375 0.0576171875 0.0791015625
1 0.4130859375 0.279296875 0.0244140625 0.0791015625
0 0.6083984375 0.10546875 0.0478515625 0.0791015625
0 0.3623046875 0.134765625 0.0703125 0.1171875
0 0.5302734375 0.048828125 0.0498046875 0.0791015625
0 0.865234375 0.37890625 0.0830078125 0.1640625
0 0.7138671875 0.2958984375 0.08203125 0.17578125
0 0.48046875 0.4716796875 0.119140625 0.2548828125
2 0.1240234375 0.0869140625 0.08203125 0.1572265625
1 0.388671875 0.27734375 0.0224609375 0.0634765625
2 0.4609375 0.0888671875 0.068359375 0.1708984375
2 0.4716796875 0.283203125 0.095703125 0.201171875
0 0.501953125 0.0263671875 0.0263671875 0.0517578125
0 0.3125 0.47265625 0.1064453125 0.263671875
1 0.5537109375 0.033203125 0.013671875 0.0419921875
2 0.6337890625 0.458984375 0.1318359375 0.3173828125
2 0.765625 0.720703125 0.216796875 0.53515625
1 0.7548828125 0.181640625 0.017578125 0.044921875
0 0.265625 0.681640625 0.1474609375 0.3251953125
1 0.705078125 0.1708984375 0.0146484375 0.0478515625
0 0.5751953125 0.294921875 0.0869140625 0.2041015625
0 0.6005859375 0.0458984375 0.0341796875 0.0517578125
1 0.6435546875 0.2734375 0.0283203125 0.0830078125
0 0.244140625 0.0244140625 0.0419921875 0.0458984375
2 0.4189453125 0.0712890625 0.0263671875 0.060546875