1 0.4130859375 0.3671875 0.0380859375 0.123046875
0 0.59375 0.044921875 0.048828125 0.0869140625
1 0.4697265625 0.3701171875 0.0400390625 0.123046875
1 0.3720703125 0.625 0.05078125 0.177734375
0 0.623046875 0.1650390625 0.060546875 0.1220703125
1 0.8046875 0.251953125 0.0244140625 0.064453125
1 0.8662109375 0.576171875 0.0498046875 0.1494140625
0 0.697265625 0.1181640625 0.052734375 0.0849609375
0 0.4677734375 0.0537109375 0.0458984375 0.0888671875
0 0.634765625 0.021484375 0.0390625 0.04296875
0 0.4248046875 0.1337890625 0.0576171875 0.123046875
0 0.5419921875 0.0556640625 0.0517578125 0.0986328125
0 0.591796875 0.2744140625 0.0830078125 0.1787109375
0 0.5380859375 0.16796875 0.0615234375 0.123046875
0 0.7412109375 0.228515625 0.095703125 0.15625
0 0.8349609375 0.373046875 0.1123046875 0.1845703125
0 0.5703125 0.4677734375 0.1171875 0.291015625
0 0.814453125 0.9013671875 0.201171875 0.1923828125
0 0.4638671875 0.76171875 0.1708984375 0.44140625
1 0.3134765625 0.318359375 0.0322265625 0.0517578125
0 0.2666015625 0.5068359375 0.1298828125 0.359375
2 0.7490234375 0.5498046875 0.142578125 0.2724609375
1 0.1201171875 0.0224609375 0.017578125 0.044921875
0 0.5654296875 0.0205078125 0.0224609375 0.041015625
1 0.4501953125 0.013671875 0.01171875 0.02734375
0 0.638671875 0.09765625 0.0654296875 0.1240234375