1 0.5107421875 0.0654296875 0.0185546875 0.0771484375
1 0.7734375 0.2421875 0.0224609375 0.05859375
2 0.7763671875 0.5712890625 0.2392578125 0.6015625
1 0.4931640625 0.1650390625 0.0322265625 0.068359375
1 0.5810546875 0.02734375 0.01171875 0.0419921875
0 0.384765625 0.056640625 0.0517578125 0.0703125
1 0.7275390625 0.2275390625 0.0224609375 0.0625
1 0.6650390625 0.0615234375 0.01171875 0.041015625
1 0.3837890625 0.2216796875 0.0244140625 0.072265625
1 0.6337890625 0.2587890625 0.0205078125 0.0615234375
0 0.5478515625 0.11328125 0.0517578125 0.0732421875
0 0.419921875 0.2978515625 0.0859375 0.1513671875
0 0.6083984375 0.107421875 0.0478515625 0.0830078125
1 0.703125 0.1806640625 0.017578125 0.0390625
1 0.505859375 0.21484375 0.015625 0.056640625
1 0.2626953125 0.0234375 0.0146484375 0.0380859375
1 0.6865234375 0.1376953125 0.0146484375 0.048828125
0 0.5908203125 0.2744140625 0.076171875 0.1826171875
0 0.3525390625 0.158203125 0.06640625 0.0986328125
0 0.3388671875 0.2646484375 0.0791015625 0.166015625
0 0.4365234375 0.1435546875 0.0615234375 0.109375
1 0.501953125 0.013671875 0.0166015625 0.02734375
0 0.6416015625 0.4150390625 0.0615234375 0.25390625
1 0.453125 0.015625 0.0107421875 0.03125
1 0.791015625 0.1689453125 0.021484375 0.0576171875
0 0.4716796875 0.033203125 0.0419921875 0.0654296875
0 0.2861328125 0.419921875 0.1142578125 0.27734375
1 0.8818359375 0.3740234375 0.0341796875 0.0771484375
1 0.4677734375 0.35546875 0.0224609375 0.072265625
1 0.5986328125 0.0107421875 0.009765625 0.021484375
1 0.357421875 0.0419921875 0.0185546875 0.0439453125
1 0.3857421875 0.2919921875 0.017578125 0.068359375
0 0.41796875 0.546875 0.1259765625 0.3525390625
1 0.1064453125 0.1728515625 0.0263671875 0.0625
1 0.42578125 0.2021484375 0.0263671875 0.0556640625
1 0.6630859375 0.27734375 0.0185546875 0.0458984375
1 0.5302734375 0.25 0.025390625 0.0458984375
1 0.634765625 0.041015625 0.013671875 0.05078125
0 0.5986328125 0.6748046875 0.142578125 0.416015625
1 0.494140625 0.109375 0.0166015625 0.0537109375
1 0.7763671875 0.201171875 0.0205078125 0.0400390625
1 0.7509765625 0.259765625 0.0322265625 0.0341796875
1 0.11328125 0.0322265625 0.0166015625 0.052734375
1 0.091796875 0.02734375 0.01953125 0.05078125
1 0.3544921875 0.3701171875 0.03515625 0.115234375
1 0.9091796875 0.3994140625 0.017578125 0.0546875
1 0.4091796875 0.0458984375 0.01171875 0.037109375
1 0.248046875 0.0205078125 0.01953125 0.041015625
1 0.287109375 0.0224609375 0.0166015625 0.044921875
1 0.1416015625 0.0283203125 0.01171875 0.0361328125
1 0.7421875 0.03125 0.01171875 0.0283203125
1 0.7890625 0.1220703125 0.0126953125 0.033203125
1 0.3056640625 0.017578125 0.0205078125 0.03515625
2 0.76171875 0.0263671875 0.0400390625 0.052734375