1 0.6259765625 0.1142578125 0.013671875 0.04296875
1 0.6767578125 0.1015625 0.017578125 0.0458984375
1 0.9013671875 0.390625 0.03125 0.1005859375
0 0.86328125 0.67578125 0.107421875 0.3671875
0 0.65625 0.3505859375 0.095703125 0.22265625
0 0.521484375 0.2646484375 0.076171875 0.1591796875
0 0.29296875 0.419921875 0.1171875 0.2841796875
0 0.591796875 0.7109375 0.142578125 0.369140625
0 0.2353515625 0.677734375 0.154296875 0.375
0 0.5732421875 0.4638671875 0.11328125 0.248046875
1 0.7197265625 0.017578125 0.013671875 0.0341796875
1 0.7431640625 0.033203125 0.009765625 0.02734375
0 0.419921875 0.5341796875 0.119140625 0.2978515625
0 0.7412109375 0.6943359375 0.1513671875 0.3154296875