1 0.8701171875 0.3515625 0.033203125 0.09375
1 0.4013671875 0.1943359375 0.0263671875 0.07421875
1 0.388671875 0.404296875 0.044921875 0.1328125
0 0.4443359375 0.224609375 0.072265625 0.169921875
0 0.3544921875 0.169921875 0.0693359375 0.1220703125
0 0.3974609375 0.025390625 0.0361328125 0.05078125
1 0.3251953125 0.6259765625 0.0556640625 0.1591796875
1 0.439453125 0.041015625 0.0244140625 0.044921875
1 0.2275390625 0.791015625 0.0732421875 0.1875
1 0.4033203125 0.1337890625 0.021484375 0.0625
0 0.478515625 0.0361328125 0.0419921875 0.0634765625
0 0.4423828125 0.103515625 0.064453125 0.09375
0 0.4833984375 0.3974609375 0.103515625 0.2451171875
1 0.509765625 0.640625 0.0615234375 0.189453125
1 0.7265625 0.203125 0.03125 0.0869140625
0 0.28515625 0.443359375 0.1162109375 0.298828125
1 0.12109375 0.048828125 0.013671875 0.0419921875
0 0.662109375 0.4765625 0.1044921875 0.244140625
1 0.412109375 0.353515625 0.025390625 0.0908203125
1 0.4052734375 0.0830078125 0.0224609375 0.052734375
0 0.4052734375 0.7294921875 0.1484375 0.4677734375
2 0.541015625 0.0478515625 0.0634765625 0.095703125
1 0.5732421875 0.7421875 0.052734375 0.1904296875
0 0.7763671875 0.2978515625 0.09765625 0.18359375
2 0.2314453125 0.0625 0.0478515625 0.1220703125
1 0.4453125 0.478515625 0.0419921875 0.0712890625
0 0.3662109375 0.0927734375 0.0556640625 0.068359375
0 0.5888671875 0.01953125 0.044921875 0.0390625
2 0.609375 0.2607421875 0.123046875 0.26171875
1 0.4248046875 0.01171875 0.0205078125 0.0234375
1 0.5732421875 0.54296875 0.0458984375 0.130859375
1 0.3955078125 0.26171875 0.0234375 0.05859375
0 0.08984375 0.18359375 0.015625 0.08203125
0 0.2431640625 0.927734375 0.2177734375 0.1318359375
0 0.8505859375 0.6171875 0.1298828125 0.35546875
0 0.544921875 0.1513671875 0.0322265625 0.1328125
1 0.8330078125 0.3935546875 0.03125 0.078125
1 0.90625 0.546875 0.01953125 0.0703125
1 0.498046875 0.015625 0.009765625 0.0302734375
1 0.365234375 0.046875 0.01953125 0.03515625
1 0.7255859375 0.1279296875 0.015625 0.048828125
0 0.16796875 0.01171875 0.0234375 0.0234375
1 0.4541015625 0.041015625 0.01171875 0.0380859375