1 0.408203125 0.3837890625 0.0361328125 0.11328125
0 0.3544921875 0.169921875 0.0703125 0.1318359375
0 0.38671875 0.0546875 0.048828125 0.0712890625
1 0.2822265625 0.7177734375 0.0634765625 0.189453125
1 0.5234375 0.73828125 0.0615234375 0.18359375
1 0.4013671875 0.2119140625 0.0263671875 0.0732421875
0 0.4462890625 0.2373046875 0.076171875 0.169921875
1 0.7734375 0.2158203125 0.0224609375 0.046875
1 0.3759765625 0.4541015625 0.04296875 0.125
1 0.576171875 0.8984375 0.0693359375 0.18359375
0 0.333984375 0.2861328125 0.080078125 0.177734375
1 0.396484375 0.12109375 0.0234375 0.076171875
0 0.478515625 0.0400390625 0.044921875 0.06640625
1 0.5029296875 0.0244140625 0.0146484375 0.0458984375
0 0.443359375 0.109375 0.0654296875 0.1005859375
1 0.4453125 0.0380859375 0.0234375 0.048828125
0 0.28515625 0.4453125 0.1201171875 0.29296875
1 0.4326171875 0.0166015625 0.0126953125 0.03125
0 0.1416015625 0.1005859375 0.05859375 0.09375
0 0.48828125 0.4384765625 0.107421875 0.263671875
1 0.4775390625 0.6318359375 0.03125 0.173828125
1 0.416015625 0.0517578125 0.0234375 0.0703125
0 0.6826171875 0.5625 0.1171875 0.2841796875
1 0.5849609375 0.6416015625 0.0517578125 0.146484375
0 0.40625 0.7431640625 0.1484375 0.4775390625
0 0.1201171875 0.01953125 0.037109375 0.0390625
0 0.7578125 0.4287109375 0.10546875 0.2021484375
1 0.458984375 0.0263671875 0.0107421875 0.03515625
2 0.544921875 0.0576171875 0.0615234375 0.115234375
1 0.4189453125 0.0146484375 0.013671875 0.029296875
2 0.6220703125 0.2451171875 0.1474609375 0.4091796875
1 0.3974609375 0.3125 0.0234375 0.07421875
0 0.55078125 0.17578125 0.037109375 0.140625
0 0.24609375 0.9306640625 0.224609375 0.1337890625
0 0.857421875 0.6591796875 0.1171875 0.3681640625
1 0.8583984375 0.4326171875 0.03125 0.0673828125
1 0.453125 0.4873046875 0.0302734375 0.05859375
2 0.1015625 0.23828125 0.041015625 0.330078125
1 0.578125 0.0244140625 0.01171875 0.048828125
1 0.802734375 0.24609375 0.033203125 0.05078125