2 0.771484375 0.5712890625 0.2255859375 0.6064453125
1 0.6923828125 0.1748046875 0.0224609375 0.05859375
1 0.708984375 0.162109375 0.01953125 0.0595703125
1 0.439453125 0.048828125 0.015625 0.044921875
1 0.60546875 0.0361328125 0.013671875 0.041015625
1 0.8330078125 0.2744140625 0.0263671875 0.083984375
1 0.7353515625 0.21875 0.0126953125 0.0458984375
1 0.5029296875 0.6220703125 0.052734375 0.1630859375
1 0.6328125 0.0361328125 0.0126953125 0.03515625
1 0.7978515625 0.2646484375 0.025390625 0.07421875
0 0.4248046875 0.162109375 0.0615234375 0.1669921875
0 0.4638671875 0.07421875 0.0498046875 0.09375
0 0.8779296875 0.5185546875 0.0830078125 0.2607421875
0 0.6005859375 0.26171875 0.095703125 0.185546875
0 0.2841796875 0.416015625 0.1103515625 0.279296875
0 0.546875 0.3837890625 0.09765625 0.2216796875
0 0.5966796875 0.6787109375 0.140625 0.41015625
0 0.4189453125 0.556640625 0.1279296875 0.357421875
1 0.6201171875 0.083984375 0.0146484375 0.037109375
1 0.685546875 0.0732421875 0.0146484375 0.0478515625
0 0.22265625 0.0224609375 0.037109375 0.044921875
1 0.7470703125 0.2392578125 0.0126953125 0.0244140625
1 0.7412109375 0.18359375 0.017578125 0.044921875
0 0.736328125 0.2587890625 0.0751953125 0.0458984375
1 0.7392578125 0.029296875 0.009765625 0.02734375
1 0.306640625 0.0146484375 0.0205078125 0.029296875
1 0.7119140625 0.0166015625 0.013671875 0.033203125
1 0.8330078125 0.2177734375 0.01953125 0.0478515625
1 0.6181640625 0.04296875 0.0087890625 0.0234375