1 0.5302734375 0.0341796875 0.0146484375 0.048828125
1 0.8251953125 0.2470703125 0.01953125 0.06640625
1 0.56640625 0.0283203125 0.013671875 0.041015625
1 0.873046875 0.3154296875 0.0263671875 0.0908203125
1 0.634765625 0.10546875 0.0146484375 0.05078125
2 0.78125 0.568359375 0.2470703125 0.603515625
0 0.3515625 0.1689453125 0.0703125 0.119140625
0 0.3837890625 0.056640625 0.0537109375 0.0703125
0 0.4384765625 0.1611328125 0.064453125 0.134765625
0 0.5458984375 0.185546875 0.0615234375 0.1357421875
1 0.65234375 0.125 0.01953125 0.0517578125
0 0.4208984375 0.294921875 0.080078125 0.1455078125
0 0.59375 0.2666015625 0.0791015625 0.169921875
1 0.4775390625 0.3603515625 0.0390625 0.1064453125
1 0.7919921875 0.1396484375 0.0185546875 0.056640625
0 0.6435546875 0.416015625 0.0576171875 0.2529296875
0 0.287109375 0.419921875 0.11328125 0.2763671875
0 0.6943359375 0.1142578125 0.0546875 0.0810546875
1 0.5556640625 0.0087890625 0.01171875 0.0166015625
1 0.0927734375 0.189453125 0.01953125 0.0654296875
0 0.6943359375 0.23828125 0.076171875 0.119140625
0 0.41796875 0.546875 0.126953125 0.3515625
1 0.388671875 0.1552734375 0.0185546875 0.080078125
1 0.7421875 0.0322265625 0.0087890625 0.0263671875
0 0.5498046875 0.1025390625 0.0478515625 0.052734375
0 0.59765625 0.67578125 0.1416015625 0.4169921875
1 0.783203125 0.2236328125 0.017578125 0.0859375
0 0.232421875 0.072265625 0.068359375 0.123046875
1 0.888671875 0.763671875 0.044921875 0.1728515625
0 0.408203125 0.0224609375 0.03515625 0.04296875
1 0.6103515625 0.359375 0.029296875 0.0810546875
1 0.712890625 0.0166015625 0.013671875 0.033203125
1 0.35546875 0.3896484375 0.033203125 0.1162109375
1 0.3056640625 0.017578125 0.0166015625 0.03515625
1 0.443359375 0.0537109375 0.03125 0.02734375
1 0.15234375 0.0107421875 0.01953125 0.021484375
1 0.810546875 0.234375 0.0126953125 0.0498046875
1 0.2548828125 0.029296875 0.0185546875 0.0322265625