1 0.494140625 0.1357421875 0.0244140625 0.0673828125
1 0.4287109375 0.037109375 0.0302734375 0.0517578125
2 0.775390625 0.576171875 0.2333984375 0.59375
1 0.3876953125 0.2734375 0.033203125 0.0986328125
1 0.517578125 0.0986328125 0.01953125 0.0712890625
0 0.396484375 0.0263671875 0.0390625 0.052734375
1 0.619140625 0.0205078125 0.0107421875 0.0341796875
0 0.546875 0.1865234375 0.0634765625 0.1337890625
1 0.59375 0.1396484375 0.0205078125 0.06640625
1 0.6396484375 0.0263671875 0.0146484375 0.044921875
1 0.357421875 0.3740234375 0.037109375 0.115234375
1 0.7021484375 0.111328125 0.0146484375 0.044921875
0 0.353515625 0.1533203125 0.0673828125 0.0986328125
1 0.4794921875 0.3662109375 0.0400390625 0.115234375
0 0.626953125 0.142578125 0.060546875 0.1123046875
1 0.5302734375 0.25390625 0.0380859375 0.0537109375
0 0.3388671875 0.255859375 0.0771484375 0.1513671875
0 0.4716796875 0.2392578125 0.078125 0.154296875
0 0.5927734375 0.2734375 0.0771484375 0.1796875
1 0.7744140625 0.26171875 0.0263671875 0.0400390625
0 0.474609375 0.037109375 0.041015625 0.07421875
1 0.7412109375 0.2451171875 0.029296875 0.060546875
0 0.6982421875 0.234375 0.08203125 0.11328125
1 0.404296875 0.1240234375 0.021484375 0.0712890625
1 0.40234375 0.2021484375 0.0400390625 0.07421875
1 0.63671875 0.265625 0.01953125 0.0546875
1 0.2822265625 0.017578125 0.013671875 0.03515625
0 0.44140625 0.107421875 0.0654296875 0.0986328125
1 0.44921875 0.01953125 0.015625 0.0390625
0 0.2880859375 0.419921875 0.11328125 0.2763671875
1 0.904296875 0.3994140625 0.025390625 0.0615234375
0 0.419921875 0.544921875 0.1259765625 0.353515625
1 0.5107421875 0.044921875 0.01953125 0.078125
0 0.6435546875 0.416015625 0.0595703125 0.251953125
2 0.552734375 0.0615234375 0.0712890625 0.123046875
1 0.2587890625 0.0322265625 0.0107421875 0.0400390625
2 0.8310546875 0.3095703125 0.095703125 0.1904296875
0 0.1669921875 0.0771484375 0.04296875 0.0849609375
0 0.599609375 0.6748046875 0.1416015625 0.4130859375
0 0.232421875 0.0224609375 0.0361328125 0.044921875
0 0.1298828125 0.224609375 0.0859375 0.1455078125
0 0.3642578125 0.08203125 0.0537109375 0.0498046875
1 0.4970703125 0.06640625 0.0146484375 0.044921875
1 0.3564453125 0.0322265625 0.017578125 0.05859375
1 0.876953125 0.388671875 0.0322265625 0.0673828125
1 0.7431640625 0.0244140625 0.01171875 0.04296875
1 0.4296875 0.208984375 0.0263671875 0.0419921875
1 0.779296875 0.203125 0.0224609375 0.0546875