1 0.427734375 0.1435546875 0.0205078125 0.0576171875
1 0.7177734375 0.1474609375 0.0205078125 0.06640625
1 0.84765625 0.640625 0.0498046875 0.1376953125
1 0.4765625 0.140625 0.0205078125 0.0654296875
1 0.3818359375 0.1552734375 0.021484375 0.080078125
1 0.8916015625 0.3837890625 0.04296875 0.1201171875
0 0.6162109375 0.0458984375 0.05078125 0.0810546875
0 0.58203125 0.0302734375 0.037109375 0.060546875
1 0.728515625 0.2763671875 0.03125 0.0869140625
1 0.400390625 0.23828125 0.0224609375 0.076171875
0 0.54296875 0.27734375 0.08203125 0.2021484375
0 0.609375 0.1171875 0.046875 0.091796875
0 0.4365234375 0.0322265625 0.0380859375 0.0634765625
0 0.521484375 0.0986328125 0.0458984375 0.0966796875
0 0.521484375 0.02734375 0.041015625 0.052734375
0 0.341796875 0.220703125 0.080078125 0.1845703125
0 0.443359375 0.2587890625 0.0771484375 0.19140625
0 0.802734375 0.333984375 0.103515625 0.169921875
1 0.8447265625 0.32421875 0.0234375 0.080078125
0 0.677734375 0.169921875 0.078125 0.134765625
0 0.666015625 0.3076171875 0.09375 0.1875
0 0.560546875 0.015625 0.017578125 0.0302734375
0 0.6962890625 0.5791015625 0.1484375 0.361328125
1 0.7294921875 0.0283203125 0.0224609375 0.037109375
0 0.7548828125 0.951171875 0.1796875 0.0908203125
1 0.634765625 0.0830078125 0.0146484375 0.04296875
0 0.291015625 0.5966796875 0.13671875 0.2978515625
1 0.7353515625 0.380859375 0.029296875 0.1318359375
0 0.470703125 0.6923828125 0.1455078125 0.3798828125
0 0.181640625 0.05078125 0.01953125 0.0625
1 0.74609375 0.0234375 0.0146484375 0.046875
0 0.654296875 0.0224609375 0.0439453125 0.044921875
1 0.6884765625 0.0224609375 0.0146484375 0.044921875