1 0.6650390625 0.107421875 0.0185546875 0.0546875
1 0.72265625 0.1875 0.0205078125 0.064453125
0 0.4453125 0.208984375 0.0849609375 0.1494140625
0 0.353515625 0.1767578125 0.0771484375 0.1572265625
1 0.5390625 0.6162109375 0.0478515625 0.1357421875
1 0.580078125 0.017578125 0.013671875 0.0341796875
0 0.384765625 0.0693359375 0.052734375 0.0869140625
0 0.49609375 0.1435546875 0.0634765625 0.1513671875
1 0.5302734375 0.12890625 0.01953125 0.0615234375
1 0.3984375 0.1826171875 0.0244140625 0.10546875
2 0.5947265625 0.1533203125 0.091796875 0.2529296875
1 0.4306640625 0.078125 0.015625 0.0546875
1 0.689453125 0.109375 0.0263671875 0.064453125
0 0.7705078125 0.2998046875 0.091796875 0.177734375
1 0.73828125 0.169921875 0.0205078125 0.0751953125
0 0.30859375 0.3896484375 0.1103515625 0.228515625
1 0.744140625 0.03125 0.009765625 0.0263671875
1 0.5947265625 0.0146484375 0.0126953125 0.029296875
0 0.634765625 0.5234375 0.107421875 0.3037109375
0 0.1298828125 0.1044921875 0.0732421875 0.109375
1 0.52734375 0.25 0.0244140625 0.1005859375
0 0.4443359375 0.50390625 0.115234375 0.2900390625
0 0.205078125 0.7841796875 0.1826171875 0.4111328125
1 0.318359375 0.5869140625 0.0478515625 0.150390625
0 0.576171875 0.333984375 0.0888671875 0.1865234375
1 0.6474609375 0.1474609375 0.0166015625 0.0625
1 0.54296875 0.0576171875 0.0263671875 0.0654296875
1 0.125 0.01953125 0.015625 0.0390625
2 0.47265625 0.044921875 0.0546875 0.0888671875
1 0.3994140625 0.267578125 0.0205078125 0.083984375
0 0.876953125 0.5439453125 0.080078125 0.2978515625
1 0.421875 0.1494140625 0.01953125 0.0732421875
1 0.5556640625 0.015625 0.029296875 0.03125
0 0.48046875 0.859375 0.2216796875 0.2744140625
1 0.3740234375 0.32421875 0.0283203125 0.072265625
1 0.7138671875 0.0166015625 0.01171875 0.0322265625
1 0.0859375 0.056640625 0.0068359375 0.0537109375
0 0.5205078125 0.015625 0.03515625 0.03125
2 0.4423828125 0.017578125 0.021484375 0.03515625
2 0.6201171875 0.01171875 0.048828125 0.0234375