1 0.474609375 0.2802734375 0.029296875 0.0986328125
1 0.591796875 0.017578125 0.01171875 0.0322265625
0 0.64453125 0.150390625 0.0576171875 0.1259765625
0 0.5341796875 0.0439453125 0.0419921875 0.0869140625
1 0.1279296875 0.0234375 0.015625 0.044921875
0 0.4384765625 0.0166015625 0.03515625 0.0322265625
2 0.609375 0.0888671875 0.041015625 0.080078125
2 0.6591796875 0.0595703125 0.0517578125 0.1064453125
2 0.5634765625 0.19140625 0.080078125 0.18359375
0 0.4423828125 0.1064453125 0.05078125 0.1005859375
0 0.33984375 0.3583984375 0.09765625 0.1982421875
0 0.505859375 0.0087890625 0.02734375 0.017578125
2 0.705078125 0.515625 0.16796875 0.4150390625
2 0.708984375 0.2587890625 0.0888671875 0.1875
1 0.611328125 0.02734375 0.01171875 0.0244140625
2 0.880859375 0.2861328125 0.0771484375 0.2666015625
1 0.7314453125 0.0302734375 0.0263671875 0.033203125
1 0.689453125 0.0244140625 0.01171875 0.046875
1 0.5166015625 0.03515625 0.0078125 0.0283203125