1 0.7783203125 0.154296875 0.0205078125 0.048828125
1 0.5888671875 0.6337890625 0.0478515625 0.1689453125
0 0.8291015625 0.3095703125 0.0771484375 0.1513671875
0 0.7724609375 0.4482421875 0.115234375 0.2529296875
0 0.853515625 0.6513671875 0.1240234375 0.353515625
0 0.5849609375 0.2666015625 0.0859375 0.1943359375
1 0.75390625 0.2041015625 0.0146484375 0.048828125
0 0.6494140625 0.388671875 0.103515625 0.2421875
0 0.595703125 0.044921875 0.04296875 0.0751953125
0 0.7060546875 0.7109375 0.1630859375 0.3720703125
2 0.4033203125 0.0966796875 0.06640625 0.1796875
0 0.2744140625 0.5830078125 0.1396484375 0.3662109375
0 0.4912109375 0.625 0.1318359375 0.3251953125
1 0.6728515625 0.0712890625 0.0126953125 0.048828125