1 0.4326171875 0.0537109375 0.0146484375 0.046875
0 0.35546875 0.171875 0.0810546875 0.1552734375
1 0.5341796875 0.4638671875 0.0390625 0.123046875
0 0.38671875 0.064453125 0.0537109375 0.0849609375
0 0.49609375 0.1328125 0.0595703125 0.1455078125
0 0.44921875 0.1806640625 0.0703125 0.1171875
1 0.52734375 0.1005859375 0.017578125 0.05078125
1 0.6796875 0.1298828125 0.013671875 0.044921875
0 0.318359375 0.3515625 0.1015625 0.22265625
1 0.400390625 0.17578125 0.0224609375 0.09375
2 0.58984375 0.13671875 0.0927734375 0.2412109375
0 0.4462890625 0.4208984375 0.1015625 0.2470703125
0 0.74609375 0.259765625 0.0927734375 0.1513671875
1 0.5390625 0.1943359375 0.0185546875 0.0712890625
0 0.5693359375 0.296875 0.080078125 0.166015625
0 0.62109375 0.470703125 0.091796875 0.28515625
1 0.6630859375 0.080078125 0.0146484375 0.044921875
1 0.359375 0.4873046875 0.0341796875 0.1181640625
0 0.1552734375 0.0224609375 0.0458984375 0.044921875
0 0.2373046875 0.6630859375 0.154296875 0.421875
2 0.4697265625 0.0419921875 0.0546875 0.0830078125
0 0.4931640625 0.7529296875 0.1650390625 0.4423828125
2 0.7265625 0.1416015625 0.0673828125 0.1201171875
1 0.2353515625 0.0439453125 0.017578125 0.044921875
0 0.87109375 0.54296875 0.091796875 0.33203125
0 0.5400390625 0.0361328125 0.037109375 0.0693359375
1 0.3984375 0.3095703125 0.0166015625 0.1171875
1 0.091796875 0.0380859375 0.01953125 0.0478515625
1 0.6748046875 0.0908203125 0.0146484375 0.0361328125
1 0.4423828125 0.0234375 0.0205078125 0.0458984375
1 0.1279296875 0.0234375 0.015625 0.0419921875
0 0.09765625 0.1533203125 0.0341796875 0.1103515625
0 0.3984375 0.015625 0.0322265625 0.0302734375
1 0.3740234375 0.298828125 0.0244140625 0.0966796875
1 0.744140625 0.03125 0.0087890625 0.025390625
2 0.765625 0.025390625 0.041015625 0.05078125
2 0.626953125 0.01171875 0.046875 0.0234375