0 0.6826171875 0.1162109375 0.0546875 0.0966796875
1 0.640625 0.05078125 0.03515625 0.0625
0 0.634765625 0.1220703125 0.0537109375 0.0986328125
1 0.60546875 0.029296875 0.01953125 0.0478515625
1 0.845703125 0.716796875 0.0673828125 0.1962890625
1 0.7666015625 0.2021484375 0.025390625 0.0830078125
0 0.69921875 0.2646484375 0.0849609375 0.1904296875
2 0.291015625 0.544921875 0.193359375 0.6396484375
2 0.5849609375 0.1962890625 0.0986328125 0.240234375
0 0.6796875 0.6162109375 0.14453125 0.3564453125
1 0.130859375 0.0283203125 0.0146484375 0.0400390625
0 0.373046875 0.1044921875 0.0546875 0.0986328125
1 0.732421875 0.2275390625 0.0205078125 0.0654296875
0 0.5498046875 0.3896484375 0.08984375 0.220703125
2 0.537109375 0.0615234375 0.0576171875 0.123046875
0 0.4697265625 0.2236328125 0.0673828125 0.1650390625
0 0.34375 0.205078125 0.078125 0.134765625
1 0.640625 0.01171875 0.01171875 0.0234375
1 0.6220703125 0.0341796875 0.01171875 0.0283203125
1 0.7119140625 0.0166015625 0.0126953125 0.0322265625
1 0.7431640625 0.0322265625 0.0107421875 0.0224609375
0 0.5029296875 0.0146484375 0.013671875 0.0283203125
1 0.2255859375 0.017578125 0.0146484375 0.0341796875
0 0.4501953125 0.107421875 0.0400390625 0.0712890625
0 0.8388671875 0.3017578125 0.1337890625 0.2919921875
1 0.306640625 0.015625 0.025390625 0.03125
1 0.57421875 0.009765625 0.01171875 0.01953125
1 0.673828125 0.048828125 0.0185546875 0.0419921875
2 0.5048828125 0.87890625 0.27734375 0.23828125