1 0.7294921875 0.1787109375 0.0234375 0.0654296875
1 0.8642578125 0.33984375 0.0361328125 0.0986328125
1 0.7705078125 0.236328125 0.0234375 0.0771484375
1 0.544921875 0.228515625 0.02734375 0.0908203125
1 0.666015625 0.09375 0.0166015625 0.0517578125
1 0.8115234375 0.4658203125 0.0390625 0.125
0 0.6435546875 0.13671875 0.0703125 0.1220703125
0 0.51953125 0.0361328125 0.04296875 0.072265625
1 0.56640625 0.041015625 0.013671875 0.0458984375
0 0.6826171875 0.619140625 0.150390625 0.3056640625
0 0.6181640625 0.2998046875 0.0888671875 0.19921875
0 0.607421875 0.01953125 0.033203125 0.0390625
1 0.9013671875 0.5478515625 0.0283203125 0.109375
1 0.7451171875 0.02734375 0.0205078125 0.0361328125
1 0.9072265625 0.755859375 0.0185546875 0.1240234375
1 0.7138671875 0.0166015625 0.017578125 0.033203125
2 0.7568359375 0.8837890625 0.3056640625 0.224609375
2 0.125 0.1201171875 0.0947265625 0.2373046875