1 0.6064453125 0.03125 0.0146484375 0.0419921875
1 0.5986328125 0.146484375 0.0234375 0.0693359375
1 0.6708984375 0.0712890625 0.013671875 0.046875
1 0.779296875 0.2783203125 0.029296875 0.0888671875
1 0.578125 0.013671875 0.009765625 0.0263671875
1 0.59765625 0.01171875 0.01171875 0.0234375
1 0.8525390625 0.3564453125 0.03515625 0.09375
1 0.7421875 0.03125 0.0087890625 0.025390625
1 0.7138671875 0.015625 0.0126953125 0.03125
0 0.86328125 0.67578125 0.1083984375 0.3701171875
0 0.5908203125 0.7060546875 0.14453125 0.3720703125
0 0.2333984375 0.6787109375 0.154296875 0.37890625
0 0.4140625 0.0244140625 0.0400390625 0.0458984375
2 0.740234375 0.62109375 0.1513671875 0.462890625