1 0.591796875 0.1318359375 0.0185546875 0.060546875
2 0.779296875 0.5712890625 0.236328125 0.59375
1 0.6884765625 0.1064453125 0.01953125 0.052734375
1 0.62109375 0.033203125 0.013671875 0.0380859375
0 0.3857421875 0.0537109375 0.048828125 0.0634765625
1 0.4951171875 0.09375 0.0263671875 0.076171875
1 0.435546875 0.02734375 0.0146484375 0.04296875
1 0.5830078125 0.0478515625 0.01171875 0.044921875
1 0.513671875 0.0625 0.01953125 0.0732421875
0 0.8212890625 0.2021484375 0.06640625 0.0986328125
1 0.4140625 0.0302734375 0.0107421875 0.0361328125
0 0.3359375 0.265625 0.0751953125 0.1669921875
0 0.3525390625 0.15625 0.0673828125 0.1015625
0 0.546875 0.1796875 0.0615234375 0.126953125
1 0.5009765625 0.1806640625 0.0234375 0.07421875
0 0.6298828125 0.1396484375 0.0546875 0.1015625
1 0.3857421875 0.271484375 0.0302734375 0.099609375
0 0.4765625 0.029296875 0.0390625 0.05859375
0 0.591796875 0.2724609375 0.0791015625 0.173828125
0 0.701171875 0.2353515625 0.080078125 0.1083984375
1 0.896484375 0.3837890625 0.0390625 0.0849609375
1 0.3935546875 0.150390625 0.0302734375 0.0673828125
1 0.7236328125 0.1728515625 0.0244140625 0.0634765625
1 0.75 0.2529296875 0.0400390625 0.0478515625
1 0.3583984375 0.37109375 0.0322265625 0.1025390625
0 0.2900390625 0.419921875 0.1142578125 0.27734375
1 0.4794921875 0.3642578125 0.0390625 0.1083984375
2 0.130859375 0.072265625 0.08984375 0.14453125
0 0.44140625 0.1142578125 0.0654296875 0.107421875
1 0.478515625 0.125 0.0224609375 0.0537109375
0 0.2783203125 0.021484375 0.03515625 0.041015625
1 0.646484375 0.2578125 0.0322265625 0.0654296875
0 0.6455078125 0.41796875 0.0576171875 0.25
2 0.55078125 0.05859375 0.068359375 0.1171875
1 0.40625 0.2041015625 0.0244140625 0.0634765625
0 0.4189453125 0.5517578125 0.126953125 0.3505859375
2 0.2041015625 0.087890625 0.076171875 0.169921875
1 0.7958984375 0.2880859375 0.02734375 0.05859375
1 0.7451171875 0.0263671875 0.01171875 0.0390625
1 0.8466796875 0.3701171875 0.029296875 0.0771484375
0 0.0966796875 0.169921875 0.0283203125 0.1103515625
0 0.6025390625 0.68359375 0.14453125 0.4091796875
0 0.0986328125 0.302734375 0.0341796875 0.140625
1 0.2412109375 0.037109375 0.0126953125 0.0498046875
1 0.462890625 0.279296875 0.017578125 0.0810546875
1 0.4306640625 0.208984375 0.0263671875 0.0439453125
1 0.447265625 0.017578125 0.0166015625 0.0341796875
1 0.1787109375 0.1513671875 0.017578125 0.0595703125
1 0.505859375 0.017578125 0.01171875 0.03515625
1 0.7744140625 0.2373046875 0.0205078125 0.0615234375
1 0.7158203125 0.0166015625 0.01171875 0.0322265625
1 0.7255859375 0.1240234375 0.017578125 0.0458984375
1 0.5107421875 0.2861328125 0.02734375 0.0654296875
2 0.8857421875 0.59765625 0.0615234375 0.333984375
2 0.6728515625 0.1689453125 0.0517578125 0.0869140625