2 0.8623046875 0.705078125 0.1083984375 0.5205078125
0 0.328125 0.3232421875 0.0927734375 0.212890625
2 0.369140625 0.119140625 0.068359375 0.203125
0 0.5771484375 0.2724609375 0.078125 0.181640625
1 0.4912109375 0.087890625 0.0146484375 0.05859375
1 0.8818359375 0.4306640625 0.03515625 0.072265625
0 0.263671875 0.568359375 0.142578125 0.3837890625
0 0.654296875 0.5029296875 0.111328125 0.2919921875
2 0.4443359375 0.07421875 0.0595703125 0.1474609375
2 0.4931640625 0.5537109375 0.267578125 0.8818359375
2 0.61328125 0.015625 0.0888671875 0.03125