1 0.7607421875 0.5302734375 0.0390625 0.1259765625
1 0.853515625 0.2763671875 0.02734375 0.072265625
0 0.3720703125 0.09765625 0.0615234375 0.111328125
1 0.73828125 0.66796875 0.05078125 0.189453125
0 0.48828125 0.1669921875 0.0615234375 0.14453125
0 0.6171875 0.28125 0.0869140625 0.1796875
1 0.8974609375 0.482421875 0.03515625 0.1083984375
0 0.6328125 0.1181640625 0.0390625 0.08203125
0 0.419921875 0.3046875 0.083984375 0.19140625
0 0.8515625 0.599609375 0.1328125 0.30859375
0 0.32421875 0.294921875 0.1044921875 0.1982421875
1 0.7958984375 0.4443359375 0.0322265625 0.0849609375
1 0.8212890625 0.2587890625 0.0205078125 0.0693359375
0 0.51171875 0.0458984375 0.0419921875 0.091796875
1 0.8505859375 0.4169921875 0.0419921875 0.068359375
2 0.732421875 0.236328125 0.09765625 0.2568359375
1 0.69921875 0.896484375 0.0634765625 0.181640625
0 0.5693359375 0.517578125 0.1240234375 0.2763671875
1 0.80859375 0.3251953125 0.0283203125 0.0869140625
0 0.412109375 0.166015625 0.0673828125 0.115234375
0 0.6669921875 0.1875 0.0498046875 0.162109375
1 0.7861328125 0.310546875 0.01953125 0.0830078125
0 0.7958984375 0.21484375 0.0537109375 0.1083984375
0 0.123046875 0.197265625 0.083984375 0.12890625
2 0.5751953125 0.1064453125 0.1064453125 0.2119140625
1 0.35546875 0.1787109375 0.0517578125 0.080078125
1 0.8798828125 0.392578125 0.0263671875 0.076171875
1 0.37890625 0.2568359375 0.03125 0.095703125
0 0.52734375 0.1142578125 0.03125 0.0986328125
0 0.169921875 0.0556640625 0.046875 0.0810546875
0 0.830078125 0.8916015625 0.169921875 0.2099609375
1 0.8671875 0.3427734375 0.0224609375 0.056640625
1 0.2255859375 0.021484375 0.015625 0.04296875
1 0.5498046875 0.228515625 0.0205078125 0.08203125
1 0.470703125 0.5068359375 0.0302734375 0.115234375
1 0.6171875 0.9462890625 0.0712890625 0.1025390625
0 0.4150390625 0.57421875 0.126953125 0.3154296875
1 0.814453125 0.412109375 0.01953125 0.05078125
1 0.90625 0.3994140625 0.021484375 0.07421875
1 0.2763671875 0.2802734375 0.025390625 0.0634765625
0 0.2294921875 0.6767578125 0.15234375 0.3740234375
1 0.6259765625 0.0126953125 0.01953125 0.025390625
0 0.1357421875 0.0263671875 0.0283203125 0.052734375
1 0.70703125 0.0146484375 0.0126953125 0.029296875
2 0.4501953125 0.04296875 0.0771484375 0.0830078125
2 0.2685546875 0.0166015625 0.04296875 0.033203125
1 0.84765625 0.33984375 0.0205078125 0.052734375
1 0.8720703125 0.296875 0.021484375 0.060546875