1 0.658203125 0.0546875 0.0126953125 0.0419921875
0 0.5927734375 0.0439453125 0.04296875 0.076171875
1 0.6884765625 0.2724609375 0.0263671875 0.080078125
1 0.6298828125 0.0322265625 0.013671875 0.0341796875
0 0.7607421875 0.208984375 0.07421875 0.1650390625
1 0.7275390625 0.1201171875 0.0166015625 0.0537109375
1 0.697265625 0.173828125 0.01953125 0.0595703125
1 0.7431640625 0.0322265625 0.0087890625 0.0263671875
1 0.7705078125 0.3857421875 0.03515625 0.0888671875
1 0.7138671875 0.015625 0.01171875 0.03125
0 0.6787109375 0.091796875 0.0478515625 0.0751953125
1 0.23828125 0.0126953125 0.0107421875 0.025390625
1 0.7919921875 0.2080078125 0.013671875 0.0439453125
0 0.19140625 0.0947265625 0.05078125 0.076171875
0 0.568359375 0.021484375 0.01953125 0.0419921875
1 0.7275390625 0.232421875 0.0087890625 0.044921875