1 0.771484375 0.2412109375 0.0224609375 0.0458984375
1 0.76171875 0.1767578125 0.0185546875 0.0517578125
1 0.740234375 0.19140625 0.0224609375 0.0693359375
1 0.69921875 0.1005859375 0.015625 0.0498046875
1 0.7294921875 0.0947265625 0.0166015625 0.03515625
1 0.6796875 0.091796875 0.017578125 0.044921875
1 0.7314453125 0.1357421875 0.0244140625 0.06640625
0 0.3779296875 0.1376953125 0.0576171875 0.1337890625
0 0.525390625 0.052734375 0.0400390625 0.0830078125
1 0.662109375 0.0576171875 0.013671875 0.0341796875
1 0.546875 0.205078125 0.01953125 0.0634765625
0 0.498046875 0.1962890625 0.0693359375 0.1416015625
0 0.63671875 0.0244140625 0.0341796875 0.0478515625
2 0.4541015625 0.072265625 0.076171875 0.1376953125
0 0.328125 0.3017578125 0.0986328125 0.20703125
1 0.560546875 0.0263671875 0.01171875 0.044921875
0 0.423828125 0.4150390625 0.0986328125 0.244140625
0 0.373046875 0.060546875 0.0498046875 0.0615234375
2 0.8515625 0.4580078125 0.130859375 0.4501953125
2 0.6044921875 0.0400390625 0.0439453125 0.078125
1 0.7138671875 0.017578125 0.017578125 0.0341796875
0 0.412109375 0.6962890625 0.1455078125 0.37890625
2 0.767578125 0.3447265625 0.0615234375 0.2197265625
0 0.505859375 0.01953125 0.0224609375 0.0390625
2 0.662109375 0.3330078125 0.1884765625 0.544921875
0 0.234375 0.6787109375 0.15234375 0.37890625
1 0.76171875 0.1318359375 0.0146484375 0.0439453125
1 0.33203125 0.185546875 0.0244140625 0.037109375