1 0.7861328125 0.3369140625 0.0322265625 0.0927734375
1 0.8349609375 0.265625 0.025390625 0.072265625
1 0.875 0.3935546875 0.0361328125 0.09765625
1 0.6171875 0.0302734375 0.013671875 0.0361328125
1 0.9052734375 0.3759765625 0.0234375 0.0810546875
0 0.8623046875 0.671875 0.109375 0.3681640625
1 0.7109375 0.015625 0.0146484375 0.03125
0 0.48828125 0.0576171875 0.0439453125 0.080078125
0 0.583984375 0.169921875 0.0654296875 0.146484375
1 0.7275390625 0.01953125 0.013671875 0.0390625
0 0.23046875 0.6787109375 0.154296875 0.3740234375
0 0.58984375 0.70703125 0.1435546875 0.3740234375
2 0.73828125 0.6220703125 0.15234375 0.462890625