1 0.3876953125 0.2197265625 0.0146484375 0.072265625
1 0.3916015625 0.4599609375 0.04296875 0.1298828125
2 0.337890625 0.27734375 0.111328125 0.2490234375
0 0.5361328125 0.1376953125 0.060546875 0.125
1 0.3974609375 0.076171875 0.0185546875 0.0703125
1 0.4033203125 0.3427734375 0.0400390625 0.1005859375
0 0.58203125 0.1943359375 0.0673828125 0.138671875
1 0.8515625 0.26953125 0.0419921875 0.0712890625
0 0.60546875 0.099609375 0.0478515625 0.0751953125
0 0.4814453125 0.4638671875 0.1171875 0.2353515625
0 0.533203125 0.04296875 0.0458984375 0.064453125
1 0.4091796875 0.220703125 0.029296875 0.052734375
0 0.1591796875 0.1015625 0.0517578125 0.0908203125
2 0.4638671875 0.076171875 0.0703125 0.15234375
0 0.865234375 0.3818359375 0.08203125 0.1611328125
0 0.40625 0.021484375 0.0361328125 0.04296875
0 0.6796875 0.224609375 0.0703125 0.1533203125
0 0.56640625 0.0302734375 0.0283203125 0.060546875
1 0.642578125 0.009765625 0.013671875 0.01953125
2 0.47265625 0.2841796875 0.09375 0.2119140625
0 0.6318359375 0.037109375 0.0400390625 0.0625
2 0.6298828125 0.4599609375 0.1357421875 0.3125
2 0.76953125 0.373046875 0.123046875 0.2236328125
0 0.681640625 0.0986328125 0.07421875 0.0869140625
1 0.6806640625 0.138671875 0.017578125 0.037109375
0 0.5068359375 0.0234375 0.0234375 0.046875
0 0.48046875 0.712890625 0.1484375 0.3759765625
2 0.7685546875 0.7216796875 0.21484375 0.5380859375
0 0.267578125 0.681640625 0.1455078125 0.3193359375
0 0.267578125 0.017578125 0.0234375 0.03515625
1 0.662109375 0.04296875 0.017578125 0.0390625
1 0.7490234375 0.234375 0.0224609375 0.0439453125
1 0.494140625 0.0966796875 0.01171875 0.0732421875
1 0.5556640625 0.443359375 0.0361328125 0.11328125
1 0.30859375 0.015625 0.013671875 0.03125
1 0.90625 0.294921875 0.0205078125 0.0478515625
0 0.1630859375 0.0126953125 0.037109375 0.025390625