1 0.3955078125 0.4482421875 0.044921875 0.1484375
0 0.5419921875 0.140625 0.05859375 0.1171875
1 0.744140625 0.1416015625 0.0185546875 0.0380859375
0 0.607421875 0.0625 0.0419921875 0.076171875
1 0.4140625 0.2529296875 0.0341796875 0.0771484375
0 0.1650390625 0.1591796875 0.0576171875 0.115234375
2 0.3466796875 0.287109375 0.10546875 0.248046875
1 0.6337890625 0.2177734375 0.0302734375 0.0869140625
0 0.3701171875 0.1337890625 0.060546875 0.10546875
0 0.5361328125 0.0361328125 0.044921875 0.0673828125
0 0.486328125 0.466796875 0.1201171875 0.2451171875
1 0.86328125 0.2822265625 0.0361328125 0.052734375
0 0.87109375 0.3798828125 0.08203125 0.15625
0 0.720703125 0.291015625 0.0810546875 0.1640625
1 0.8935546875 0.2998046875 0.0390625 0.068359375
0 0.5703125 0.0322265625 0.0361328125 0.064453125
1 0.7822265625 0.1640625 0.01953125 0.037109375
0 0.6884765625 0.10546875 0.0703125 0.109375
1 0.63671875 0.0322265625 0.0205078125 0.03515625
2 0.2119140625 0.068359375 0.0693359375 0.1279296875
1 0.4091796875 0.3369140625 0.037109375 0.1044921875
2 0.646484375 0.462890625 0.140625 0.3056640625
2 0.48046875 0.2763671875 0.0927734375 0.1923828125
2 0.466796875 0.083984375 0.0634765625 0.1484375
0 0.484375 0.7177734375 0.14453125 0.3798828125
0 0.2744140625 0.681640625 0.1484375 0.322265625
2 0.4072265625 0.033203125 0.056640625 0.06640625
1 0.849609375 0.2509765625 0.021484375 0.03515625
1 0.7666015625 0.1826171875 0.013671875 0.0390625
0 0.8056640625 0.2392578125 0.0888671875 0.1171875
2 0.7724609375 0.7216796875 0.220703125 0.5400390625
0 0.0966796875 0.1611328125 0.03125 0.1005859375
1 0.3623046875 0.0615234375 0.017578125 0.0498046875
0 0.5830078125 0.30078125 0.0869140625 0.1875
1 0.8916015625 0.9189453125 0.05078125 0.16015625
1 0.7109375 0.0791015625 0.013671875 0.0322265625
1 0.88671875 0.2490234375 0.0322265625 0.0517578125