2 0.3388671875 0.28125 0.107421875 0.248046875
1 0.388671875 0.44921875 0.0458984375 0.154296875
1 0.615234375 0.0126953125 0.017578125 0.025390625
0 0.53515625 0.1396484375 0.05859375 0.1240234375
1 0.6416015625 0.0302734375 0.01171875 0.0380859375
0 0.623046875 0.1650390625 0.064453125 0.1220703125
0 0.3623046875 0.1416015625 0.064453125 0.1162109375
0 0.1708984375 0.1474609375 0.06640625 0.109375
1 0.8544921875 0.28515625 0.03515625 0.044921875
1 0.4140625 0.275390625 0.025390625 0.0771484375
0 0.5078125 0.02734375 0.03515625 0.0546875
0 0.1689453125 0.0498046875 0.0341796875 0.052734375
0 0.478515625 0.46875 0.1181640625 0.248046875
2 0.3916015625 0.0498046875 0.05859375 0.099609375
0 0.8642578125 0.37890625 0.0849609375 0.1572265625
2 0.7666015625 0.3837890625 0.1279296875 0.251953125
0 0.5625 0.0322265625 0.0390625 0.064453125
1 0.3193359375 0.1337890625 0.0361328125 0.0390625
1 0.41796875 0.0390625 0.0146484375 0.0458984375
2 0.4619140625 0.0791015625 0.0693359375 0.1552734375
0 0.6005859375 0.0439453125 0.052734375 0.083984375
2 0.630859375 0.4560546875 0.1318359375 0.3134765625
0 0.673828125 0.228515625 0.072265625 0.150390625
1 0.83984375 0.232421875 0.0244140625 0.0595703125
0 0.2587890625 0.0263671875 0.03125 0.0517578125
1 0.66015625 0.1083984375 0.0380859375 0.080078125
0 0.6962890625 0.1259765625 0.0478515625 0.068359375
2 0.767578125 0.72265625 0.21875 0.5400390625
1 0.3896484375 0.20703125 0.0146484375 0.0537109375
0 0.2685546875 0.681640625 0.1455078125 0.3203125
1 0.7509765625 0.1591796875 0.017578125 0.0498046875
1 0.64453125 0.2802734375 0.021484375 0.0615234375
1 0.7646484375 0.1640625 0.01171875 0.0341796875
1 0.5810546875 0.0791015625 0.013671875 0.05078125
1 0.796875 0.181640625 0.01953125 0.041015625
1 0.634765625 0.095703125 0.0146484375 0.0322265625
1 0.677734375 0.0458984375 0.013671875 0.0185546875