1 0.6181640625 0.4072265625 0.0322265625 0.1103515625
1 0.814453125 0.330078125 0.0390625 0.064453125
0 0.3818359375 0.123046875 0.0498046875 0.1337890625
0 0.634765625 0.2744140625 0.0732421875 0.1591796875
1 0.8544921875 0.4326171875 0.03125 0.0830078125
1 0.7900390625 0.2578125 0.01953125 0.0576171875
2 0.8720703125 0.27734375 0.08984375 0.1728515625
0 0.53125 0.3466796875 0.0888671875 0.203125
0 0.4912109375 0.171875 0.05859375 0.1416015625
1 0.6328125 0.0341796875 0.01953125 0.0439453125
1 0.5224609375 0.11328125 0.0224609375 0.0869140625
0 0.4248046875 0.2841796875 0.083984375 0.171875
0 0.330078125 0.296875 0.1005859375 0.2060546875
1 0.8818359375 0.4658203125 0.0380859375 0.064453125
1 0.505859375 0.0712890625 0.0224609375 0.0693359375
2 0.4560546875 0.060546875 0.0810546875 0.11328125
1 0.69140625 0.109375 0.021484375 0.0419921875
1 0.693359375 0.29296875 0.0361328125 0.07421875
0 0.1806640625 0.130859375 0.0576171875 0.1064453125
2 0.5732421875 0.08203125 0.095703125 0.1640625
0 0.8603515625 0.6748046875 0.111328125 0.37109375
1 0.478515625 0.466796875 0.03515625 0.11328125
0 0.8017578125 0.44921875 0.107421875 0.2412109375
0 0.6806640625 0.4462890625 0.0927734375 0.2509765625
1 0.736328125 0.365234375 0.0283203125 0.0439453125
2 0.7373046875 0.2099609375 0.0986328125 0.2109375
0 0.630859375 0.115234375 0.0380859375 0.07421875
0 0.2529296875 0.0322265625 0.05078125 0.0634765625
1 0.8818359375 0.380859375 0.0419921875 0.0703125
0 0.130859375 0.22265625 0.095703125 0.1650390625
1 0.8427734375 0.359375 0.0322265625 0.0791015625
1 0.2890625 0.2509765625 0.0234375 0.060546875
1 0.154296875 0.013671875 0.013671875 0.02734375
1 0.7119140625 0.0166015625 0.0146484375 0.033203125
1 0.3837890625 0.4111328125 0.0302734375 0.099609375
0 0.58984375 0.7119140625 0.140625 0.369140625
1 0.78125 0.3115234375 0.0205078125 0.05078125
1 0.1123046875 0.0205078125 0.017578125 0.041015625
0 0.7412109375 0.6884765625 0.1484375 0.33203125
0 0.2333984375 0.6826171875 0.15234375 0.3740234375
0 0.4169921875 0.53125 0.1201171875 0.306640625