1 0.7275390625 0.1337890625 0.01953125 0.0400390625
1 0.1796875 0.119140625 0.0146484375 0.0556640625
1 0.6484375 0.0341796875 0.013671875 0.0341796875
1 0.7509765625 0.138671875 0.017578125 0.0498046875
1 0.6337890625 0.2255859375 0.033203125 0.0859375
1 0.6337890625 0.033203125 0.013671875 0.0390625
1 0.1435546875 0.0888671875 0.017578125 0.0478515625
0 0.5400390625 0.138671875 0.060546875 0.1201171875
0 0.3935546875 0.0390625 0.04296875 0.07421875
1 0.3955078125 0.44921875 0.0439453125 0.1474609375
0 0.376953125 0.1240234375 0.05859375 0.1103515625
2 0.3447265625 0.28515625 0.1044921875 0.2578125
0 0.6767578125 0.1083984375 0.0546875 0.0888671875
0 0.537109375 0.04296875 0.044921875 0.0654296875
1 0.662109375 0.0283203125 0.0146484375 0.0380859375
1 0.275390625 0.32421875 0.0361328125 0.080078125
0 0.609375 0.060546875 0.048828125 0.0859375
0 0.6796875 0.2294921875 0.064453125 0.1484375
1 0.4189453125 0.125 0.0205078125 0.0654296875
1 0.6494140625 0.28125 0.0322265625 0.064453125
1 0.08984375 0.1787109375 0.015625 0.0732421875
0 0.486328125 0.46875 0.1201171875 0.2421875
1 0.3984375 0.2763671875 0.0234375 0.0498046875
2 0.771484375 0.38671875 0.1337890625 0.2470703125
0 0.8046875 0.2392578125 0.087890625 0.125
1 0.1357421875 0.1396484375 0.0185546875 0.060546875
0 0.8720703125 0.3798828125 0.0791015625 0.154296875
0 0.2666015625 0.0185546875 0.029296875 0.037109375
0 0.46875 0.146484375 0.060546875 0.095703125
1 0.1142578125 0.052734375 0.0166015625 0.0634765625
1 0.4150390625 0.072265625 0.0185546875 0.0615234375
1 0.7021484375 0.1201171875 0.0126953125 0.05859375
0 0.572265625 0.0322265625 0.033203125 0.0634765625
2 0.4794921875 0.2822265625 0.0927734375 0.20703125
1 0.41015625 0.3505859375 0.0361328125 0.103515625
1 0.5146484375 0.087890625 0.0107421875 0.0498046875
2 0.6455078125 0.46484375 0.1337890625 0.3056640625
0 0.4853515625 0.71875 0.146484375 0.3828125
2 0.7705078125 0.7197265625 0.2197265625 0.5400390625
1 0.625 0.01171875 0.0146484375 0.0234375
1 0.1552734375 0.03125 0.017578125 0.037109375
0 0.2724609375 0.677734375 0.1474609375 0.328125
1 0.396484375 0.1650390625 0.015625 0.0478515625
0 0.1337890625 0.021484375 0.0341796875 0.041015625
0 0.7353515625 0.1904296875 0.064453125 0.0888671875
0 0.58203125 0.2998046875 0.0869140625 0.1865234375
1 0.84375 0.255859375 0.015625 0.05078125
1 0.2861328125 0.013671875 0.01171875 0.02734375
1 0.2861328125 0.2587890625 0.03125 0.09375
1 0.1181640625 0.23046875 0.0263671875 0.060546875