1 0.837890625 0.2958984375 0.02734375 0.0791015625
0 0.3671875 0.1513671875 0.068359375 0.140625
1 0.669921875 0.3125 0.0380859375 0.0556640625
0 0.46875 0.111328125 0.0576171875 0.1181640625
0 0.2001953125 0.1123046875 0.056640625 0.087890625
0 0.5712890625 0.0732421875 0.0458984375 0.099609375
1 0.5048828125 0.0810546875 0.0166015625 0.0400390625
0 0.513671875 0.0263671875 0.0380859375 0.052734375
1 0.537109375 0.015625 0.015625 0.0302734375
1 0.408203125 0.419921875 0.044921875 0.154296875
0 0.61328125 0.0419921875 0.048828125 0.083984375
1 0.4833984375 0.0234375 0.01171875 0.0439453125
0 0.1259765625 0.1943359375 0.087890625 0.142578125
0 0.31640625 0.4775390625 0.10546875 0.265625
0 0.876953125 0.4990234375 0.08203125 0.240234375
1 0.5595703125 0.283203125 0.03125 0.099609375
1 0.4296875 0.01953125 0.015625 0.0390625
0 0.25390625 0.7607421875 0.1572265625 0.34375
0 0.65234375 0.4638671875 0.115234375 0.271484375
2 0.7548828125 0.392578125 0.12109375 0.294921875
1 0.10546875 0.1123046875 0.025390625 0.044921875
2 0.65625 0.1455078125 0.076171875 0.220703125
0 0.7802734375 0.80859375 0.185546875 0.3662109375
1 0.794921875 0.240234375 0.0244140625 0.0498046875
0 0.578125 0.015625 0.03515625 0.0302734375
2 0.74609375 0.1787109375 0.0810546875 0.169921875
1 0.6416015625 0.0146484375 0.0185546875 0.029296875
1 0.4150390625 0.0380859375 0.0087890625 0.041015625
1 0.908203125 0.380859375 0.017578125 0.0439453125
1 0.689453125 0.1123046875 0.009765625 0.0478515625
0 0.5712890625 0.875 0.1982421875 0.2451171875
0 0.48828125 0.296875 0.0888671875 0.1875
1 0.4462890625 0.0673828125 0.0185546875 0.0576171875
1 0.3095703125 0.0126953125 0.013671875 0.025390625