1 0.708984375 0.1279296875 0.0166015625 0.05078125
1 0.5390625 0.150390625 0.021484375 0.06640625
1 0.681640625 0.099609375 0.0205078125 0.0517578125
1 0.6416015625 0.03515625 0.0126953125 0.0302734375
0 0.533203125 0.0830078125 0.046875 0.0986328125
1 0.556640625 0.6767578125 0.0546875 0.1787109375
1 0.677734375 0.0556640625 0.0263671875 0.0439453125
1 0.66796875 0.0322265625 0.013671875 0.03125
0 0.3779296875 0.1259765625 0.06640625 0.150390625
0 0.4990234375 0.19921875 0.0673828125 0.1513671875
1 0.626953125 0.0166015625 0.013671875 0.0302734375
2 0.8203125 0.365234375 0.1474609375 0.3583984375
0 0.2890625 0.439453125 0.1171875 0.2705078125
0 0.42578125 0.38671875 0.0927734375 0.2275390625
1 0.8955078125 0.4736328125 0.04296875 0.1416015625
0 0.541015625 0.017578125 0.0205078125 0.0341796875
2 0.625 0.2138671875 0.154296875 0.40625
1 0.5625 0.017578125 0.013671875 0.033203125
0 0.501953125 0.0126953125 0.017578125 0.025390625
1 0.7119140625 0.0166015625 0.0166015625 0.033203125
1 0.6123046875 0.7919921875 0.0615234375 0.1982421875
2 0.4541015625 0.072265625 0.076171875 0.138671875
1 0.79296875 0.1865234375 0.021484375 0.033203125
2 0.7197265625 0.267578125 0.064453125 0.2001953125
1 0.3076171875 0.181640625 0.01953125 0.048828125
1 0.7412109375 0.0322265625 0.01171875 0.0263671875
1 0.2861328125 0.251953125 0.0244140625 0.05078125
1 0.904296875 0.7509765625 0.025390625 0.1298828125
0 0.73046875 0.66796875 0.154296875 0.3935546875
0 0.234375 0.6826171875 0.1513671875 0.3740234375
0 0.4111328125 0.67578125 0.1416015625 0.3662109375
1 0.220703125 0.017578125 0.01171875 0.0341796875
1 0.2529296875 0.01171875 0.0107421875 0.0234375
1 0.3798828125 0.19921875 0.02734375 0.0615234375
1 0.2646484375 0.021484375 0.013671875 0.04296875
1 0.197265625 0.248046875 0.0146484375 0.052734375
1 0.4130859375 0.0185546875 0.013671875 0.037109375