2 0.80078125 0.357421875 0.173828125 0.458984375
0 0.408203125 0.037109375 0.0390625 0.07421875
0 0.2333984375 0.0224609375 0.0283203125 0.044921875
0 0.5302734375 0.080078125 0.0478515625 0.1298828125
0 0.5634765625 0.169921875 0.064453125 0.1298828125
1 0.6728515625 0.3017578125 0.0205078125 0.06640625
2 0.32421875 0.2568359375 0.119140625 0.32421875
2 0.6572265625 0.146484375 0.0703125 0.1484375
0 0.634765625 0.37109375 0.091796875 0.234375
1 0.63671875 0.23046875 0.0224609375 0.0703125
1 0.89453125 0.3828125 0.0341796875 0.080078125
2 0.46484375 0.103515625 0.0947265625 0.2021484375
1 0.5634765625 0.0068359375 0.0087890625 0.0126953125
0 0.693359375 0.6142578125 0.13671875 0.2919921875
1 0.8974609375 0.46875 0.0302734375 0.1259765625
1 0.73046875 0.1240234375 0.0224609375 0.021484375