1 0.6669921875 0.05859375 0.0146484375 0.0419921875
1 0.70703125 0.1435546875 0.0205078125 0.0654296875
1 0.759765625 0.1826171875 0.0263671875 0.0751953125
1 0.61328125 0.53515625 0.0458984375 0.1513671875
1 0.8779296875 0.3671875 0.0390625 0.1025390625
1 0.744140625 0.03125 0.0107421875 0.0263671875
1 0.81640625 0.2978515625 0.0322265625 0.0947265625
1 0.66796875 0.0986328125 0.017578125 0.04296875
1 0.7041015625 0.09375 0.013671875 0.041015625
1 0.6376953125 0.0380859375 0.0126953125 0.0380859375
0 0.8603515625 0.6669921875 0.1103515625 0.365234375
0 0.162109375 0.0693359375 0.0478515625 0.0966796875
1 0.7138671875 0.017578125 0.0126953125 0.0322265625
2 0.7275390625 0.57421875 0.142578125 0.427734375
1 0.671875 0.03125 0.0078125 0.029296875
0 0.4189453125 0.0146484375 0.0361328125 0.0283203125
1 0.91015625 0.517578125 0.013671875 0.0439453125