1 0.4404296875 0.021484375 0.01171875 0.0390625
1 0.4248046875 0.2919921875 0.0244140625 0.0849609375
1 0.421875 0.0400390625 0.009765625 0.0380859375
0 0.576171875 0.041015625 0.0419921875 0.078125
0 0.3740234375 0.1494140625 0.06640625 0.1376953125
0 0.4765625 0.064453125 0.0537109375 0.0908203125
0 0.53515625 0.10546875 0.064453125 0.146484375
1 0.767578125 0.1796875 0.0224609375 0.0517578125
0 0.763671875 0.2646484375 0.0673828125 0.1337890625
0 0.6025390625 0.2509765625 0.076171875 0.169921875
1 0.5029296875 0.0791015625 0.01953125 0.052734375
0 0.515625 0.0205078125 0.03515625 0.041015625
1 0.6025390625 0.125 0.0302734375 0.0625
0 0.1240234375 0.134765625 0.0732421875 0.1337890625
1 0.626953125 0.0205078125 0.013671875 0.0380859375
0 0.2646484375 0.0341796875 0.0458984375 0.0654296875
1 0.1181640625 0.0439453125 0.0205078125 0.05078125
0 0.5087890625 0.392578125 0.1005859375 0.2685546875
0 0.84375 0.6708984375 0.14453125 0.3681640625
0 0.67578125 0.4892578125 0.1142578125 0.2919921875
2 0.6826171875 0.2236328125 0.08203125 0.1953125
0 0.8359375 0.3876953125 0.10546875 0.228515625
1 0.8271484375 0.251953125 0.03515625 0.0576171875
1 0.1025390625 0.0693359375 0.015625 0.0439453125
0 0.322265625 0.4638671875 0.1015625 0.2568359375
1 0.45703125 0.1015625 0.013671875 0.0478515625
2 0.654296875 0.0732421875 0.05859375 0.14453125
0 0.271484375 0.6943359375 0.1494140625 0.322265625
1 0.7216796875 0.017578125 0.013671875 0.03125
1 0.484375 0.01171875 0.01171875 0.0234375
1 0.7490234375 0.029296875 0.0146484375 0.03125
0 0.4775390625 0.162109375 0.0634765625 0.1298828125
1 0.515625 0.0546875 0.01171875 0.044921875
2 0.146484375 0.0205078125 0.0546875 0.041015625
2 0.267578125 0.9345703125 0.314453125 0.1220703125