1 0.6181640625 0.412109375 0.0302734375 0.1005859375
1 0.796875 0.2744140625 0.01953125 0.0693359375
1 0.66015625 0.0537109375 0.0224609375 0.056640625
1 0.876953125 0.4453125 0.064453125 0.1015625
0 0.63671875 0.2763671875 0.07421875 0.1630859375
0 0.6337890625 0.111328125 0.03515625 0.0712890625
0 0.39453125 0.0400390625 0.046875 0.080078125
0 0.4970703125 0.169921875 0.05859375 0.134765625
0 0.6171875 0.025390625 0.0380859375 0.0498046875
0 0.5341796875 0.3427734375 0.08984375 0.2001953125
1 0.7041015625 0.0966796875 0.0166015625 0.0322265625
0 0.419921875 0.185546875 0.0673828125 0.1513671875
0 0.3291015625 0.2978515625 0.0986328125 0.2060546875
2 0.7373046875 0.2177734375 0.08984375 0.2177734375
1 0.6943359375 0.2978515625 0.0302734375 0.056640625
2 0.572265625 0.0830078125 0.09765625 0.166015625
0 0.8046875 0.4541015625 0.1083984375 0.2412109375
2 0.45703125 0.0576171875 0.080078125 0.111328125
0 0.2275390625 0.1044921875 0.0537109375 0.07421875
1 0.640625 0.0185546875 0.0107421875 0.03515625
0 0.86328125 0.6728515625 0.107421875 0.3740234375
1 0.8798828125 0.3818359375 0.033203125 0.0693359375
1 0.1640625 0.1455078125 0.0234375 0.0673828125
1 0.740234375 0.3525390625 0.02734375 0.0703125
0 0.5166015625 0.0478515625 0.02734375 0.095703125
1 0.48046875 0.474609375 0.0302734375 0.1015625
0 0.1005859375 0.169921875 0.037109375 0.107421875
1 0.71484375 0.0166015625 0.013671875 0.033203125
0 0.6767578125 0.2158203125 0.0400390625 0.1015625
1 0.716796875 0.3388671875 0.0302734375 0.078125
1 0.3125 0.1806640625 0.01953125 0.0498046875
0 0.591796875 0.7099609375 0.1396484375 0.3681640625
0 0.68359375 0.4453125 0.09375 0.2509765625
0 0.2353515625 0.681640625 0.15234375 0.37109375
1 0.78515625 0.318359375 0.0224609375 0.0478515625
0 0.419921875 0.5302734375 0.1181640625 0.306640625
1 0.2236328125 0.01953125 0.009765625 0.0361328125
1 0.6396484375 0.1708984375 0.0166015625 0.0478515625
1 0.7431640625 0.0322265625 0.009765625 0.0263671875