1 0.3740234375 0.7607421875 0.0615234375 0.1923828125
0 0.5419921875 0.13671875 0.056640625 0.1220703125
0 0.65625 0.044921875 0.0458984375 0.0693359375
0 0.6318359375 0.1640625 0.060546875 0.12890625
0 0.607421875 0.0576171875 0.0400390625 0.0712890625
0 0.73828125 0.1630859375 0.052734375 0.109375
0 0.5390625 0.0556640625 0.048828125 0.078125
1 0.39453125 0.517578125 0.0419921875 0.119140625
0 0.6826171875 0.2275390625 0.0703125 0.15234375
0 0.486328125 0.474609375 0.1171875 0.2490234375
1 0.560546875 0.0126953125 0.01171875 0.025390625
1 0.6494140625 0.0986328125 0.01953125 0.04296875
1 0.6982421875 0.11328125 0.013671875 0.052734375
0 0.87109375 0.3857421875 0.0810546875 0.166015625
1 0.3994140625 0.0771484375 0.017578125 0.060546875
1 0.673828125 0.12109375 0.0283203125 0.0634765625
2 0.6416015625 0.45703125 0.138671875 0.306640625
0 0.6591796875 0.009765625 0.029296875 0.01953125
2 0.4794921875 0.2763671875 0.0927734375 0.248046875
2 0.771484375 0.72265625 0.220703125 0.5390625
2 0.76953125 0.396484375 0.13671875 0.2861328125
0 0.2734375 0.685546875 0.1435546875 0.328125
1 0.2734375 0.3154296875 0.0390625 0.1015625
0 0.3212890625 0.466796875 0.1044921875 0.2578125
0 0.58203125 0.2978515625 0.0849609375 0.1865234375
1 0.7333984375 0.021484375 0.025390625 0.0419921875
1 0.8232421875 0.267578125 0.03125 0.0673828125
1 0.58984375 0.0849609375 0.01171875 0.05078125
1 0.7119140625 0.08203125 0.013671875 0.04296875