0 0.353515625 0.16796875 0.0732421875 0.12890625
0 0.4755859375 0.0390625 0.0419921875 0.0625
0 0.38671875 0.0595703125 0.0517578125 0.080078125
1 0.1025390625 0.232421875 0.0244140625 0.0634765625
1 0.384765625 0.2744140625 0.0322265625 0.080078125
1 0.37890625 0.521484375 0.048828125 0.1279296875
1 0.4052734375 0.1220703125 0.0205078125 0.06640625
0 0.44140625 0.10546875 0.0576171875 0.0888671875
0 0.33203125 0.2939453125 0.08203125 0.1806640625
0 0.60546875 0.0322265625 0.03515625 0.060546875
1 0.4013671875 0.2138671875 0.0263671875 0.0986328125
1 0.5576171875 0.890625 0.068359375 0.2080078125
1 0.5107421875 0.0751953125 0.0146484375 0.05859375
1 0.7353515625 0.3037109375 0.02734375 0.072265625
0 0.4951171875 0.521484375 0.1240234375 0.3056640625
0 0.529296875 0.1533203125 0.0634765625 0.115234375
1 0.6640625 0.05078125 0.013671875 0.041015625
1 0.3876953125 0.4140625 0.03515625 0.087890625
0 0.759765625 0.81640625 0.1728515625 0.349609375
0 0.4013671875 0.751953125 0.15234375 0.47265625
1 0.2890625 0.6494140625 0.080078125 0.2373046875
1 0.44140625 0.037109375 0.0185546875 0.052734375
1 0.1044921875 0.1357421875 0.0205078125 0.052734375
2 0.4453125 0.267578125 0.0849609375 0.234375
0 0.8466796875 0.40625 0.1142578125 0.2177734375
0 0.265625 0.02734375 0.0390625 0.0546875
0 0.240234375 0.9345703125 0.216796875 0.1279296875
1 0.646484375 0.0576171875 0.0302734375 0.064453125
0 0.5654296875 0.267578125 0.0419921875 0.1650390625
2 0.65234375 0.3642578125 0.1796875 0.5478515625
0 0.3994140625 0.0146484375 0.0322265625 0.0283203125
0 0.875 0.767578125 0.0791015625 0.4443359375
1 0.576171875 0.13671875 0.01953125 0.072265625
0 0.515625 0.0283203125 0.0234375 0.056640625
2 0.6376953125 0.01171875 0.048828125 0.0234375