1 0.56640625 0.07421875 0.0224609375 0.0654296875
1 0.5283203125 0.26953125 0.03125 0.1064453125
0 0.361328125 0.150390625 0.0712890625 0.142578125
1 0.421875 0.1025390625 0.021484375 0.07421875
1 0.3740234375 0.7451171875 0.0732421875 0.2177734375
0 0.4677734375 0.1953125 0.07421875 0.154296875
0 0.5380859375 0.14453125 0.0595703125 0.126953125
0 0.53125 0.0498046875 0.0478515625 0.0771484375
0 0.701171875 0.265625 0.08203125 0.17578125
0 0.6328125 0.1748046875 0.0703125 0.130859375
0 0.31640625 0.455078125 0.1015625 0.2421875
1 0.90234375 0.341796875 0.02734375 0.087890625
1 0.3994140625 0.447265625 0.0380859375 0.0859375
1 0.8427734375 0.255859375 0.025390625 0.0625
1 0.3935546875 0.564453125 0.060546875 0.1689453125
1 0.8681640625 0.2861328125 0.041015625 0.056640625
1 0.720703125 0.1162109375 0.0205078125 0.0537109375
0 0.2431640625 0.0537109375 0.048828125 0.0751953125
1 0.7587890625 0.1533203125 0.0205078125 0.046875
0 0.267578125 0.6806640625 0.1455078125 0.318359375
2 0.8466796875 0.5859375 0.13671875 0.392578125
0 0.4931640625 0.494140625 0.1298828125 0.3125
1 0.5859375 0.076171875 0.017578125 0.0732421875
1 0.400390625 0.3603515625 0.0390625 0.115234375
0 0.751953125 0.400390625 0.09765625 0.236328125
1 0.7880859375 0.173828125 0.0283203125 0.0341796875
0 0.505859375 0.0263671875 0.021484375 0.0517578125
1 0.591796875 0.125 0.0224609375 0.0380859375
2 0.6669921875 0.5771484375 0.16796875 0.4013671875
1 0.7578125 0.2001953125 0.0244140625 0.0625
1 0.744140625 0.2470703125 0.03515625 0.0703125
0 0.5205078125 0.8583984375 0.1982421875 0.279296875
1 0.736328125 0.0302734375 0.0107421875 0.029296875
1 0.2255859375 0.9384765625 0.1044921875 0.1171875
1 0.8212890625 0.2119140625 0.017578125 0.03125
2 0.115234375 0.1640625 0.07421875 0.328125
0 0.5888671875 0.34375 0.09375 0.2138671875
1 0.7109375 0.015625 0.013671875 0.0302734375
1 0.6806640625 0.025390625 0.02734375 0.0419921875
2 0.6416015625 0.048828125 0.056640625 0.09765625