1 0.609375 0.6318359375 0.0458984375 0.13671875
1 0.5458984375 0.4970703125 0.0419921875 0.1474609375
1 0.5185546875 0.6923828125 0.048828125 0.1650390625
0 0.5322265625 0.0458984375 0.04296875 0.0693359375
1 0.8564453125 0.5029296875 0.046875 0.15234375
0 0.6171875 0.037109375 0.048828125 0.07421875
0 0.548828125 0.1240234375 0.0576171875 0.123046875
0 0.70703125 0.5390625 0.142578125 0.3212890625
0 0.6083984375 0.84375 0.203125 0.296875
0 0.4423828125 0.1787109375 0.0634765625 0.134765625
0 0.3037109375 0.6357421875 0.16015625 0.421875
0 0.5869140625 0.28125 0.0810546875 0.16796875
1 0.10546875 0.064453125 0.013671875 0.044921875