1 0.5810546875 0.0166015625 0.0107421875 0.0263671875
1 0.5830078125 0.1279296875 0.0224609375 0.072265625
0 0.498046875 0.0927734375 0.0517578125 0.1025390625
1 0.8759765625 0.478515625 0.044921875 0.1240234375
1 0.7900390625 0.236328125 0.02734375 0.068359375
1 0.1845703125 0.6826171875 0.0517578125 0.1962890625
1 0.6611328125 0.0576171875 0.013671875 0.0458984375
1 0.6484375 0.220703125 0.0283203125 0.076171875
1 0.79296875 0.3330078125 0.0205078125 0.07421875
1 0.365234375 0.4130859375 0.03515625 0.119140625
0 0.43359375 0.0556640625 0.0478515625 0.0986328125
0 0.5859375 0.25390625 0.0732421875 0.15625
0 0.3046875 0.330078125 0.0947265625 0.193359375
0 0.390625 0.1748046875 0.0673828125 0.15625
0 0.6552734375 0.421875 0.1142578125 0.26953125
0 0.447265625 0.3251953125 0.0966796875 0.228515625
1 0.3193359375 0.2109375 0.029296875 0.0537109375
1 0.51953125 0.01171875 0.0078125 0.0234375
1 0.7451171875 0.03125 0.0107421875 0.025390625
0 0.2900390625 0.6357421875 0.1484375 0.419921875
2 0.4873046875 0.587890625 0.1533203125 0.4169921875
0 0.26953125 0.927734375 0.1513671875 0.13671875
0 0.79296875 0.8271484375 0.1982421875 0.3349609375
1 0.9111328125 0.4248046875 0.0126953125 0.095703125
1 0.716796875 0.0166015625 0.01171875 0.0322265625