1 0.6240234375 0.1025390625 0.0166015625 0.0498046875
1 0.513671875 0.2646484375 0.0322265625 0.09375
1 0.390625 0.3515625 0.0322265625 0.11328125
0 0.73828125 0.2919921875 0.0859375 0.1689453125
1 0.6259765625 0.025390625 0.013671875 0.04296875
0 0.7734375 0.4453125 0.1162109375 0.25
0 0.58203125 0.251953125 0.080078125 0.1884765625
0 0.6494140625 0.388671875 0.1044921875 0.240234375
0 0.888671875 0.46484375 0.0556640625 0.23046875
1 0.828125 0.2890625 0.02734375 0.0810546875
0 0.27734375 0.5810546875 0.1416015625 0.35546875
0 0.4697265625 0.30078125 0.0791015625 0.17578125
0 0.708984375 0.708984375 0.1650390625 0.3662109375
0 0.435546875 0.0244140625 0.0390625 0.0478515625
2 0.6943359375 0.1845703125 0.09765625 0.13671875
1 0.6416015625 0.0166015625 0.0126953125 0.033203125
1 0.2880859375 0.9228515625 0.0732421875 0.150390625
1 0.7158203125 0.017578125 0.0166015625 0.0341796875
1 0.7607421875 0.0283203125 0.0166015625 0.03515625
1 0.7470703125 0.0283203125 0.013671875 0.037109375
1 0.65625 0.06640625 0.013671875 0.0537109375