1 0.5185546875 0.083984375 0.017578125 0.0537109375
1 0.716796875 0.1689453125 0.0224609375 0.0634765625
1 0.8291015625 0.3408203125 0.03515625 0.09765625
1 0.65234375 0.1298828125 0.01953125 0.060546875
1 0.4267578125 0.1962890625 0.01953125 0.0693359375
1 0.67578125 0.0849609375 0.013671875 0.0390625
1 0.4677734375 0.0185546875 0.013671875 0.037109375
1 0.61328125 0.0947265625 0.0146484375 0.0419921875
2 0.5615234375 0.10546875 0.080078125 0.19921875
1 0.30078125 0.1259765625 0.0185546875 0.0634765625
0 0.4375 0.109375 0.0556640625 0.1171875
0 0.642578125 0.5595703125 0.1201171875 0.29296875
0 0.3154296875 0.408203125 0.1103515625 0.275390625
1 0.6591796875 0.091796875 0.009765625 0.029296875
1 0.7431640625 0.029296875 0.0166015625 0.0322265625
2 0.5 0.7294921875 0.2294921875 0.5146484375