1 0.4013671875 0.115234375 0.0205078125 0.0654296875
1 0.39453125 0.4560546875 0.0439453125 0.1357421875
1 0.41796875 0.236328125 0.048828125 0.1015625
0 0.537109375 0.07421875 0.046875 0.068359375
1 0.712890625 0.12109375 0.015625 0.0380859375
0 0.6279296875 0.1640625 0.06640625 0.1298828125
2 0.3408203125 0.2861328125 0.1005859375 0.26171875
0 0.5126953125 0.03125 0.03125 0.0615234375
0 0.677734375 0.23046875 0.0634765625 0.1494140625
1 0.103515625 0.1337890625 0.021484375 0.0546875
1 0.6640625 0.01171875 0.01953125 0.0234375
0 0.634765625 0.0673828125 0.0947265625 0.091796875
0 0.48828125 0.4638671875 0.119140625 0.2451171875
1 0.8701171875 0.2724609375 0.0322265625 0.0693359375
0 0.873046875 0.380859375 0.083984375 0.154296875
1 0.7763671875 0.171875 0.0244140625 0.0498046875
1 0.736328125 0.1318359375 0.0234375 0.0361328125
0 0.8037109375 0.2412109375 0.08203125 0.119140625
2 0.7744140625 0.3779296875 0.1318359375 0.2353515625
1 0.509765625 0.123046875 0.017578125 0.056640625
1 0.8203125 0.2001953125 0.0224609375 0.0498046875
0 0.4853515625 0.71875 0.1474609375 0.3798828125
2 0.46875 0.0810546875 0.0673828125 0.1533203125
2 0.634765625 0.4619140625 0.138671875 0.30859375
0 0.1708984375 0.1337890625 0.076171875 0.12109375
0 0.5830078125 0.2978515625 0.0869140625 0.185546875
0 0.7265625 0.1904296875 0.06640625 0.107421875
0 0.2724609375 0.6806640625 0.14453125 0.3173828125
1 0.638671875 0.013671875 0.0107421875 0.0263671875
0 0.5712890625 0.0263671875 0.0283203125 0.052734375
1 0.8427734375 0.2763671875 0.01953125 0.044921875
2 0.48046875 0.2783203125 0.0927734375 0.1904296875
2 0.771484375 0.7236328125 0.220703125 0.5341796875
1 0.4326171875 0.01171875 0.009765625 0.0234375
1 0.1611328125 0.9375 0.0703125 0.125
1 0.58984375 0.0810546875 0.013671875 0.0537109375
1 0.88671875 0.9140625 0.05859375 0.1640625