1 0.4912109375 0.0966796875 0.017578125 0.05859375
1 0.4853515625 0.0546875 0.0166015625 0.048828125
0 0.541015625 0.13671875 0.05859375 0.123046875
1 0.5732421875 0.021484375 0.013671875 0.0419921875
1 0.76953125 0.2373046875 0.0322265625 0.0556640625
1 0.365234375 0.1513671875 0.0263671875 0.0830078125
1 0.4140625 0.1611328125 0.0244140625 0.083984375
1 0.6845703125 0.1328125 0.0244140625 0.056640625
0 0.623046875 0.025390625 0.0400390625 0.0498046875
1 0.7412109375 0.2080078125 0.0205078125 0.0634765625
0 0.4677734375 0.1494140625 0.0634765625 0.1337890625
0 0.6728515625 0.068359375 0.0458984375 0.0771484375
0 0.6318359375 0.166015625 0.05859375 0.130859375
1 0.71484375 0.1064453125 0.01953125 0.0546875
2 0.7744140625 0.3994140625 0.1337890625 0.2802734375
1 0.6630859375 0.271484375 0.0361328125 0.0869140625
0 0.8701171875 0.3876953125 0.0849609375 0.169921875
1 0.7158203125 0.1806640625 0.0205078125 0.0546875
2 0.63671875 0.447265625 0.1396484375 0.318359375
0 0.4775390625 0.28125 0.091796875 0.201171875
0 0.484375 0.4638671875 0.12109375 0.2373046875
2 0.7705078125 0.720703125 0.21875 0.5341796875
0 0.2705078125 0.681640625 0.140625 0.318359375
0 0.5380859375 0.0537109375 0.0458984375 0.0654296875
0 0.6103515625 0.0771484375 0.0517578125 0.08984375
0 0.8056640625 0.201171875 0.0771484375 0.107421875
0 0.484375 0.716796875 0.1484375 0.380859375
1 0.162109375 0.009765625 0.015625 0.01953125
1 0.5859375 0.072265625 0.01171875 0.0546875
1 0.73046875 0.171875 0.0146484375 0.037109375
1 0.55859375 0.072265625 0.009765625 0.029296875
0 0.3173828125 0.4658203125 0.1015625 0.2587890625
1 0.59375 0.0341796875 0.0146484375 0.03515625
1 0.5908203125 0.1123046875 0.013671875 0.0458984375