1 0.7490234375 0.2294921875 0.0244140625 0.05859375
0 0.67578125 0.080078125 0.0556640625 0.0947265625
0 0.630859375 0.1650390625 0.056640625 0.1279296875
1 0.634765625 0.0302734375 0.017578125 0.0439453125
1 0.63671875 0.0869140625 0.0185546875 0.0458984375
1 0.80859375 0.2724609375 0.0322265625 0.0576171875
0 0.7578125 0.1689453125 0.0634765625 0.1015625
0 0.5390625 0.13671875 0.0576171875 0.123046875
2 0.36328125 0.208984375 0.0859375 0.2431640625
1 0.4365234375 0.119140625 0.0205078125 0.0771484375
1 0.8447265625 0.259765625 0.03125 0.0791015625
0 0.8681640625 0.380859375 0.080078125 0.1552734375
1 0.7861328125 0.2392578125 0.0224609375 0.0478515625
2 0.7734375 0.3935546875 0.1259765625 0.2685546875
1 0.7255859375 0.1123046875 0.01953125 0.05859375
0 0.6748046875 0.23046875 0.0654296875 0.1572265625
0 0.5361328125 0.05078125 0.0478515625 0.0712890625
0 0.482421875 0.4619140625 0.1181640625 0.236328125
1 0.37890625 0.880859375 0.06640625 0.2099609375
2 0.474609375 0.2666015625 0.0927734375 0.240234375
2 0.6357421875 0.458984375 0.1357421875 0.314453125
0 0.26953125 0.6806640625 0.142578125 0.3203125
1 0.697265625 0.0205078125 0.0244140625 0.037109375
0 0.4833984375 0.71484375 0.1455078125 0.3828125
0 0.10546875 0.126953125 0.048828125 0.109375
2 0.76953125 0.7197265625 0.2177734375 0.5361328125
0 0.599609375 0.0546875 0.0458984375 0.1025390625
1 0.5888671875 0.0927734375 0.01171875 0.0546875
1 0.6787109375 0.025390625 0.0107421875 0.0244140625
1 0.8095703125 0.20703125 0.017578125 0.0703125
0 0.5791015625 0.291015625 0.0869140625 0.2060546875
0 0.3154296875 0.46875 0.1025390625 0.2587890625
1 0.67578125 0.1328125 0.0185546875 0.05078125
1 0.787109375 0.1953125 0.0146484375 0.041015625
1 0.771484375 0.103515625 0.01171875 0.0439453125
1 0.7587890625 0.03125 0.0126953125 0.037109375
1 0.732421875 0.0205078125 0.02734375 0.0400390625