0 0.41015625 0.1689453125 0.06640625 0.123046875
0 0.48828125 0.1787109375 0.064453125 0.138671875
1 0.90625 0.5078125 0.0224609375 0.103515625
0 0.3212890625 0.298828125 0.1005859375 0.1943359375
0 0.6328125 0.3232421875 0.095703125 0.205078125
1 0.326171875 0.1767578125 0.0244140625 0.04296875
0 0.3681640625 0.0947265625 0.0576171875 0.12890625
1 0.90625 0.3291015625 0.021484375 0.048828125
1 0.830078125 0.904296875 0.068359375 0.1787109375
0 0.41796875 0.31640625 0.0859375 0.1962890625
1 0.7861328125 0.66796875 0.044921875 0.1533203125
0 0.509765625 0.05078125 0.0400390625 0.0986328125
1 0.8037109375 0.4990234375 0.0361328125 0.12890625
0 0.5849609375 0.6318359375 0.1396484375 0.3271484375
1 0.8330078125 0.2880859375 0.0263671875 0.0673828125
0 0.12890625 0.1123046875 0.0654296875 0.0810546875
2 0.5791015625 0.1259765625 0.1201171875 0.251953125
0 0.8583984375 0.6474609375 0.1103515625 0.3740234375
1 0.7900390625 0.25390625 0.0205078125 0.060546875
0 0.74609375 0.29296875 0.0791015625 0.173828125
1 0.9033203125 0.419921875 0.0263671875 0.0869140625
1 0.115234375 0.0419921875 0.0146484375 0.0400390625
1 0.09375 0.236328125 0.0234375 0.0869140625
1 0.5888671875 0.2744140625 0.01953125 0.078125
0 0.66796875 0.1923828125 0.048828125 0.166015625
1 0.802734375 0.3955078125 0.0322265625 0.0859375
1 0.2841796875 0.24609375 0.0263671875 0.0576171875
0 0.4072265625 0.6015625 0.125 0.3291015625
2 0.4462890625 0.080078125 0.0771484375 0.1474609375
1 0.478515625 0.5400390625 0.041015625 0.1279296875
1 0.87109375 0.466796875 0.046875 0.0712890625
1 0.296875 0.19921875 0.02734375 0.05859375
0 0.19921875 0.1064453125 0.060546875 0.0859375
1 0.869140625 0.3017578125 0.0224609375 0.0546875
1 0.8623046875 0.369140625 0.033203125 0.0654296875
0 0.2275390625 0.6796875 0.1513671875 0.373046875
0 0.4072265625 0.0732421875 0.0302734375 0.0712890625
0 0.21875 0.021484375 0.03125 0.04296875
1 0.7060546875 0.017578125 0.0146484375 0.0341796875
1 0.3642578125 0.1962890625 0.017578125 0.052734375
1 0.7890625 0.322265625 0.0224609375 0.08984375
1 0.3671875 0.251953125 0.01953125 0.0751953125
1 0.5419921875 0.2236328125 0.01953125 0.0810546875
1 0.3369140625 0.0361328125 0.0107421875 0.0478515625
2 0.1416015625 0.017578125 0.0537109375 0.03515625