1 0.578125 0.041015625 0.0146484375 0.05078125
1 0.345703125 0.2353515625 0.0244140625 0.09375
0 0.6328125 0.0595703125 0.0498046875 0.10546875
0 0.4296875 0.41015625 0.1015625 0.2783203125
0 0.455078125 0.0341796875 0.037109375 0.068359375
1 0.75 0.2978515625 0.03515625 0.1044921875
1 0.587890625 0.0126953125 0.01171875 0.025390625
1 0.146484375 0.03125 0.0166015625 0.0400390625
1 0.572265625 0.0146484375 0.0107421875 0.0263671875
1 0.6865234375 0.0146484375 0.013671875 0.0283203125
1 0.7451171875 0.0322265625 0.0107421875 0.0263671875
1 0.7216796875 0.017578125 0.013671875 0.03125