1 0.5791015625 0.068359375 0.0166015625 0.048828125
1 0.6767578125 0.0517578125 0.025390625 0.04296875
2 0.7021484375 0.1845703125 0.109375 0.2529296875
1 0.423828125 0.1611328125 0.0234375 0.0947265625
1 0.4970703125 0.0546875 0.0146484375 0.041015625
1 0.6416015625 0.2763671875 0.029296875 0.099609375
0 0.4580078125 0.072265625 0.056640625 0.1005859375
0 0.5390625 0.123046875 0.0546875 0.107421875
0 0.6162109375 0.064453125 0.044921875 0.080078125
0 0.4599609375 0.1943359375 0.0703125 0.16796875
0 0.8564453125 0.3779296875 0.1181640625 0.2080078125
1 0.6484375 0.033203125 0.013671875 0.041015625
1 0.66015625 0.0380859375 0.01171875 0.037109375
0 0.6279296875 0.1572265625 0.0478515625 0.146484375
0 0.755859375 0.3671875 0.107421875 0.2265625
0 0.5888671875 0.0244140625 0.04296875 0.048828125
0 0.4619140625 0.0166015625 0.0400390625 0.0322265625
1 0.7509765625 0.1328125 0.0224609375 0.0458984375
0 0.6025390625 0.3603515625 0.1083984375 0.248046875
1 0.7333984375 0.607421875 0.0576171875 0.1484375
0 0.35546875 0.1826171875 0.0771484375 0.146484375
0 0.39453125 0.0439453125 0.0517578125 0.083984375
0 0.591796875 0.7666015625 0.15234375 0.4013671875
1 0.68359375 0.291015625 0.0322265625 0.0751953125
1 0.517578125 0.1552734375 0.009765625 0.0673828125
1 0.134765625 0.0283203125 0.0146484375 0.046875
1 0.6279296875 0.013671875 0.013671875 0.02734375
0 0.310546875 0.36328125 0.0986328125 0.2294921875
0 0.2470703125 0.6708984375 0.16015625 0.3984375
0 0.46484375 0.3837890625 0.1083984375 0.255859375
0 0.80859375 0.81640625 0.2119140625 0.3525390625
2 0.7822265625 0.2109375 0.08203125 0.1162109375
1 0.49609375 0.0126953125 0.01171875 0.025390625
1 0.482421875 0.01171875 0.01171875 0.0234375