1 0.728515625 0.12109375 0.0205078125 0.044921875
1 0.4912109375 0.0703125 0.015625 0.0546875
1 0.4111328125 0.642578125 0.0400390625 0.1474609375
0 0.53515625 0.0888671875 0.048828125 0.1025390625
1 0.41796875 0.2607421875 0.0302734375 0.083984375
0 0.6962890625 0.1484375 0.0546875 0.1103515625
0 0.7529296875 0.2158203125 0.0771484375 0.1279296875
0 0.44921875 0.1171875 0.056640625 0.1328125
0 0.5859375 0.0390625 0.0283203125 0.0751953125
0 0.6015625 0.119140625 0.0537109375 0.095703125
0 0.5078125 0.0361328125 0.0390625 0.072265625
0 0.630859375 0.3916015625 0.109375 0.2470703125
0 0.59765625 0.2275390625 0.080078125 0.1875
1 0.8154296875 0.27734375 0.0361328125 0.123046875
0 0.390625 0.0869140625 0.0517578125 0.0966796875
0 0.7744140625 0.4189453125 0.1064453125 0.2509765625
0 0.3232421875 0.3359375 0.107421875 0.17578125
0 0.4921875 0.357421875 0.091796875 0.2490234375
0 0.3623046875 0.154296875 0.0634765625 0.0859375
1 0.55078125 0.3310546875 0.03515625 0.076171875
0 0.578125 0.833984375 0.1630859375 0.3212890625
0 0.5712890625 0.0146484375 0.0166015625 0.029296875
1 0.8203125 0.3359375 0.0166015625 0.0517578125
1 0.541015625 0.2509765625 0.0380859375 0.0810546875
2 0.1728515625 0.138671875 0.1357421875 0.2529296875
0 0.298828125 0.5693359375 0.142578125 0.3740234375
1 0.22265625 0.5166015625 0.0361328125 0.130859375
0 0.759765625 0.7978515625 0.205078125 0.3876953125
1 0.6533203125 0.0107421875 0.01171875 0.021484375
1 0.1337890625 0.951171875 0.0634765625 0.0908203125
1 0.1591796875 0.7109375 0.07421875 0.212890625
1 0.759765625 0.033203125 0.01171875 0.029296875
0 0.2646484375 0.0302734375 0.033203125 0.060546875
1 0.251953125 0.3828125 0.03125 0.1064453125
1 0.54296875 0.1787109375 0.017578125 0.05078125
1 0.70703125 0.078125 0.01953125 0.044921875
0 0.392578125 0.02734375 0.04296875 0.05078125
0 0.484375 0.2099609375 0.064453125 0.0986328125
1 0.7158203125 0.0234375 0.0126953125 0.046875
1 0.0927734375 0.056640625 0.0146484375 0.044921875
1 0.509765625 0.1123046875 0.0107421875 0.0263671875
1 0.6708984375 0.111328125 0.0185546875 0.0634765625
1 0.681640625 0.0166015625 0.0107421875 0.0322265625