1 0.7177734375 0.1513671875 0.01171875 0.0537109375
1 0.546875 0.03125 0.0146484375 0.044921875
1 0.90234375 0.3916015625 0.0283203125 0.0830078125
0 0.1962890625 0.11328125 0.0654296875 0.0986328125
0 0.3681640625 0.154296875 0.068359375 0.1376953125
2 0.666015625 0.19140625 0.083984375 0.220703125
0 0.47265625 0.1162109375 0.0634765625 0.1162109375
0 0.5732421875 0.0859375 0.048828125 0.1005859375
0 0.6259765625 0.0546875 0.0439453125 0.0927734375
0 0.25 0.044921875 0.044921875 0.0810546875
0 0.5185546875 0.0322265625 0.0400390625 0.0634765625
1 0.5009765625 0.09375 0.0185546875 0.0595703125
1 0.4130859375 0.5205078125 0.0537109375 0.158203125
0 0.1142578125 0.142578125 0.064453125 0.1123046875
1 0.431640625 0.025390625 0.015625 0.048828125
0 0.8349609375 0.39453125 0.0830078125 0.216796875
1 0.5576171875 0.3173828125 0.037109375 0.103515625
0 0.3154296875 0.48828125 0.1083984375 0.271484375
1 0.4169921875 0.03515625 0.01171875 0.0478515625
0 0.681640625 0.564453125 0.13671875 0.326171875
0 0.25 0.7919921875 0.1640625 0.3603515625
1 0.7998046875 0.2197265625 0.017578125 0.076171875
2 0.7587890625 0.2119140625 0.083984375 0.203125
1 0.4443359375 0.0888671875 0.0146484375 0.046875
1 0.68359375 0.3896484375 0.041015625 0.048828125
0 0.4619140625 0.0341796875 0.0498046875 0.0654296875
1 0.4873046875 0.01953125 0.013671875 0.0390625
0 0.892578125 0.580078125 0.048828125 0.2626953125
0 0.5830078125 0.0234375 0.03125 0.0458984375
0 0.830078125 0.91796875 0.16796875 0.1630859375
0 0.5 0.3623046875 0.0986328125 0.2119140625
1 0.84765625 0.28125 0.029296875 0.0634765625