1 0.6806640625 0.1083984375 0.0146484375 0.04296875
1 0.8388671875 0.2880859375 0.0263671875 0.0830078125
1 0.7255859375 0.1513671875 0.0224609375 0.0537109375
1 0.7509765625 0.1982421875 0.0166015625 0.0595703125
1 0.767578125 0.1796875 0.01953125 0.0703125
0 0.861328125 0.673828125 0.1064453125 0.3701171875
1 0.130859375 0.0302734375 0.0263671875 0.060546875
0 0.400390625 0.0341796875 0.0419921875 0.0654296875
1 0.5986328125 0.015625 0.0107421875 0.02734375
1 0.1083984375 0.041015625 0.01953125 0.072265625
1 0.091796875 0.033203125 0.01953125 0.0625
1 0.744140625 0.0322265625 0.0107421875 0.02734375
1 0.71484375 0.0166015625 0.01171875 0.0322265625
2 0.7373046875 0.6025390625 0.146484375 0.435546875
1 0.73828125 0.130859375 0.0166015625 0.0322265625
1 0.8779296875 0.8369140625 0.0361328125 0.12890625
1 0.724609375 0.1083984375 0.0166015625 0.0458984375