1 0.4140625 0.044921875 0.0234375 0.0595703125
0 0.384765625 0.0537109375 0.048828125 0.0634765625
2 0.7802734375 0.572265625 0.2431640625 0.599609375
0 0.5458984375 0.1845703125 0.0615234375 0.140625
1 0.5888671875 0.142578125 0.0244140625 0.0654296875
0 0.3515625 0.1513671875 0.0673828125 0.1015625
0 0.421875 0.294921875 0.08203125 0.1513671875
0 0.3388671875 0.2607421875 0.078125 0.1611328125
0 0.62890625 0.1455078125 0.0546875 0.1171875
1 0.3876953125 0.150390625 0.0244140625 0.0625
1 0.740234375 0.2353515625 0.033203125 0.0654296875
0 0.5927734375 0.271484375 0.07421875 0.17578125
0 0.4736328125 0.0390625 0.0419921875 0.078125
1 0.515625 0.09375 0.0205078125 0.07421875
1 0.453125 0.015625 0.013671875 0.0302734375
1 0.68359375 0.1162109375 0.0166015625 0.0517578125
1 0.12890625 0.0224609375 0.017578125 0.044921875
1 0.634765625 0.26171875 0.01953125 0.05859375
1 0.3583984375 0.041015625 0.0205078125 0.0498046875
0 0.4404296875 0.1181640625 0.064453125 0.111328125
1 0.40625 0.1953125 0.025390625 0.060546875
0 0.2890625 0.4208984375 0.1181640625 0.2783203125
1 0.9052734375 0.3974609375 0.0234375 0.060546875
1 0.150390625 0.0966796875 0.01953125 0.06640625
0 0.697265625 0.228515625 0.076171875 0.099609375
0 0.642578125 0.4169921875 0.0576171875 0.2509765625
1 0.3603515625 0.3681640625 0.02734375 0.0947265625
1 0.48046875 0.330078125 0.0458984375 0.1220703125
0 0.4189453125 0.55078125 0.1279296875 0.3505859375
1 0.771484375 0.2626953125 0.0205078125 0.0361328125
1 0.259765625 0.0185546875 0.013671875 0.033203125
1 0.42578125 0.2138671875 0.029296875 0.0341796875
0 0.5986328125 0.671875 0.142578125 0.421875
2 0.2353515625 0.017578125 0.0361328125 0.0341796875
1 0.7802734375 0.2197265625 0.02734375 0.0732421875
0 0.83203125 0.3115234375 0.0966796875 0.1943359375
1 0.5107421875 0.0263671875 0.0166015625 0.0390625
1 0.3076171875 0.015625 0.0224609375 0.0302734375
1 0.5947265625 0.0986328125 0.0224609375 0.046875
1 0.0888671875 0.0849609375 0.0146484375 0.068359375
1 0.6640625 0.267578125 0.0205078125 0.0537109375
1 0.40234375 0.10546875 0.021484375 0.05078125
1 0.7822265625 0.171875 0.0166015625 0.044921875
2 0.64453125 0.044921875 0.044921875 0.0888671875
1 0.8837890625 0.3740234375 0.02734375 0.0859375
1 0.2919921875 0.013671875 0.0166015625 0.02734375
2 0.89453125 0.6904296875 0.044921875 0.33203125