1 0.3779296875 0.0751953125 0.017578125 0.0576171875
1 0.7216796875 0.349609375 0.0302734375 0.068359375
2 0.69921875 0.1787109375 0.078125 0.1875
1 0.6201171875 0.3994140625 0.029296875 0.1064453125
1 0.2421875 0.0322265625 0.0166015625 0.04296875
1 0.8544921875 0.435546875 0.029296875 0.0849609375
1 0.1328125 0.0322265625 0.017578125 0.0380859375
1 0.751953125 0.296875 0.0234375 0.07421875
0 0.75390625 0.1533203125 0.0478515625 0.1103515625
0 0.638671875 0.2724609375 0.076171875 0.1572265625
1 0.1787109375 0.083984375 0.0205078125 0.0498046875
1 0.638671875 0.0673828125 0.017578125 0.0615234375
0 0.521484375 0.2451171875 0.0693359375 0.1455078125
1 0.8876953125 0.4658203125 0.0322265625 0.056640625
1 0.7841796875 0.3251953125 0.021484375 0.0380859375
0 0.470703125 0.123046875 0.0556640625 0.1162109375
0 0.4208984375 0.185546875 0.0693359375 0.1474609375
0 0.3310546875 0.2998046875 0.099609375 0.20703125
0 0.7998046875 0.44921875 0.111328125 0.2294921875
0 0.509765625 0.01953125 0.0234375 0.0390625
1 0.625 0.109375 0.0146484375 0.0478515625
1 0.2763671875 0.013671875 0.0126953125 0.02734375
0 0.57421875 0.45703125 0.1044921875 0.2353515625
0 0.6845703125 0.443359375 0.091796875 0.2529296875
2 0.572265625 0.083984375 0.1015625 0.16796875
1 0.291015625 0.2607421875 0.0283203125 0.080078125
0 0.8623046875 0.6748046875 0.109375 0.37890625
1 0.48046875 0.470703125 0.029296875 0.1064453125
1 0.744140625 0.03125 0.0107421875 0.029296875
0 0.5927734375 0.7099609375 0.1416015625 0.3662109375
1 0.181640625 0.04296875 0.0166015625 0.0439453125
1 0.759765625 0.0283203125 0.0146484375 0.0400390625
1 0.62890625 0.0361328125 0.013671875 0.044921875
0 0.23828125 0.6796875 0.1533203125 0.373046875
1 0.1953125 0.017578125 0.0087890625 0.029296875
2 0.7421875 0.6748046875 0.1513671875 0.369140625
0 0.421875 0.5263671875 0.119140625 0.30859375
1 0.728515625 0.01953125 0.0224609375 0.0390625
1 0.3974609375 0.3466796875 0.0341796875 0.0908203125