0 0.466796875 0.1025390625 0.052734375 0.0810546875
0 0.37890625 0.1181640625 0.048828125 0.1298828125
1 0.61328125 0.4013671875 0.0322265625 0.111328125
1 0.8740234375 0.4287109375 0.0673828125 0.115234375
0 0.630859375 0.2744140625 0.0751953125 0.1640625
0 0.4208984375 0.2841796875 0.0849609375 0.17578125
1 0.810546875 0.3193359375 0.0419921875 0.0830078125
0 0.5283203125 0.3447265625 0.0869140625 0.1982421875
1 0.626953125 0.0224609375 0.0107421875 0.0322265625
1 0.6923828125 0.2998046875 0.0361328125 0.0576171875
0 0.62890625 0.111328125 0.0390625 0.07421875
0 0.3271484375 0.2919921875 0.0966796875 0.1953125
1 0.7822265625 0.3076171875 0.025390625 0.0703125
0 0.7998046875 0.44921875 0.1103515625 0.240234375
1 0.7138671875 0.3486328125 0.03125 0.0703125
1 0.8564453125 0.3037109375 0.0322265625 0.072265625
1 0.494140625 0.0771484375 0.017578125 0.05078125
2 0.6611328125 0.0693359375 0.0576171875 0.091796875
2 0.568359375 0.0849609375 0.095703125 0.1689453125
0 0.6787109375 0.443359375 0.0927734375 0.2490234375
1 0.369140625 0.24609375 0.021484375 0.0947265625
0 0.859375 0.669921875 0.1142578125 0.38671875
2 0.66796875 0.1787109375 0.05078125 0.1376953125
1 0.609375 0.0166015625 0.009765625 0.0322265625
2 0.7470703125 0.2802734375 0.078125 0.16015625
2 0.1328125 0.08203125 0.1025390625 0.1640625
1 0.1533203125 0.1767578125 0.0205078125 0.0625
1 0.287109375 0.2548828125 0.0234375 0.052734375
0 0.5869140625 0.7080078125 0.1416015625 0.3720703125
1 0.7392578125 0.0302734375 0.0126953125 0.029296875
0 0.21875 0.0791015625 0.05859375 0.15234375
1 0.4775390625 0.4736328125 0.03125 0.0927734375
1 0.3828125 0.4111328125 0.033203125 0.1083984375
1 0.6884765625 0.107421875 0.0107421875 0.044921875
0 0.416015625 0.5341796875 0.1201171875 0.302734375
0 0.232421875 0.681640625 0.1533203125 0.375
1 0.708984375 0.015625 0.013671875 0.03125
0 0.7412109375 0.689453125 0.1455078125 0.33203125
0 0.5810546875 0.205078125 0.0703125 0.1376953125
2 0.4091796875 0.03515625 0.0302734375 0.068359375