1 0.6279296875 0.033203125 0.013671875 0.037109375
0 0.376953125 0.11328125 0.05859375 0.1259765625
1 0.8095703125 0.330078125 0.0380859375 0.0625
1 0.84375 0.421875 0.029296875 0.08203125
1 0.14453125 0.0283203125 0.021484375 0.0439453125
1 0.8515625 0.26953125 0.03125 0.0615234375
0 0.48828125 0.1708984375 0.0634765625 0.138671875
1 0.87890625 0.44140625 0.0537109375 0.09765625
1 0.12890625 0.0283203125 0.0146484375 0.037109375
1 0.494140625 0.0751953125 0.0244140625 0.0576171875
1 0.6123046875 0.3955078125 0.0341796875 0.1201171875
0 0.419921875 0.2880859375 0.0849609375 0.1826171875
1 0.173828125 0.1953125 0.017578125 0.0703125
0 0.3271484375 0.294921875 0.09765625 0.1962890625
1 0.1318359375 0.1943359375 0.0244140625 0.0791015625
0 0.5283203125 0.34375 0.0908203125 0.19921875
0 0.6279296875 0.2724609375 0.0771484375 0.169921875
1 0.1728515625 0.0322265625 0.0244140625 0.052734375
1 0.283203125 0.2646484375 0.0302734375 0.068359375
1 0.7138671875 0.34375 0.0302734375 0.0703125
0 0.681640625 0.455078125 0.107421875 0.2646484375
1 0.6875 0.306640625 0.0244140625 0.0419921875
1 0.36328125 0.1787109375 0.0244140625 0.0556640625
2 0.5654296875 0.083984375 0.095703125 0.16796875
0 0.7919921875 0.4287109375 0.111328125 0.2021484375
0 0.8623046875 0.6708984375 0.107421875 0.37890625
1 0.216796875 0.0859375 0.0166015625 0.04296875
0 0.6259765625 0.11328125 0.0390625 0.0791015625
1 0.7998046875 0.265625 0.04296875 0.080078125
1 0.7119140625 0.09765625 0.0263671875 0.0341796875
1 0.3056640625 0.18359375 0.0205078125 0.0458984375
0 0.5849609375 0.7451171875 0.146484375 0.388671875
0 0.5947265625 0.0146484375 0.03515625 0.0283203125
0 0.4150390625 0.53125 0.1201171875 0.3056640625
1 0.7080078125 0.0166015625 0.0146484375 0.0322265625
0 0.23046875 0.6748046875 0.15234375 0.3740234375
1 0.474609375 0.470703125 0.0322265625 0.0986328125
0 0.2724609375 0.0234375 0.025390625 0.046875
2 0.451171875 0.0400390625 0.076171875 0.0751953125
1 0.826171875 0.24609375 0.0224609375 0.05078125
2 0.091796875 0.1201171875 0.0224609375 0.2001953125
2 0.4072265625 0.0732421875 0.02734375 0.06640625