1 0.4912109375 0.0732421875 0.0146484375 0.0537109375
0 0.458984375 0.1142578125 0.052734375 0.125
1 0.166015625 0.6640625 0.0478515625 0.1552734375
1 0.7099609375 0.1552734375 0.0244140625 0.0712890625
1 0.6640625 0.1162109375 0.03125 0.0751953125
0 0.5380859375 0.138671875 0.0576171875 0.123046875
1 0.435546875 0.0556640625 0.015625 0.0478515625
1 0.734375 0.1953125 0.029296875 0.0771484375
0 0.62890625 0.1650390625 0.0576171875 0.1259765625
1 0.8701171875 0.2822265625 0.0400390625 0.0595703125
0 0.642578125 0.0537109375 0.0458984375 0.08984375
1 0.5869140625 0.0859375 0.0166015625 0.064453125
1 0.5703125 0.025390625 0.0146484375 0.041015625
0 0.8671875 0.3837890625 0.08203125 0.1611328125
0 0.48046875 0.466796875 0.119140625 0.2392578125
2 0.7724609375 0.388671875 0.126953125 0.2587890625
0 0.8046875 0.24609375 0.0791015625 0.1064453125
1 0.3056640625 0.287109375 0.029296875 0.08984375
0 0.6767578125 0.220703125 0.0703125 0.1494140625
0 0.2666015625 0.6826171875 0.14453125 0.318359375
2 0.6328125 0.458984375 0.1376953125 0.314453125
1 0.4169921875 0.080078125 0.0205078125 0.0625
2 0.4736328125 0.279296875 0.0947265625 0.2265625
0 0.537109375 0.048828125 0.0419921875 0.056640625
2 0.7685546875 0.7197265625 0.216796875 0.5361328125
0 0.4814453125 0.7138671875 0.146484375 0.3837890625
1 0.1220703125 0.0458984375 0.013671875 0.056640625
0 0.5771484375 0.2958984375 0.0869140625 0.189453125
0 0.318359375 0.470703125 0.095703125 0.259765625
1 0.1708984375 0.5166015625 0.0322265625 0.0625
1 0.6708984375 0.0556640625 0.0185546875 0.0361328125
1 0.5126953125 0.0908203125 0.009765625 0.0390625
1 0.716796875 0.0966796875 0.0166015625 0.052734375
1 0.43359375 0.015625 0.017578125 0.03125
1 0.1015625 0.037109375 0.0126953125 0.060546875
1 0.80078125 0.1845703125 0.013671875 0.025390625
1 0.58984375 0.0361328125 0.0107421875 0.0341796875
2 0.1923828125 0.0478515625 0.12109375 0.0927734375