1 0.48828125 0.4326171875 0.033203125 0.099609375
1 0.634765625 0.0302734375 0.0146484375 0.041015625
1 0.38671875 0.2724609375 0.029296875 0.09765625
1 0.421875 0.0361328125 0.015625 0.0478515625
1 0.7158203125 0.1513671875 0.01953125 0.0703125
1 0.41015625 0.05078125 0.017578125 0.0576171875
1 0.5263671875 0.3173828125 0.0224609375 0.0869140625
1 0.357421875 0.39453125 0.03125 0.109375
0 0.5478515625 0.1796875 0.05859375 0.123046875
0 0.3369140625 0.26953125 0.0791015625 0.1708984375
1 0.6513671875 0.2587890625 0.02734375 0.0810546875
1 0.482421875 0.1181640625 0.0234375 0.0625
0 0.595703125 0.279296875 0.0849609375 0.19140625
1 0.5068359375 0.2060546875 0.0205078125 0.076171875
1 0.7587890625 0.2744140625 0.0537109375 0.0927734375
0 0.46484375 0.0625 0.04296875 0.0673828125
0 0.353515625 0.1533203125 0.0693359375 0.107421875
1 0.51171875 0.09765625 0.0224609375 0.064453125
0 0.283203125 0.4365234375 0.1171875 0.2919921875
1 0.3974609375 0.1240234375 0.03515625 0.087890625
0 0.6259765625 0.14453125 0.0634765625 0.111328125
0 0.6845703125 0.4638671875 0.11328125 0.283203125
0 0.259765625 0.0390625 0.0478515625 0.07421875
0 0.44140625 0.1455078125 0.06640625 0.1201171875
1 0.4736328125 0.3291015625 0.0263671875 0.0908203125
0 0.572265625 0.5498046875 0.1259765625 0.3125
2 0.8154296875 0.7041015625 0.1943359375 0.568359375
0 0.703125 0.2724609375 0.0859375 0.1806640625
0 0.4140625 0.6318359375 0.142578125 0.3935546875
1 0.40234375 0.19921875 0.0400390625 0.0712890625
1 0.671875 0.03515625 0.0087890625 0.0283203125
0 0.7978515625 0.369140625 0.1162109375 0.138671875
1 0.5859375 0.0703125 0.0146484375 0.0595703125
2 0.5498046875 0.0595703125 0.064453125 0.119140625
1 0.5048828125 0.150390625 0.02734375 0.0625
1 0.61328125 0.09375 0.01171875 0.0498046875
1 0.61328125 0.05078125 0.0087890625 0.0263671875
1 0.4501953125 0.0166015625 0.0166015625 0.033203125
0 0.3974609375 0.0166015625 0.033203125 0.0322265625
1 0.5751953125 0.11328125 0.0107421875 0.04296875
0 0.201171875 0.125 0.0625 0.09765625
1 0.8017578125 0.2998046875 0.0224609375 0.056640625
1 0.1328125 0.0224609375 0.013671875 0.0302734375
1 0.7265625 0.2001953125 0.0185546875 0.0439453125
1 0.892578125 0.41796875 0.029296875 0.115234375
1 0.361328125 0.048828125 0.015625 0.03125
0 0.1064453125 0.2783203125 0.0537109375 0.1650390625
1 0.7373046875 0.3642578125 0.02734375 0.09765625
0 0.140625 0.1044921875 0.0615234375 0.0830078125
1 0.4970703125 0.056640625 0.013671875 0.041015625
1 0.740234375 0.2275390625 0.01953125 0.0458984375
1 0.6357421875 0.2138671875 0.0224609375 0.0654296875
1 0.09765625 0.0517578125 0.0166015625 0.072265625
1 0.513671875 0.0361328125 0.017578125 0.052734375
1 0.5302734375 0.248046875 0.025390625 0.0556640625
1 0.67578125 0.1103515625 0.015625 0.0400390625
2 0.76953125 0.1904296875 0.0673828125 0.1201171875
1 0.2314453125 0.0263671875 0.021484375 0.048828125
1 0.4306640625 0.2080078125 0.02734375 0.04296875
1 0.7138671875 0.015625 0.0126953125 0.03125