1 0.697265625 0.1201171875 0.0205078125 0.056640625
1 0.62109375 0.029296875 0.0146484375 0.044921875
1 0.6513671875 0.1171875 0.017578125 0.05859375
2 0.771484375 0.5732421875 0.232421875 0.60546875
1 0.8134765625 0.2763671875 0.02734375 0.0927734375
1 0.740234375 0.240234375 0.0234375 0.06640625
1 0.4013671875 0.041015625 0.0146484375 0.052734375
1 0.515625 0.2080078125 0.0263671875 0.07421875
1 0.47265625 0.068359375 0.0146484375 0.0498046875
0 0.591796875 0.2705078125 0.0849609375 0.1875
1 0.537109375 0.232421875 0.0234375 0.0654296875
0 0.6953125 0.240234375 0.0849609375 0.1328125
0 0.470703125 0.2421875 0.076171875 0.1630859375
1 0.79296875 0.1640625 0.0244140625 0.0634765625
0 0.3369140625 0.2705078125 0.078125 0.1708984375
1 0.6064453125 0.033203125 0.0146484375 0.0458984375
0 0.642578125 0.41796875 0.0615234375 0.255859375
0 0.2880859375 0.41796875 0.1142578125 0.2763671875
1 0.4775390625 0.35546875 0.0390625 0.1044921875
0 0.44921875 0.0234375 0.0380859375 0.046875
0 0.41796875 0.5458984375 0.126953125 0.349609375
0 0.599609375 0.67578125 0.1416015625 0.412109375
1 0.3466796875 0.3388671875 0.0224609375 0.048828125
1 0.9072265625 0.35546875 0.01953125 0.103515625
1 0.7421875 0.0302734375 0.0107421875 0.0263671875
1 0.6806640625 0.1201171875 0.0107421875 0.0244140625
1 0.4873046875 0.158203125 0.0185546875 0.0546875
1 0.1044921875 0.0576171875 0.0146484375 0.0732421875
0 0.353515625 0.1376953125 0.060546875 0.0966796875