1 0.7529296875 0.1435546875 0.0322265625 0.0546875
1 0.6806640625 0.1044921875 0.0263671875 0.0703125
1 0.5849609375 0.0703125 0.0205078125 0.056640625
0 0.6162109375 0.08203125 0.0546875 0.109375
2 0.771484375 0.373046875 0.1396484375 0.345703125
1 0.6259765625 0.0234375 0.0146484375 0.0322265625
0 0.5927734375 0.0224609375 0.044921875 0.044921875
1 0.7080078125 0.150390625 0.0244140625 0.056640625
1 0.513671875 0.2568359375 0.02734375 0.095703125
1 0.6357421875 0.033203125 0.01171875 0.0361328125
2 0.5556640625 0.169921875 0.0703125 0.185546875
0 0.3349609375 0.2529296875 0.0888671875 0.1845703125
0 0.1884765625 0.1025390625 0.0625 0.099609375
1 0.595703125 0.1962890625 0.0234375 0.0732421875
0 0.59375 0.3330078125 0.0927734375 0.205078125
0 0.544921875 0.033203125 0.0419921875 0.0654296875
0 0.2958984375 0.4326171875 0.12109375 0.2900390625
1 0.6904296875 0.0224609375 0.013671875 0.044921875
0 0.443359375 0.4697265625 0.1162109375 0.3173828125
0 0.4072265625 0.0283203125 0.044921875 0.056640625
0 0.4951171875 0.0263671875 0.041015625 0.052734375
1 0.666015625 0.0673828125 0.0205078125 0.0458984375
0 0.865234375 0.7177734375 0.107421875 0.404296875
0 0.4599609375 0.1298828125 0.0625 0.1162109375
0 0.875 0.39453125 0.083984375 0.1982421875
1 0.564453125 0.013671875 0.0166015625 0.0263671875
1 0.7041015625 0.1015625 0.017578125 0.044921875
1 0.732421875 0.119140625 0.0166015625 0.044921875
1 0.70703125 0.23828125 0.01953125 0.0791015625
0 0.4560546875 0.255859375 0.083984375 0.16015625
1 0.17578125 0.0244140625 0.0166015625 0.0400390625
0 0.185546875 0.84375 0.1953125 0.3046875
2 0.658203125 0.6279296875 0.15625 0.44140625
2 0.65625 0.203125 0.0859375 0.2158203125
1 0.2236328125 0.0146484375 0.0087890625 0.029296875
1 0.84765625 0.30078125 0.0400390625 0.083984375
0 0.810546875 0.1875 0.0791015625 0.0947265625
1 0.73046875 0.0244140625 0.0244140625 0.037109375
1 0.5966796875 0.1318359375 0.0146484375 0.0625
0 0.4892578125 0.94140625 0.1875 0.111328125
0 0.8232421875 0.9521484375 0.1806640625 0.0908203125