1 0.6240234375 0.0263671875 0.01171875 0.037109375
1 0.7509765625 0.1728515625 0.0166015625 0.0537109375
0 0.5322265625 0.0791015625 0.044921875 0.0888671875
0 0.7734375 0.4501953125 0.1142578125 0.25390625
0 0.8544921875 0.6533203125 0.123046875 0.35546875
1 0.58984375 0.0888671875 0.01171875 0.0419921875
0 0.65234375 0.181640625 0.0673828125 0.1279296875
0 0.4560546875 0.1181640625 0.0576171875 0.1171875
1 0.6630859375 0.0849609375 0.015625 0.0478515625
0 0.6484375 0.390625 0.1025390625 0.244140625
0 0.5859375 0.26953125 0.0830078125 0.1943359375
0 0.70703125 0.7138671875 0.1640625 0.376953125
0 0.2763671875 0.58203125 0.14453125 0.365234375
1 0.759765625 0.03125 0.0166015625 0.0322265625
0 0.326171875 0.28125 0.125 0.33203125
0 0.4931640625 0.634765625 0.1318359375 0.3291015625
0 0.677734375 0.009765625 0.017578125 0.01953125
0 0.8515625 0.3486328125 0.0830078125 0.1552734375
1 0.72265625 0.017578125 0.01171875 0.03515625
2 0.3486328125 0.1044921875 0.0625 0.0673828125