1 0.39453125 0.462890625 0.0419921875 0.1240234375
2 0.3447265625 0.283203125 0.10546875 0.255859375
1 0.732421875 0.1318359375 0.015625 0.0390625
1 0.7080078125 0.1240234375 0.0166015625 0.044921875
1 0.6484375 0.029296875 0.0166015625 0.0361328125
0 0.3828125 0.1025390625 0.0537109375 0.1005859375
0 0.5390625 0.041015625 0.0419921875 0.0615234375
0 0.54296875 0.138671875 0.0595703125 0.12109375
1 0.6201171875 0.0361328125 0.017578125 0.0302734375
0 0.66796875 0.09375 0.0478515625 0.1044921875
1 0.423828125 0.099609375 0.017578125 0.0634765625
1 0.16796875 0.0234375 0.013671875 0.03515625
0 0.607421875 0.10546875 0.04296875 0.0732421875
1 0.673828125 0.025390625 0.0126953125 0.0380859375
1 0.0888671875 0.0380859375 0.013671875 0.046875
1 0.1181640625 0.052734375 0.013671875 0.0390625
0 0.87109375 0.380859375 0.08203125 0.1533203125
0 0.4873046875 0.466796875 0.12109375 0.2451171875
1 0.3974609375 0.28515625 0.0244140625 0.068359375
0 0.3994140625 0.0302734375 0.048828125 0.060546875
2 0.64453125 0.4609375 0.1376953125 0.3125
0 0.587890625 0.201171875 0.0771484375 0.1435546875
1 0.7470703125 0.1337890625 0.01953125 0.0322265625
1 0.6357421875 0.2001953125 0.033203125 0.0830078125
0 0.7822265625 0.1591796875 0.0693359375 0.0771484375
0 0.572265625 0.0322265625 0.0322265625 0.064453125
2 0.7763671875 0.3935546875 0.1337890625 0.2685546875
2 0.4677734375 0.0859375 0.064453125 0.15625
0 0.8046875 0.240234375 0.087890625 0.123046875
1 0.8740234375 0.2890625 0.0166015625 0.0380859375
2 0.48046875 0.2734375 0.091796875 0.201171875
1 0.5087890625 0.0419921875 0.0146484375 0.03515625
0 0.2275390625 0.0458984375 0.0458984375 0.091796875
1 0.744140625 0.0263671875 0.01953125 0.0380859375
2 0.7705078125 0.720703125 0.21875 0.5380859375
1 0.642578125 0.267578125 0.0185546875 0.037109375
0 0.2744140625 0.6767578125 0.1484375 0.326171875
1 0.4140625 0.3359375 0.0302734375 0.08203125
0 0.7353515625 0.1923828125 0.064453125 0.087890625
1 0.13671875 0.1181640625 0.0166015625 0.0791015625
1 0.8115234375 0.185546875 0.013671875 0.029296875
1 0.66015625 0.1826171875 0.0166015625 0.0654296875
1 0.095703125 0.09375 0.017578125 0.0400390625
1 0.9072265625 0.3232421875 0.01953125 0.06640625
1 0.669921875 0.26953125 0.033203125 0.0732421875