1 0.7109375 0.25 0.029296875 0.09375
1 0.814453125 0.2744140625 0.02734375 0.0830078125
0 0.583984375 0.0283203125 0.0390625 0.056640625
0 0.53125 0.3251953125 0.0830078125 0.19140625
0 0.6728515625 0.4150390625 0.0947265625 0.2568359375
0 0.8623046875 0.677734375 0.107421875 0.3681640625
0 0.291015625 0.4423828125 0.115234375 0.2861328125
0 0.740234375 0.6943359375 0.1513671875 0.3291015625
0 0.591796875 0.7099609375 0.1416015625 0.3671875
0 0.236328125 0.6787109375 0.1533203125 0.3759765625
1 0.7138671875 0.015625 0.0146484375 0.03125
0 0.419921875 0.5341796875 0.1181640625 0.296875