2 0.337890625 0.2861328125 0.1083984375 0.2607421875
0 0.5390625 0.13671875 0.060546875 0.126953125
1 0.392578125 0.4619140625 0.0380859375 0.1337890625
1 0.65234375 0.025390625 0.01953125 0.0439453125
0 0.5849609375 0.1875 0.0693359375 0.1376953125
0 0.6083984375 0.0576171875 0.0498046875 0.0673828125
0 0.865234375 0.2626953125 0.08984375 0.1279296875
1 0.130859375 0.1279296875 0.0185546875 0.060546875
0 0.6796875 0.23046875 0.0693359375 0.1513671875
0 0.8681640625 0.3837890625 0.0859375 0.1650390625
0 0.484375 0.4638671875 0.1201171875 0.2431640625
0 0.1181640625 0.2421875 0.072265625 0.1552734375
0 0.5263671875 0.0419921875 0.0517578125 0.080078125
1 0.2353515625 0.0087890625 0.009765625 0.017578125
1 0.708984375 0.1162109375 0.015625 0.0478515625
0 0.5712890625 0.0361328125 0.0361328125 0.0673828125
1 0.7158203125 0.4091796875 0.033203125 0.0791015625
0 0.6806640625 0.123046875 0.0556640625 0.095703125
2 0.46484375 0.0810546875 0.06640625 0.162109375
2 0.7705078125 0.4052734375 0.1328125 0.294921875
0 0.4833984375 0.71484375 0.146484375 0.37890625
2 0.634765625 0.455078125 0.13671875 0.3115234375
1 0.8203125 0.2724609375 0.0234375 0.0576171875
2 0.1435546875 0.025390625 0.0537109375 0.048828125
0 0.271484375 0.6806640625 0.1455078125 0.3212890625
0 0.1806640625 0.1337890625 0.076171875 0.1259765625
1 0.125 0.05859375 0.01171875 0.0322265625
2 0.76953125 0.7197265625 0.2197265625 0.54296875
1 0.4052734375 0.3369140625 0.033203125 0.056640625
1 0.5888671875 0.1181640625 0.0185546875 0.0380859375
1 0.8974609375 0.314453125 0.0224609375 0.0595703125
0 0.775390625 0.2119140625 0.091796875 0.1318359375
1 0.8916015625 0.9326171875 0.05078125 0.126953125
1 0.701171875 0.1552734375 0.0146484375 0.041015625
1 0.1396484375 0.0771484375 0.0126953125 0.0361328125
1 0.435546875 0.421875 0.0224609375 0.1201171875
1 0.6806640625 0.0107421875 0.01953125 0.021484375
1 0.6611328125 0.068359375 0.013671875 0.0537109375
1 0.232421875 0.373046875 0.033203125 0.0771484375
1 0.7158203125 0.18359375 0.0224609375 0.0537109375
1 0.1982421875 0.576171875 0.0546875 0.1806640625