1 0.51171875 0.2451171875 0.04296875 0.080078125
0 0.1591796875 0.1708984375 0.07421875 0.1337890625
1 0.564453125 0.419921875 0.0439453125 0.1337890625
1 0.4072265625 0.3935546875 0.0400390625 0.1220703125
1 0.494140625 0.1884765625 0.0263671875 0.0849609375
1 0.8759765625 0.35546875 0.033203125 0.091796875
1 0.8447265625 0.341796875 0.029296875 0.0830078125
1 0.484375 0.0556640625 0.015625 0.044921875
0 0.5634765625 0.041015625 0.04296875 0.0625
1 0.4091796875 0.6171875 0.0546875 0.16796875
1 0.9091796875 0.365234375 0.015625 0.0556640625
0 0.638671875 0.1328125 0.05859375 0.119140625
0 0.5458984375 0.1572265625 0.060546875 0.1328125
0 0.7294921875 0.3203125 0.0927734375 0.19921875
0 0.37890625 0.126953125 0.0595703125 0.11328125
0 0.6064453125 0.0576171875 0.04296875 0.1142578125
0 0.703125 0.134765625 0.05859375 0.115234375
0 0.306640625 0.4599609375 0.1279296875 0.302734375
0 0.5166015625 0.078125 0.0458984375 0.0869140625
0 0.3447265625 0.2763671875 0.0859375 0.1904296875
1 0.6181640625 0.6484375 0.0478515625 0.19140625
0 0.8154296875 0.4970703125 0.1279296875 0.291015625
0 0.49609375 0.384765625 0.099609375 0.25390625
0 0.4443359375 0.2158203125 0.0673828125 0.1826171875
1 0.4462890625 0.0537109375 0.0185546875 0.05078125
0 0.4619140625 0.103515625 0.0517578125 0.1025390625
0 0.6533203125 0.4375 0.1162109375 0.2861328125
0 0.24609375 0.0283203125 0.0400390625 0.0537109375
0 0.390625 0.04296875 0.0478515625 0.080078125
0 0.6064453125 0.2353515625 0.080078125 0.185546875
0 0.6552734375 0.0263671875 0.044921875 0.0419921875
1 0.5361328125 0.0146484375 0.0166015625 0.0283203125
0 0.51953125 0.685546875 0.14453125 0.4375
1 0.8740234375 0.4375 0.0244140625 0.0869140625
0 0.7509765625 0.7841796875 0.1943359375 0.40625
0 0.263671875 0.7626953125 0.1884765625 0.4365234375
1 0.5537109375 0.26171875 0.0263671875 0.0546875
1 0.4150390625 0.0693359375 0.0205078125 0.0703125
1 0.4921875 0.0205078125 0.015625 0.041015625
0 0.1064453125 0.1279296875 0.0498046875 0.107421875
2 0.8876953125 0.658203125 0.0595703125 0.5166015625
1 0.6953125 0.0263671875 0.0166015625 0.044921875
1 0.2236328125 0.0458984375 0.01171875 0.03125
1 0.2392578125 0.0751953125 0.013671875 0.0556640625
1 0.17578125 0.0830078125 0.01953125 0.044921875
1 0.7158203125 0.01953125 0.0166015625 0.0390625
1 0.8427734375 0.279296875 0.029296875 0.064453125
1 0.208984375 0.228515625 0.0302734375 0.080078125
1 0.412109375 0.017578125 0.01171875 0.0341796875