1 0.50390625 0.0380859375 0.0146484375 0.044921875
1 0.72265625 0.1513671875 0.0205078125 0.0595703125
1 0.64453125 0.0302734375 0.0146484375 0.0380859375
1 0.4345703125 0.080078125 0.0185546875 0.0712890625
1 0.8662109375 0.2841796875 0.0302734375 0.05078125
0 0.583984375 0.1962890625 0.0703125 0.1396484375
1 0.8173828125 0.2734375 0.025390625 0.05859375
1 0.419921875 0.0380859375 0.0166015625 0.052734375
1 0.3955078125 0.478515625 0.0439453125 0.13671875
0 0.6767578125 0.2236328125 0.06640625 0.1494140625
0 0.6064453125 0.060546875 0.0537109375 0.0986328125
0 0.5390625 0.134765625 0.0576171875 0.125
0 0.869140625 0.3798828125 0.080078125 0.1533203125
0 0.5263671875 0.0234375 0.0341796875 0.044921875
1 0.7822265625 0.2373046875 0.029296875 0.064453125
2 0.7705078125 0.375 0.1240234375 0.224609375
0 0.4853515625 0.4560546875 0.1171875 0.251953125
2 0.6357421875 0.462890625 0.1416015625 0.3193359375
0 0.26953125 0.6806640625 0.1416015625 0.31640625
2 0.474609375 0.142578125 0.0693359375 0.189453125
1 0.6201171875 0.0078125 0.01171875 0.015625
1 0.732421875 0.19921875 0.0224609375 0.041015625
0 0.861328125 0.6083984375 0.1103515625 0.3662109375
1 0.6982421875 0.025390625 0.017578125 0.041015625
0 0.4853515625 0.7109375 0.1455078125 0.384765625
1 0.728515625 0.0244140625 0.021484375 0.04296875
0 0.322265625 0.4599609375 0.0986328125 0.25390625
1 0.57421875 0.04296875 0.017578125 0.0517578125
1 0.58984375 0.1044921875 0.015625 0.060546875
1 0.5146484375 0.095703125 0.009765625 0.05859375
0 0.6337890625 0.16796875 0.0546875 0.1240234375
1 0.1884765625 0.658203125 0.048828125 0.1796875
1 0.7119140625 0.0166015625 0.0146484375 0.033203125