1 0.560546875 0.41796875 0.0400390625 0.1318359375
1 0.6220703125 0.0849609375 0.01953125 0.0498046875
1 0.8544921875 0.427734375 0.03515625 0.109375
1 0.5146484375 0.2099609375 0.0224609375 0.08203125
1 0.4765625 0.125 0.0205078125 0.05078125
1 0.900390625 0.4453125 0.0322265625 0.107421875
0 0.576171875 0.1787109375 0.0673828125 0.1474609375
0 0.4755859375 0.240234375 0.0830078125 0.1923828125
0 0.51953125 0.029296875 0.0390625 0.05859375
0 0.7080078125 0.5732421875 0.13671875 0.283203125
0 0.2861328125 0.5625 0.1455078125 0.3466796875
0 0.3935546875 0.0810546875 0.0546875 0.1123046875
0 0.5322265625 0.0869140625 0.046875 0.0888671875
1 0.74609375 0.02734375 0.013671875 0.0341796875
0 0.5146484375 0.810546875 0.2060546875 0.3701171875
0 0.6259765625 0.015625 0.0634765625 0.0302734375
2 0.7822265625 0.86328125 0.267578125 0.26953125