1 0.6767578125 0.1142578125 0.0146484375 0.0478515625
1 0.7685546875 0.2001953125 0.0205078125 0.0615234375
0 0.671875 0.2109375 0.0732421875 0.138671875
1 0.7177734375 0.125 0.017578125 0.056640625
0 0.771484375 0.4482421875 0.115234375 0.25
0 0.8544921875 0.65234375 0.1220703125 0.35546875
0 0.5986328125 0.0498046875 0.0439453125 0.078125
0 0.6513671875 0.388671875 0.1044921875 0.2421875
0 0.4609375 0.0361328125 0.044921875 0.0703125
0 0.5869140625 0.2509765625 0.08984375 0.220703125
0 0.455078125 0.3916015625 0.107421875 0.2431640625
1 0.7470703125 0.0322265625 0.0166015625 0.0302734375
0 0.2763671875 0.58203125 0.1435546875 0.3662109375
0 0.70703125 0.7099609375 0.1630859375 0.3759765625
0 0.1640625 0.0751953125 0.0576171875 0.0888671875
1 0.7841796875 0.244140625 0.0107421875 0.0703125
0 0.4921875 0.630859375 0.1318359375 0.330078125
1 0.7138671875 0.017578125 0.0166015625 0.0341796875