1 0.744140625 0.2099609375 0.02734375 0.060546875
1 0.8212890625 0.2763671875 0.0400390625 0.0537109375
1 0.3916015625 0.0771484375 0.0166015625 0.0498046875
0 0.71875 0.1259765625 0.0556640625 0.0947265625
1 0.7802734375 0.2109375 0.0234375 0.0576171875
0 0.5400390625 0.13671875 0.0576171875 0.12109375
1 0.8515625 0.2822265625 0.025390625 0.04296875
1 0.8955078125 0.29296875 0.0390625 0.080078125
0 0.6318359375 0.166015625 0.0556640625 0.12890625
0 0.607421875 0.09375 0.0478515625 0.080078125
1 0.6552734375 0.115234375 0.0146484375 0.0419921875
0 0.869140625 0.3828125 0.0830078125 0.16015625
0 0.53515625 0.0439453125 0.0478515625 0.083984375
2 0.3427734375 0.2861328125 0.107421875 0.259765625
2 0.7744140625 0.3955078125 0.130859375 0.2724609375
0 0.6796875 0.224609375 0.0693359375 0.154296875
1 0.775390625 0.162109375 0.021484375 0.056640625
0 0.4833984375 0.466796875 0.119140625 0.23828125
2 0.634765625 0.4541015625 0.1357421875 0.3125
2 0.4677734375 0.080078125 0.068359375 0.16015625
2 0.76953125 0.7216796875 0.2197265625 0.537109375
2 0.6669921875 0.0615234375 0.0458984375 0.1083984375
1 0.1494140625 0.13671875 0.0224609375 0.0966796875
0 0.603515625 0.033203125 0.0341796875 0.044921875
2 0.4755859375 0.28125 0.091796875 0.208984375
0 0.484375 0.716796875 0.1474609375 0.3828125
1 0.765625 0.251953125 0.0146484375 0.0205078125
1 0.0869140625 0.0693359375 0.01171875 0.0498046875
0 0.271484375 0.6787109375 0.1455078125 0.3212890625
1 0.4990234375 0.095703125 0.0126953125 0.0595703125
0 0.580078125 0.2978515625 0.0830078125 0.1923828125
0 0.583984375 0.1787109375 0.0634765625 0.1044921875
1 0.4296875 0.07421875 0.017578125 0.0595703125