1 0.55859375 0.498046875 0.044921875 0.1416015625
0 0.798828125 0.271484375 0.0791015625 0.146484375
0 0.771484375 0.4501953125 0.1142578125 0.2529296875
0 0.853515625 0.650390625 0.1240234375 0.3525390625
1 0.6533203125 0.0361328125 0.0107421875 0.0322265625
0 0.650390625 0.388671875 0.1025390625 0.2451171875
1 0.345703125 0.923828125 0.0703125 0.1396484375
0 0.5849609375 0.267578125 0.0849609375 0.1962890625
1 0.7119140625 0.119140625 0.0146484375 0.0380859375
0 0.58203125 0.0244140625 0.037109375 0.0478515625
0 0.7060546875 0.7109375 0.1630859375 0.369140625
0 0.2744140625 0.5810546875 0.1396484375 0.361328125
2 0.4130859375 0.0673828125 0.0576171875 0.1318359375
1 0.7587890625 0.0322265625 0.013671875 0.03125
0 0.486328125 0.55078125 0.1201171875 0.2900390625
0 0.443359375 0.0166015625 0.017578125 0.033203125
1 0.712890625 0.0166015625 0.013671875 0.033203125