1 0.759765625 0.162109375 0.02734375 0.0458984375
0 0.5361328125 0.07421875 0.0478515625 0.07421875
1 0.5732421875 0.060546875 0.0234375 0.048828125
0 0.248046875 0.0556640625 0.056640625 0.0927734375
2 0.3486328125 0.283203125 0.1083984375 0.271484375
0 0.6357421875 0.1689453125 0.056640625 0.125
0 0.1103515625 0.0478515625 0.052734375 0.08203125
0 0.3720703125 0.13671875 0.0673828125 0.1181640625
1 0.6591796875 0.029296875 0.01171875 0.0390625
1 0.419921875 0.2763671875 0.0302734375 0.0849609375
1 0.9052734375 0.3056640625 0.0244140625 0.083984375
1 0.732421875 0.1328125 0.021484375 0.04296875
0 0.1708984375 0.064453125 0.041015625 0.09375
0 0.5166015625 0.02734375 0.03125 0.0546875
1 0.74609375 0.02734375 0.0126953125 0.0302734375
2 0.634765625 0.0478515625 0.0498046875 0.095703125
0 0.6826171875 0.2265625 0.0625 0.1513671875
1 0.3974609375 0.4482421875 0.0458984375 0.1494140625
1 0.671875 0.0322265625 0.009765625 0.0322265625
2 0.4794921875 0.291015625 0.0947265625 0.2568359375
0 0.8720703125 0.3798828125 0.0830078125 0.15625
1 0.8837890625 0.2587890625 0.0234375 0.0537109375
1 0.591796875 0.0810546875 0.01953125 0.0625
1 0.828125 0.22265625 0.033203125 0.0615234375
2 0.64453125 0.4609375 0.1337890625 0.30859375
1 0.8154296875 0.189453125 0.0205078125 0.0390625
2 0.775390625 0.37890625 0.1357421875 0.234375
2 0.4697265625 0.076171875 0.0673828125 0.150390625
1 0.703125 0.158203125 0.021484375 0.0380859375
1 0.6669921875 0.11328125 0.033203125 0.0654296875
0 0.109375 0.1416015625 0.0556640625 0.099609375
0 0.486328125 0.7197265625 0.1455078125 0.3779296875
1 0.3984375 0.3154296875 0.02734375 0.076171875
0 0.2724609375 0.6806640625 0.1474609375 0.3251953125
1 0.80078125 0.1611328125 0.0205078125 0.04296875
2 0.771484375 0.7236328125 0.220703125 0.533203125
1 0.7685546875 0.19140625 0.0146484375 0.037109375
1 0.400390625 0.25390625 0.021484375 0.052734375
1 0.5166015625 0.07421875 0.0078125 0.0419921875
1 0.8564453125 0.251953125 0.021484375 0.0478515625
0 0.5830078125 0.2998046875 0.0859375 0.189453125
1 0.7607421875 0.0341796875 0.01171875 0.029296875
1 0.310546875 0.0166015625 0.017578125 0.0322265625