1 0.734375 0.203125 0.0283203125 0.05859375
1 0.3798828125 0.6435546875 0.0498046875 0.1904296875
0 0.5390625 0.1376953125 0.0576171875 0.123046875
0 0.6318359375 0.162109375 0.05859375 0.119140625
0 0.677734375 0.2275390625 0.060546875 0.146484375
1 0.7939453125 0.2138671875 0.0224609375 0.056640625
1 0.8193359375 0.2587890625 0.0400390625 0.0791015625
2 0.3779296875 0.1533203125 0.0732421875 0.1982421875
1 0.66015625 0.12109375 0.015625 0.0546875
1 0.556640625 0.03125 0.0146484375 0.056640625
0 0.60546875 0.0634765625 0.05078125 0.0908203125
1 0.46484375 0.0771484375 0.0185546875 0.0546875
0 0.87109375 0.3876953125 0.0869140625 0.173828125
0 0.4833984375 0.462890625 0.1162109375 0.2314453125
2 0.771484375 0.39453125 0.1337890625 0.28125
1 0.6337890625 0.083984375 0.0126953125 0.0419921875
0 0.6669921875 0.064453125 0.06640625 0.1162109375
1 0.716796875 0.1689453125 0.0185546875 0.06640625
0 0.484375 0.71484375 0.14453125 0.3837890625
1 0.7041015625 0.091796875 0.01171875 0.0390625
2 0.640625 0.4638671875 0.13671875 0.3125
0 0.2705078125 0.6806640625 0.142578125 0.3193359375
0 0.3173828125 0.4619140625 0.1005859375 0.24609375
2 0.7685546875 0.7197265625 0.220703125 0.5361328125
1 0.146484375 0.0185546875 0.0166015625 0.037109375
1 0.62890625 0.03515625 0.0146484375 0.0419921875
1 0.5791015625 0.013671875 0.0087890625 0.0263671875
1 0.7724609375 0.2265625 0.0166015625 0.0634765625
1 0.583984375 0.0703125 0.0107421875 0.0478515625
0 0.5830078125 0.291015625 0.091796875 0.2138671875
0 0.47265625 0.1650390625 0.0732421875 0.12890625
0 0.111328125 0.8642578125 0.060546875 0.2587890625
1 0.7734375 0.181640625 0.01953125 0.0478515625
1 0.8310546875 0.2060546875 0.0166015625 0.0458984375
1 0.7109375 0.0166015625 0.0146484375 0.033203125