1 0.3994140625 0.0478515625 0.0146484375 0.046875
1 0.5625 0.060546875 0.0146484375 0.044921875
1 0.8134765625 0.2763671875 0.029296875 0.0517578125
1 0.8818359375 0.29296875 0.025390625 0.0419921875
1 0.849609375 0.2783203125 0.017578125 0.041015625
1 0.7080078125 0.173828125 0.0244140625 0.05859375
0 0.66796875 0.0546875 0.05078125 0.080078125
0 0.541015625 0.13671875 0.05859375 0.1220703125
1 0.5732421875 0.0126953125 0.013671875 0.025390625
0 0.630859375 0.1669921875 0.0576171875 0.1279296875
0 0.6064453125 0.0654296875 0.0458984375 0.080078125
1 0.6611328125 0.1123046875 0.0185546875 0.0537109375
1 0.3974609375 0.2099609375 0.0244140625 0.091796875
1 0.6474609375 0.0908203125 0.0146484375 0.048828125
0 0.869140625 0.3837890625 0.08203125 0.1611328125
2 0.7734375 0.3955078125 0.1318359375 0.27734375
1 0.4501953125 0.080078125 0.0224609375 0.0478515625
1 0.701171875 0.0390625 0.0205078125 0.03125
1 0.908203125 0.392578125 0.0166015625 0.1142578125
2 0.640625 0.458984375 0.1396484375 0.3115234375
0 0.791015625 0.205078125 0.0712890625 0.103515625
0 0.4833984375 0.4619140625 0.119140625 0.236328125
1 0.623046875 0.037109375 0.0126953125 0.025390625
2 0.33984375 0.29296875 0.09765625 0.2373046875
2 0.76953125 0.7216796875 0.220703125 0.53515625
0 0.4833984375 0.7138671875 0.1474609375 0.37890625
0 0.2724609375 0.6806640625 0.1455078125 0.3251953125
1 0.77734375 0.134765625 0.017578125 0.0400390625
0 0.537109375 0.052734375 0.044921875 0.0625
0 0.5791015625 0.2900390625 0.0859375 0.20703125
0 0.2255859375 0.0244140625 0.0419921875 0.046875
0 0.47265625 0.1455078125 0.064453125 0.0703125
1 0.8466796875 0.220703125 0.017578125 0.0546875
1 0.708984375 0.1220703125 0.0263671875 0.0595703125
2 0.455078125 0.017578125 0.0380859375 0.03515625