1 0.6884765625 0.111328125 0.0224609375 0.052734375
1 0.6416015625 0.0322265625 0.0166015625 0.02734375
1 0.734375 0.1875 0.017578125 0.0498046875
1 0.70703125 0.1298828125 0.01953125 0.0498046875
0 0.5380859375 0.09375 0.052734375 0.10546875
0 0.541015625 0.0205078125 0.0322265625 0.041015625
0 0.3779296875 0.1240234375 0.056640625 0.1318359375
2 0.8359375 0.4111328125 0.1396484375 0.388671875
0 0.4970703125 0.201171875 0.0654296875 0.1513671875
1 0.53515625 0.189453125 0.0205078125 0.044921875
1 0.6796875 0.064453125 0.0302734375 0.048828125
1 0.560546875 0.0234375 0.0107421875 0.0380859375
1 0.115234375 0.17578125 0.0244140625 0.0625
0 0.4169921875 0.2099609375 0.0712890625 0.169921875
1 0.5849609375 0.935546875 0.06640625 0.1240234375
0 0.3310546875 0.296875 0.099609375 0.203125
2 0.4521484375 0.060546875 0.07421875 0.1162109375
1 0.6650390625 0.0380859375 0.0126953125 0.033203125
0 0.5029296875 0.013671875 0.0185546875 0.0263671875
0 0.4228515625 0.3935546875 0.0966796875 0.23828125
1 0.5556640625 0.1953125 0.0107421875 0.05859375
2 0.7421875 0.298828125 0.064453125 0.2119140625
2 0.638671875 0.267578125 0.1669921875 0.453125
1 0.8662109375 0.244140625 0.0263671875 0.044921875
1 0.9091796875 0.517578125 0.015625 0.1533203125
1 0.2861328125 0.2548828125 0.0244140625 0.052734375
0 0.2333984375 0.6767578125 0.15234375 0.3740234375
0 0.71484375 0.17578125 0.02734375 0.0576171875
0 0.41015625 0.6806640625 0.1435546875 0.3662109375
1 0.703125 0.0859375 0.0166015625 0.0322265625
0 0.76171875 0.787109375 0.1806640625 0.4111328125
2 0.59375 0.03515625 0.05859375 0.0703125