1 0.7119140625 0.357421875 0.033203125 0.1025390625
0 0.548828125 0.1318359375 0.056640625 0.1220703125
0 0.3583984375 0.21484375 0.076171875 0.171875
1 0.4072265625 0.388671875 0.0390625 0.125
0 0.5791015625 0.0234375 0.0322265625 0.046875
0 0.5078125 0.08203125 0.0283203125 0.0849609375
1 0.5947265625 0.6279296875 0.0498046875 0.1630859375
0 0.63671875 0.1806640625 0.0595703125 0.12109375
0 0.466796875 0.0205078125 0.03515625 0.041015625
0 0.5009765625 0.4130859375 0.10546875 0.2861328125
2 0.251953125 0.7177734375 0.2099609375 0.544921875
1 0.615234375 0.0966796875 0.017578125 0.0419921875
0 0.625 0.328125 0.0986328125 0.2265625
0 0.78515625 0.548828125 0.1103515625 0.2919921875
0 0.6953125 0.7841796875 0.1806640625 0.416015625
2 0.466796875 0.1611328125 0.0791015625 0.2431640625
2 0.1767578125 0.1015625 0.1552734375 0.203125
1 0.4306640625 0.1357421875 0.013671875 0.076171875
0 0.4169921875 0.0361328125 0.01171875 0.0478515625
0 0.728515625 0.2294921875 0.076171875 0.173828125
2 0.6455078125 0.0498046875 0.0673828125 0.0986328125
0 0.5400390625 0.037109375 0.0419921875 0.072265625
1 0.74609375 0.0283203125 0.0146484375 0.033203125
0 0.4931640625 0.943359375 0.1728515625 0.1083984375
0 0.091796875 0.05078125 0.0234375 0.0703125
2 0.8662109375 0.732421875 0.099609375 0.5185546875
1 0.1015625 0.1083984375 0.017578125 0.044921875
0 0.376953125 0.11328125 0.0556640625 0.1005859375
1 0.71484375 0.017578125 0.0126953125 0.03515625