0 0.6728515625 0.0947265625 0.05078125 0.099609375
1 0.6484375 0.0341796875 0.01171875 0.03125
0 0.41015625 0.03515625 0.04296875 0.0703125
0 0.8623046875 0.669921875 0.1083984375 0.384765625
0 0.5322265625 0.345703125 0.0869140625 0.193359375
1 0.8525390625 0.45703125 0.0361328125 0.07421875
1 0.142578125 0.025390625 0.0224609375 0.0498046875
0 0.291015625 0.4443359375 0.1162109375 0.2861328125
0 0.6201171875 0.0927734375 0.048828125 0.09765625
0 0.58984375 0.7099609375 0.1416015625 0.3671875
0 0.2353515625 0.6806640625 0.15234375 0.375
1 0.7138671875 0.0166015625 0.013671875 0.0322265625
0 0.740234375 0.6904296875 0.1494140625 0.3271484375
1 0.60546875 0.013671875 0.01171875 0.02734375
0 0.41796875 0.533203125 0.1181640625 0.294921875