1 0.58203125 0.0283203125 0.0185546875 0.0546875
1 0.603515625 0.0302734375 0.0166015625 0.046875
1 0.392578125 0.2333984375 0.029296875 0.11328125
1 0.78125 0.2255859375 0.0283203125 0.08203125
1 0.8662109375 0.39453125 0.0283203125 0.1064453125
1 0.416015625 0.1904296875 0.0234375 0.0791015625
0 0.34765625 0.1845703125 0.076171875 0.1533203125
2 0.6083984375 0.193359375 0.1025390625 0.2763671875
1 0.74609375 0.2177734375 0.0263671875 0.0732421875
1 0.837890625 0.60546875 0.0498046875 0.1142578125
1 0.6513671875 0.0810546875 0.01953125 0.04296875
0 0.453125 0.2578125 0.078125 0.1650390625
0 0.3837890625 0.0732421875 0.052734375 0.091796875
0 0.5029296875 0.1826171875 0.0693359375 0.162109375
1 0.8291015625 0.2529296875 0.02734375 0.0810546875
0 0.6767578125 0.171875 0.044921875 0.1318359375
1 0.41796875 0.1162109375 0.01953125 0.0615234375
1 0.3994140625 0.3916015625 0.029296875 0.064453125
1 0.1279296875 0.0380859375 0.015625 0.041015625
0 0.5322265625 0.0322265625 0.0380859375 0.064453125
1 0.5380859375 0.1669921875 0.0224609375 0.08203125
0 0.8173828125 0.384765625 0.10546875 0.216796875
0 0.26953125 0.541015625 0.1337890625 0.3046875
0 0.1474609375 0.0966796875 0.0595703125 0.095703125
1 0.6201171875 0.0498046875 0.0146484375 0.0361328125
0 0.5546875 0.080078125 0.0380859375 0.0947265625
1 0.77734375 0.732421875 0.052734375 0.169921875
1 0.091796875 0.044921875 0.017578125 0.04296875
2 0.47265625 0.0537109375 0.0517578125 0.1064453125
0 0.6884765625 0.771484375 0.16796875 0.44140625
0 0.8662109375 0.818359375 0.1005859375 0.333984375
1 0.365234375 0.4619140625 0.0380859375 0.1044921875
0 0.4365234375 0.7919921875 0.1572265625 0.396484375
1 0.5029296875 0.4375 0.03515625 0.111328125
1 0.79296875 0.5615234375 0.0380859375 0.09765625
0 0.6015625 0.4560546875 0.1044921875 0.2412109375
2 0.443359375 0.029296875 0.0224609375 0.0576171875
1 0.119140625 0.955078125 0.0712890625 0.087890625
0 0.5068359375 0.01171875 0.0234375 0.0234375
1 0.35546875 0.068359375 0.0224609375 0.0341796875
1 0.3095703125 0.015625 0.021484375 0.03125
1 0.3525390625 0.5712890625 0.0283203125 0.1337890625
1 0.64453125 0.0390625 0.015625 0.02734375
1 0.7431640625 0.0302734375 0.0107421875 0.0283203125
1 0.712890625 0.015625 0.013671875 0.03125
0 0.8955078125 0.5595703125 0.04296875 0.2041015625
1 0.55859375 0.0087890625 0.013671875 0.0166015625