1 0.8876953125 0.466796875 0.048828125 0.134765625
0 0.419921875 0.1669921875 0.0654296875 0.1201171875
1 0.138671875 0.244140625 0.025390625 0.07421875
0 0.49609375 0.1728515625 0.064453125 0.146484375
0 0.63671875 0.29296875 0.0791015625 0.1865234375
0 0.3720703125 0.0888671875 0.0576171875 0.125
1 0.853515625 0.443359375 0.029296875 0.103515625
0 0.330078125 0.3017578125 0.1005859375 0.203125
1 0.6240234375 0.455078125 0.041015625 0.1181640625
1 0.2900390625 0.2509765625 0.0244140625 0.064453125
0 0.5341796875 0.3466796875 0.0947265625 0.2001953125
1 0.7373046875 0.3515625 0.0400390625 0.09765625
0 0.630859375 0.0888671875 0.044921875 0.12890625
2 0.572265625 0.083984375 0.0986328125 0.166015625
1 0.80859375 0.2333984375 0.0380859375 0.0625
1 0.7373046875 0.0234375 0.021484375 0.044921875
2 0.455078125 0.0537109375 0.0849609375 0.1015625
1 0.7216796875 0.0947265625 0.0146484375 0.037109375
1 0.6962890625 0.3515625 0.03515625 0.0859375
0 0.8056640625 0.458984375 0.111328125 0.2490234375
0 0.4267578125 0.2890625 0.0869140625 0.1806640625
1 0.7890625 0.3134765625 0.0263671875 0.05859375
1 0.841796875 0.357421875 0.03515625 0.0830078125
1 0.130859375 0.0224609375 0.017578125 0.0390625
1 0.7119140625 0.0166015625 0.013671875 0.033203125
1 0.5263671875 0.1142578125 0.0234375 0.083984375
1 0.1630859375 0.017578125 0.0234375 0.033203125
1 0.8779296875 0.3271484375 0.0302734375 0.064453125
1 0.8134765625 0.322265625 0.0341796875 0.0703125
1 0.3759765625 0.1748046875 0.0283203125 0.0634765625
0 0.2197265625 0.0830078125 0.0517578125 0.12109375
0 0.6728515625 0.1865234375 0.0517578125 0.15625
1 0.7685546875 0.12890625 0.0205078125 0.0458984375
0 0.59375 0.6806640625 0.13671875 0.376953125
1 0.673828125 0.078125 0.0146484375 0.041015625
0 0.4189453125 0.53515625 0.1201171875 0.2958984375
0 0.236328125 0.6806640625 0.1533203125 0.3759765625
1 0.5068359375 0.0849609375 0.0224609375 0.0478515625
1 0.8125 0.1826171875 0.017578125 0.0458984375
1 0.384765625 0.4208984375 0.033203125 0.1171875
0 0.5029296875 0.009765625 0.015625 0.01953125