0 0.55078125 0.107421875 0.0517578125 0.1025390625
2 0.3427734375 0.27734375 0.103515625 0.25
0 0.1513671875 0.1689453125 0.0693359375 0.1123046875
1 0.87109375 0.345703125 0.033203125 0.0830078125
1 0.7880859375 0.2353515625 0.021484375 0.0693359375
1 0.40234375 0.3759765625 0.03125 0.111328125
0 0.5810546875 0.1943359375 0.0615234375 0.119140625
0 0.521484375 0.0390625 0.04296875 0.078125
0 0.576171875 0.037109375 0.048828125 0.07421875
1 0.615234375 0.0224609375 0.013671875 0.033203125
0 0.609375 0.3603515625 0.0966796875 0.2353515625
0 0.619140625 0.12109375 0.052734375 0.0927734375
1 0.29296875 0.8857421875 0.1181640625 0.216796875
0 0.7080078125 0.3310546875 0.0986328125 0.208984375
1 0.9091796875 0.4599609375 0.0146484375 0.091796875
1 0.830078125 0.2490234375 0.0244140625 0.0712890625
0 0.4677734375 0.0712890625 0.0498046875 0.0859375
0 0.7021484375 0.171875 0.0546875 0.1259765625
2 0.6640625 0.0751953125 0.0576171875 0.13671875
2 0.3857421875 0.0703125 0.064453125 0.13671875
0 0.8271484375 0.6162109375 0.1513671875 0.34375
0 0.447265625 0.017578125 0.01953125 0.0341796875
0 0.5576171875 0.783203125 0.1796875 0.412109375
0 0.4931640625 0.4287109375 0.1201171875 0.3505859375
1 0.744140625 0.0322265625 0.013671875 0.0283203125
1 0.498046875 0.0185546875 0.0146484375 0.037109375
1 0.697265625 0.08984375 0.0166015625 0.041015625
0 0.27734375 0.0126953125 0.03125 0.025390625
1 0.1484375 0.0107421875 0.0146484375 0.021484375
1 0.4169921875 0.0341796875 0.0166015625 0.0615234375
0 0.2216796875 0.029296875 0.01953125 0.0458984375
1 0.1025390625 0.0615234375 0.017578125 0.0537109375
1 0.712890625 0.0166015625 0.013671875 0.0302734375
0 0.203125 0.146484375 0.013671875 0.109375
1 0.759765625 0.0322265625 0.01171875 0.029296875
2 0.2861328125 0.583984375 0.16796875 0.505859375