1 0.193359375 0.6484375 0.0400390625 0.14453125
1 0.494140625 0.1328125 0.01953125 0.0595703125
1 0.484375 0.0654296875 0.0166015625 0.05859375
0 0.69921875 0.1611328125 0.0576171875 0.1123046875
0 0.7568359375 0.224609375 0.0712890625 0.1298828125
0 0.537109375 0.1005859375 0.048828125 0.103515625
1 0.873046875 0.2958984375 0.02734375 0.0419921875
1 0.7373046875 0.1396484375 0.0224609375 0.03515625
0 0.599609375 0.138671875 0.0546875 0.09375
1 0.41015625 0.337890625 0.0361328125 0.099609375
1 0.4541015625 0.2216796875 0.0224609375 0.0908203125
0 0.4453125 0.1396484375 0.0576171875 0.1435546875
1 0.54296875 0.1728515625 0.02734375 0.0771484375
1 0.5419921875 0.275390625 0.033203125 0.0966796875
1 0.765625 0.150390625 0.0234375 0.044921875
0 0.5390625 0.021484375 0.03515625 0.04296875
0 0.7763671875 0.416015625 0.107421875 0.2412109375
0 0.3251953125 0.3310546875 0.103515625 0.181640625
0 0.49609375 0.3974609375 0.1015625 0.2587890625
1 0.1640625 0.8662109375 0.0546875 0.220703125
0 0.6513671875 0.4580078125 0.1240234375 0.27734375
0 0.51171875 0.0458984375 0.0419921875 0.080078125
1 0.8291015625 0.341796875 0.021484375 0.0830078125
1 0.1259765625 0.0390625 0.0126953125 0.033203125
0 0.3603515625 0.1552734375 0.0625 0.0859375
1 0.09375 0.0458984375 0.013671875 0.0458984375
1 0.560546875 0.390625 0.0380859375 0.0849609375
0 0.611328125 0.2724609375 0.0888671875 0.2001953125
0 0.3896484375 0.087890625 0.048828125 0.09765625
0 0.587890625 0.0234375 0.029296875 0.046875
1 0.8095703125 0.2216796875 0.029296875 0.0517578125
0 0.2978515625 0.5830078125 0.14453125 0.37890625
0 0.244140625 0.056640625 0.0595703125 0.0986328125
0 0.2099609375 0.12109375 0.0673828125 0.0927734375
1 0.4794921875 0.015625 0.0166015625 0.03125
0 0.7958984375 0.849609375 0.2216796875 0.2861328125
0 0.1630859375 0.064453125 0.0556640625 0.091796875
0 0.1064453125 0.1396484375 0.048828125 0.1015625
1 0.814453125 0.2783203125 0.033203125 0.080078125
0 0.09765625 0.2470703125 0.03125 0.1083984375
1 0.4150390625 0.9521484375 0.064453125 0.0927734375
0 0.5869140625 0.91796875 0.158203125 0.1591796875
1 0.7138671875 0.0185546875 0.0126953125 0.0322265625
1 0.728515625 0.0224609375 0.025390625 0.0390625
1 0.671875 0.1181640625 0.0244140625 0.0732421875