2 0.7470703125 0.3681640625 0.146484375 0.4306640625
0 0.6630859375 0.12109375 0.0576171875 0.1103515625
1 0.8046875 0.8837890625 0.07421875 0.208984375
0 0.3681640625 0.162109375 0.0654296875 0.140625
0 0.58203125 0.146484375 0.064453125 0.119140625
0 0.5341796875 0.064453125 0.044921875 0.0908203125
1 0.8837890625 0.3125 0.02734375 0.0908203125
1 0.4287109375 0.05859375 0.0146484375 0.052734375
0 0.46875 0.0400390625 0.0634765625 0.080078125
0 0.5908203125 0.3076171875 0.0869140625 0.224609375
0 0.4833984375 0.2197265625 0.0751953125 0.1953125
1 0.53515625 0.130859375 0.0205078125 0.0634765625
1 0.5439453125 0.2490234375 0.0263671875 0.0947265625
0 0.46875 0.4296875 0.109375 0.3173828125
1 0.576171875 0.0146484375 0.015625 0.0263671875
1 0.904296875 0.4130859375 0.025390625 0.09375
1 0.6171875 0.14453125 0.0234375 0.076171875
1 0.4189453125 0.0380859375 0.01171875 0.0478515625
1 0.5947265625 0.607421875 0.05078125 0.1513671875
0 0.2958984375 0.650390625 0.1435546875 0.3642578125
0 0.1630859375 0.0712890625 0.060546875 0.0869140625
2 0.32421875 0.34375 0.1201171875 0.2861328125
0 0.615234375 0.0224609375 0.0361328125 0.044921875
1 0.12890625 0.0263671875 0.0107421875 0.0341796875
1 0.7421875 0.150390625 0.0146484375 0.0380859375
1 0.5107421875 0.0263671875 0.017578125 0.0517578125
1 0.74609375 0.0302734375 0.013671875 0.029296875
1 0.2333984375 0.0263671875 0.013671875 0.046875
1 0.2744140625 0.0263671875 0.0166015625 0.044921875
1 0.2021484375 0.2470703125 0.01171875 0.0556640625
0 0.669921875 0.2548828125 0.025390625 0.1484375
2 0.884765625 0.8212890625 0.0615234375 0.3466796875
1 0.783203125 0.1796875 0.013671875 0.02734375
1 0.49609375 0.111328125 0.0107421875 0.0380859375
0 0.60546875 0.083984375 0.0390625 0.07421875
0 0.5576171875 0.8056640625 0.17578125 0.3759765625
1 0.71484375 0.017578125 0.0126953125 0.03515625
1 0.49609375 0.017578125 0.01171875 0.0322265625
2 0.8271484375 0.240234375 0.09765625 0.1123046875