1 0.873046875 0.33203125 0.025390625 0.08203125
1 0.6435546875 0.1181640625 0.0166015625 0.052734375
1 0.58984375 0.017578125 0.0107421875 0.0283203125
0 0.623046875 0.0283203125 0.0380859375 0.056640625
0 0.5859375 0.1943359375 0.0673828125 0.140625
0 0.6982421875 0.1083984375 0.0546875 0.083984375
1 0.734375 0.140625 0.0234375 0.0556640625
0 0.7529296875 0.2080078125 0.0634765625 0.0947265625
0 0.541015625 0.1337890625 0.0595703125 0.1240234375
0 0.54296875 0.044921875 0.0537109375 0.0830078125
0 0.67578125 0.2265625 0.064453125 0.1494140625
2 0.775390625 0.3798828125 0.1298828125 0.2421875
1 0.7275390625 0.029296875 0.01953125 0.03125
1 0.5146484375 0.01953125 0.015625 0.0390625
2 0.638671875 0.4580078125 0.12890625 0.3076171875
1 0.6962890625 0.0234375 0.013671875 0.0458984375
0 0.2705078125 0.681640625 0.1416015625 0.3291015625
2 0.7705078125 0.7158203125 0.224609375 0.537109375
1 0.8408203125 0.388671875 0.017578125 0.0625
1 0.478515625 0.0087890625 0.0126953125 0.017578125
1 0.744140625 0.0263671875 0.017578125 0.0458984375
0 0.466796875 0.0908203125 0.052734375 0.0986328125
1 0.5146484375 0.0888671875 0.0107421875 0.056640625
1 0.869140625 0.4111328125 0.0341796875 0.0498046875
0 0.4853515625 0.705078125 0.1474609375 0.388671875
1 0.6650390625 0.021484375 0.013671875 0.04296875
0 0.3193359375 0.4697265625 0.1015625 0.2646484375
1 0.7587890625 0.0341796875 0.009765625 0.029296875
1 0.76171875 0.150390625 0.0205078125 0.0380859375