1 0.7080078125 0.150390625 0.0205078125 0.060546875
1 0.47265625 0.0341796875 0.013671875 0.044921875
1 0.416015625 0.0810546875 0.017578125 0.0634765625
1 0.7109375 0.310546875 0.0302734375 0.0830078125
1 0.5185546875 0.53515625 0.0458984375 0.1640625
1 0.388671875 0.0224609375 0.0185546875 0.03125
1 0.841796875 0.3291015625 0.0322265625 0.0869140625
0 0.6357421875 0.1865234375 0.06640625 0.115234375
0 0.576171875 0.0224609375 0.0263671875 0.044921875
1 0.826171875 0.271484375 0.0166015625 0.0625
0 0.6044921875 0.029296875 0.044921875 0.05859375
0 0.775390625 0.2978515625 0.0947265625 0.1552734375
0 0.53515625 0.18359375 0.0654296875 0.1455078125
0 0.513671875 0.0419921875 0.0390625 0.0751953125
1 0.6884765625 0.025390625 0.0146484375 0.0458984375
1 0.599609375 0.09765625 0.0107421875 0.0625
1 0.7841796875 0.5576171875 0.044921875 0.1181640625
1 0.869140625 0.3447265625 0.0244140625 0.046875
1 0.7841796875 0.220703125 0.01953125 0.0390625
1 0.6875 0.087890625 0.0146484375 0.04296875
0 0.376953125 0.095703125 0.0546875 0.1142578125
0 0.6455078125 0.3564453125 0.1015625 0.2333984375
0 0.4521484375 0.0927734375 0.0517578125 0.109375
0 0.64453125 0.6357421875 0.158203125 0.3720703125
0 0.87890625 0.4931640625 0.0771484375 0.265625
0 0.2705078125 0.619140625 0.1611328125 0.3994140625
0 0.3564453125 0.2734375 0.076171875 0.169921875
1 0.9033203125 0.333984375 0.0244140625 0.07421875
1 0.4443359375 0.0224609375 0.0146484375 0.0341796875
1 0.7294921875 0.029296875 0.0224609375 0.0361328125
0 0.556640625 0.01171875 0.015625 0.0234375
0 0.458984375 0.259765625 0.0771484375 0.1669921875
1 0.76171875 0.20703125 0.0224609375 0.03125
1 0.677734375 0.2119140625 0.0146484375 0.06640625
0 0.1142578125 0.138671875 0.0634765625 0.1201171875
1 0.7451171875 0.0234375 0.0166015625 0.046875
0 0.537109375 0.0908203125 0.0498046875 0.080078125
0 0.8388671875 0.8232421875 0.150390625 0.33203125
1 0.7080078125 0.1142578125 0.013671875 0.03515625
1 0.47265625 0.0712890625 0.009765625 0.0224609375