1 0.587890625 0.1494140625 0.0185546875 0.0654296875
1 0.52734375 0.25 0.033203125 0.052734375
1 0.4931640625 0.1513671875 0.0263671875 0.06640625
2 0.77734375 0.5732421875 0.2333984375 0.599609375
0 0.38671875 0.0537109375 0.048828125 0.0634765625
1 0.513671875 0.064453125 0.0185546875 0.07421875
1 0.4189453125 0.044921875 0.0205078125 0.0439453125
1 0.38671875 0.2724609375 0.0322265625 0.1005859375
0 0.5478515625 0.1806640625 0.0625 0.1328125
0 0.3544921875 0.150390625 0.068359375 0.10546875
1 0.7578125 0.25 0.052734375 0.056640625
1 0.3994140625 0.19921875 0.0419921875 0.0751953125
1 0.4794921875 0.3759765625 0.037109375 0.099609375
0 0.337890625 0.2587890625 0.0771484375 0.1572265625
0 0.6298828125 0.1455078125 0.0556640625 0.1142578125
1 0.400390625 0.0986328125 0.0283203125 0.0615234375
1 0.4345703125 0.03125 0.01953125 0.0517578125
0 0.5927734375 0.2734375 0.0771484375 0.177734375
0 0.4755859375 0.037109375 0.0400390625 0.07421875
1 0.3564453125 0.3720703125 0.0361328125 0.1162109375
1 0.9013671875 0.388671875 0.0302734375 0.07421875
0 0.47265625 0.2392578125 0.0791015625 0.1552734375
1 0.5986328125 0.0791015625 0.0166015625 0.0546875
1 0.453125 0.015625 0.013671875 0.03125
0 0.697265625 0.234375 0.080078125 0.1064453125
0 0.4404296875 0.1220703125 0.064453125 0.111328125
1 0.6025390625 0.16796875 0.015625 0.04296875
1 0.857421875 0.24609375 0.0234375 0.044921875
1 0.107421875 0.064453125 0.0166015625 0.0556640625
1 0.63671875 0.265625 0.017578125 0.056640625
0 0.2880859375 0.41796875 0.1142578125 0.2744140625
2 0.5478515625 0.060546875 0.0634765625 0.1201171875
0 0.419921875 0.544921875 0.125 0.353515625
2 0.7490234375 0.1689453125 0.0703125 0.1337890625
0 0.64453125 0.4150390625 0.05859375 0.25
1 0.6513671875 0.03125 0.013671875 0.0556640625
0 0.1025390625 0.1708984375 0.0400390625 0.11328125
1 0.2900390625 0.0126953125 0.017578125 0.025390625
0 0.5986328125 0.6728515625 0.140625 0.4130859375
2 0.8349609375 0.3115234375 0.1005859375 0.1953125
1 0.6650390625 0.2744140625 0.021484375 0.052734375
1 0.34765625 0.0361328125 0.021484375 0.0654296875
1 0.8720703125 0.3984375 0.0400390625 0.05078125
1 0.72265625 0.1865234375 0.0224609375 0.048828125
1 0.595703125 0.04296875 0.013671875 0.0390625
1 0.5087890625 0.232421875 0.013671875 0.05078125
1 0.58203125 0.03125 0.0087890625 0.03125
1 0.7431640625 0.029296875 0.01171875 0.0341796875
1 0.501953125 0.01953125 0.01171875 0.0390625
1 0.4306640625 0.208984375 0.02734375 0.04296875
0 0.2099609375 0.111328125 0.060546875 0.1005859375
1 0.4189453125 0.009765625 0.013671875 0.01953125
1 0.474609375 0.099609375 0.0166015625 0.0400390625
1 0.552734375 0.2529296875 0.0224609375 0.0478515625
1 0.30859375 0.0166015625 0.0234375 0.0322265625