1 0.6689453125 0.111328125 0.015625 0.0458984375
1 0.689453125 0.216796875 0.0244140625 0.0947265625
1 0.626953125 0.015625 0.0126953125 0.03125
1 0.6337890625 0.1455078125 0.0205078125 0.06640625
1 0.6728515625 0.0390625 0.0166015625 0.0341796875
1 0.60546875 0.015625 0.0126953125 0.03125
0 0.5791015625 0.0244140625 0.0390625 0.048828125
0 0.6484375 0.0498046875 0.04296875 0.064453125
1 0.7431640625 0.0322265625 0.0087890625 0.0244140625
0 0.712890625 0.14453125 0.060546875 0.1318359375
1 0.3310546875 0.4833984375 0.046875 0.158203125
0 0.1396484375 0.15234375 0.0693359375 0.1103515625
1 0.712890625 0.015625 0.01171875 0.03125