1 0.39453125 0.4599609375 0.04296875 0.1298828125
0 0.173828125 0.1533203125 0.068359375 0.1201171875
1 0.900390625 0.318359375 0.0322265625 0.08203125
0 0.2451171875 0.064453125 0.0537109375 0.0830078125
0 0.6064453125 0.048828125 0.033203125 0.0517578125
1 0.5791015625 0.107421875 0.0263671875 0.0537109375
1 0.7607421875 0.162109375 0.03515625 0.0517578125
0 0.5419921875 0.140625 0.05859375 0.125
0 0.6142578125 0.1103515625 0.048828125 0.078125
0 0.3720703125 0.134765625 0.064453125 0.111328125
0 0.703125 0.130859375 0.0478515625 0.0673828125
1 0.87109375 0.2822265625 0.0517578125 0.0625
0 0.515625 0.0224609375 0.0380859375 0.044921875
0 0.6767578125 0.2236328125 0.064453125 0.1474609375
1 0.4140625 0.2763671875 0.0361328125 0.0966796875
1 0.666015625 0.1123046875 0.0322265625 0.0703125
0 0.5859375 0.201171875 0.0693359375 0.150390625
0 0.486328125 0.4697265625 0.1171875 0.2421875
2 0.7705078125 0.3857421875 0.1337890625 0.25
1 0.8193359375 0.1923828125 0.02734375 0.064453125
0 0.1943359375 0.0341796875 0.048828125 0.044921875
1 0.1787109375 0.640625 0.05078125 0.1689453125
0 0.318359375 0.4619140625 0.109375 0.25390625
0 0.103515625 0.1474609375 0.04296875 0.083984375
2 0.6357421875 0.4560546875 0.1357421875 0.3125
0 0.4716796875 0.171875 0.0703125 0.125
0 0.126953125 0.08984375 0.0537109375 0.087890625
2 0.5703125 0.0341796875 0.0322265625 0.0673828125
0 0.484375 0.7177734375 0.146484375 0.380859375
0 0.2724609375 0.677734375 0.1474609375 0.322265625
1 0.740234375 0.1416015625 0.0166015625 0.0341796875
1 0.853515625 0.232421875 0.01953125 0.056640625
0 0.865234375 0.6640625 0.1015625 0.4072265625
1 0.396484375 0.234375 0.0185546875 0.068359375
0 0.26953125 0.0234375 0.033203125 0.0458984375
1 0.6748046875 0.037109375 0.0107421875 0.0263671875
0 0.6298828125 0.013671875 0.0263671875 0.02734375
0 0.435546875 0.01953125 0.0087890625 0.0390625
1 0.09375 0.8505859375 0.02734375 0.115234375
1 0.349609375 0.029296875 0.01171875 0.05859375