1 0.6181640625 0.3994140625 0.0361328125 0.12109375
1 0.8857421875 0.4462890625 0.05078125 0.0986328125
0 0.63671875 0.26953125 0.0703125 0.1572265625
1 0.740234375 0.3505859375 0.029296875 0.0732421875
0 0.53515625 0.341796875 0.091796875 0.201171875
1 0.6435546875 0.0224609375 0.0205078125 0.044921875
0 0.6962890625 0.08984375 0.0654296875 0.080078125
0 0.4208984375 0.1884765625 0.0673828125 0.15234375
0 0.5849609375 0.2158203125 0.0703125 0.1572265625
0 0.49609375 0.173828125 0.0595703125 0.138671875
1 0.693359375 0.298828125 0.0302734375 0.0537109375
0 0.4033203125 0.0302734375 0.044921875 0.05859375
1 0.6396484375 0.1708984375 0.017578125 0.05859375
0 0.3310546875 0.298828125 0.0986328125 0.19921875
2 0.5732421875 0.0830078125 0.0986328125 0.166015625
0 0.1484375 0.1953125 0.078125 0.125
0 0.5185546875 0.0537109375 0.03125 0.1025390625
0 0.8037109375 0.455078125 0.1064453125 0.2373046875
1 0.849609375 0.3955078125 0.0302734375 0.0625
2 0.45703125 0.056640625 0.0732421875 0.11328125
0 0.8623046875 0.6708984375 0.107421875 0.376953125
1 0.10546875 0.04296875 0.017578125 0.0537109375
0 0.6328125 0.0986328125 0.0322265625 0.0849609375
0 0.6826171875 0.443359375 0.09375 0.2509765625
1 0.673828125 0.0439453125 0.0126953125 0.0283203125
1 0.8564453125 0.458984375 0.0205078125 0.0576171875
1 0.7138671875 0.0166015625 0.013671875 0.033203125
0 0.5908203125 0.70703125 0.1416015625 0.3701171875
0 0.2666015625 0.025390625 0.0341796875 0.0498046875
1 0.48046875 0.484375 0.0283203125 0.0908203125
0 0.232421875 0.0224609375 0.029296875 0.04296875
1 0.3876953125 0.427734375 0.0341796875 0.125
1 0.2021484375 0.24609375 0.013671875 0.0546875
1 0.8974609375 0.3681640625 0.0224609375 0.0634765625
1 0.291015625 0.2548828125 0.0244140625 0.072265625
1 0.375 0.2578125 0.0224609375 0.0849609375
0 0.2353515625 0.6806640625 0.1533203125 0.375
1 0.4736328125 0.359375 0.03125 0.087890625
1 0.4453125 0.3671875 0.03125 0.0556640625
1 0.6435546875 0.396484375 0.0205078125 0.0888671875
0 0.677734375 0.2158203125 0.0400390625 0.103515625
1 0.310546875 0.181640625 0.0185546875 0.0498046875
1 0.12109375 0.0361328125 0.0146484375 0.0615234375