1 0.412109375 0.046875 0.01953125 0.048828125
1 0.6337890625 0.0224609375 0.01171875 0.037109375
2 0.77734375 0.57421875 0.234375 0.5927734375
1 0.7744140625 0.2646484375 0.0263671875 0.0361328125
1 0.35546875 0.3837890625 0.0322265625 0.09765625
0 0.38671875 0.0517578125 0.044921875 0.0625
1 0.4931640625 0.1669921875 0.0244140625 0.05859375
1 0.517578125 0.1015625 0.0185546875 0.068359375
1 0.5927734375 0.1640625 0.0244140625 0.048828125
0 0.546875 0.181640625 0.0615234375 0.1328125
0 0.3544921875 0.150390625 0.0693359375 0.103515625
1 0.4326171875 0.033203125 0.01953125 0.052734375
1 0.9052734375 0.396484375 0.0244140625 0.06640625
1 0.38671875 0.2822265625 0.033203125 0.1083984375
1 0.390625 0.1533203125 0.0234375 0.0625
1 0.7421875 0.251953125 0.025390625 0.048828125
0 0.47265625 0.23828125 0.0771484375 0.154296875
0 0.5947265625 0.2734375 0.0791015625 0.181640625
0 0.46484375 0.0712890625 0.044921875 0.080078125
0 0.337890625 0.255859375 0.078125 0.150390625
1 0.529296875 0.25 0.0361328125 0.0576171875
1 0.63671875 0.2685546875 0.01953125 0.05078125
0 0.279296875 0.0234375 0.0322265625 0.044921875
1 0.4970703125 0.0986328125 0.0185546875 0.0615234375
0 0.6298828125 0.1455078125 0.0546875 0.115234375
1 0.4794921875 0.3779296875 0.03515625 0.0966796875
0 0.1845703125 0.0576171875 0.041015625 0.0791015625
0 0.1162109375 0.1416015625 0.064453125 0.1015625
1 0.08984375 0.03125 0.0146484375 0.041015625
0 0.6982421875 0.232421875 0.080078125 0.1123046875
0 0.2890625 0.419921875 0.11328125 0.275390625
1 0.1708984375 0.1796875 0.0224609375 0.060546875
1 0.14453125 0.0224609375 0.0146484375 0.03515625
0 0.6455078125 0.4169921875 0.05859375 0.25390625
1 0.6640625 0.064453125 0.0166015625 0.0576171875
2 0.7197265625 0.140625 0.060546875 0.1298828125
1 0.4560546875 0.013671875 0.013671875 0.02734375
2 0.548828125 0.0615234375 0.064453125 0.1220703125
1 0.4990234375 0.05078125 0.0166015625 0.0478515625
0 0.41796875 0.5478515625 0.1279296875 0.353515625
1 0.4013671875 0.203125 0.041015625 0.064453125
2 0.8330078125 0.3125 0.09375 0.1962890625
1 0.8837890625 0.373046875 0.0205078125 0.0849609375
1 0.2587890625 0.009765625 0.0107421875 0.01953125
1 0.591796875 0.1015625 0.013671875 0.0537109375
1 0.662109375 0.279296875 0.029296875 0.0546875
0 0.5986328125 0.673828125 0.1416015625 0.416015625
1 0.5830078125 0.0341796875 0.0087890625 0.029296875
1 0.4296875 0.2099609375 0.029296875 0.0439453125
1 0.7431640625 0.0263671875 0.01171875 0.0380859375
1 0.3466796875 0.0341796875 0.01171875 0.0556640625
1 0.244140625 0.06640625 0.0146484375 0.0478515625
1 0.71484375 0.017578125 0.013671875 0.0341796875