1 0.6005859375 0.0322265625 0.0146484375 0.0419921875
1 0.6259765625 0.0205078125 0.01171875 0.029296875
1 0.63671875 0.2119140625 0.0263671875 0.0830078125
1 0.7431640625 0.0322265625 0.0087890625 0.025390625
1 0.638671875 0.072265625 0.017578125 0.0537109375
1 0.71484375 0.1279296875 0.0166015625 0.0546875
1 0.6435546875 0.033203125 0.0166015625 0.037109375
1 0.7138671875 0.0166015625 0.0126953125 0.0302734375
0 0.5087890625 0.0283203125 0.041015625 0.056640625
1 0.8505859375 0.35546875 0.0341796875 0.1337890625
0 0.8623046875 0.6748046875 0.1083984375 0.3681640625
0 0.4013671875 0.041015625 0.044921875 0.0751953125
0 0.2353515625 0.6796875 0.15234375 0.375
0 0.5908203125 0.70703125 0.1455078125 0.3720703125
2 0.7392578125 0.623046875 0.1513671875 0.466796875