1 0.6435546875 0.10546875 0.0146484375 0.04296875
1 0.703125 0.1396484375 0.0205078125 0.0458984375
2 0.7744140625 0.576171875 0.234375 0.6015625
0 0.546875 0.1171875 0.0546875 0.078125
0 0.3876953125 0.0576171875 0.0498046875 0.0703125
1 0.494140625 0.1669921875 0.0224609375 0.05078125
1 0.3876953125 0.1611328125 0.0244140625 0.080078125
1 0.5166015625 0.1064453125 0.01953125 0.0634765625
0 0.3525390625 0.1611328125 0.06640625 0.1083984375
1 0.263671875 0.0263671875 0.0146484375 0.03515625
0 0.4716796875 0.2421875 0.076171875 0.158203125
0 0.5908203125 0.2763671875 0.0830078125 0.1865234375
1 0.52734375 0.25 0.0244140625 0.0615234375
1 0.3935546875 0.259765625 0.0224609375 0.091796875
1 0.47265625 0.107421875 0.01953125 0.0615234375
1 0.3603515625 0.04296875 0.01953125 0.0400390625
1 0.1025390625 0.150390625 0.01953125 0.0634765625
1 0.791015625 0.166015625 0.0244140625 0.0576171875
1 0.4228515625 0.0400390625 0.013671875 0.0419921875
1 0.6357421875 0.267578125 0.01953125 0.05078125
1 0.7470703125 0.2509765625 0.029296875 0.0478515625
1 0.8984375 0.33203125 0.033203125 0.083984375
0 0.1103515625 0.05078125 0.0556640625 0.08203125
0 0.1884765625 0.0693359375 0.0849609375 0.099609375
0 0.47265625 0.0283203125 0.0390625 0.056640625
1 0.169921875 0.16015625 0.0234375 0.068359375
0 0.58984375 0.0576171875 0.0361328125 0.0888671875
1 0.7060546875 0.1064453125 0.0205078125 0.0341796875
0 0.2919921875 0.4169921875 0.1171875 0.275390625
1 0.48828125 0.08203125 0.0205078125 0.0546875
0 0.4404296875 0.1044921875 0.0625 0.091796875
1 0.236328125 0.1083984375 0.0185546875 0.05078125
1 0.478515625 0.369140625 0.0380859375 0.1015625
1 0.4541015625 0.013671875 0.013671875 0.0263671875
1 0.4931640625 0.1240234375 0.01953125 0.0478515625
1 0.40625 0.142578125 0.0146484375 0.0693359375
1 0.7421875 0.033203125 0.0087890625 0.0263671875
1 0.576171875 0.1259765625 0.0146484375 0.046875
1 0.873046875 0.38671875 0.0439453125 0.0732421875
0 0.419921875 0.552734375 0.126953125 0.3544921875
0 0.6416015625 0.4150390625 0.05859375 0.255859375
1 0.3544921875 0.3818359375 0.0322265625 0.0986328125
1 0.5126953125 0.0244140625 0.0185546875 0.0419921875
1 0.791015625 0.1240234375 0.01171875 0.0341796875
1 0.478515625 0.15625 0.017578125 0.0244140625
0 0.6962890625 0.2314453125 0.0791015625 0.103515625
0 0.599609375 0.6767578125 0.142578125 0.4208984375
1 0.712890625 0.017578125 0.0146484375 0.0341796875
1 0.8427734375 0.375 0.0283203125 0.08203125
1 0.1748046875 0.1025390625 0.0205078125 0.0498046875
1 0.6669921875 0.2734375 0.01953125 0.05078125
1 0.291015625 0.021484375 0.015625 0.04296875
2 0.7626953125 0.0263671875 0.041015625 0.052734375
2 0.89453125 0.69140625 0.0458984375 0.33203125