1 0.4794921875 0.0693359375 0.0166015625 0.052734375
1 0.447265625 0.2431640625 0.02734375 0.0888671875
1 0.64453125 0.0166015625 0.0146484375 0.029296875
1 0.626953125 0.1103515625 0.0166015625 0.044921875
1 0.447265625 0.4609375 0.0439453125 0.1337890625
0 0.5390625 0.0869140625 0.0478515625 0.08984375
1 0.5830078125 0.0087890625 0.0107421875 0.0166015625
1 0.16015625 0.025390625 0.013671875 0.0341796875
1 0.7138671875 0.017578125 0.01171875 0.0322265625
1 0.7431640625 0.029296875 0.009765625 0.02734375
2 0.6064453125 0.017578125 0.033203125 0.03515625