1 0.68359375 0.123046875 0.017578125 0.0517578125
1 0.76171875 0.2177734375 0.02734375 0.0791015625
2 0.6181640625 0.3779296875 0.1474609375 0.4873046875
1 0.505859375 0.1416015625 0.0166015625 0.056640625
1 0.6650390625 0.09765625 0.0166015625 0.052734375
0 0.5322265625 0.0498046875 0.04296875 0.09375
0 0.390625 0.1142578125 0.060546875 0.1162109375
0 0.458984375 0.0361328125 0.041015625 0.072265625
0 0.4775390625 0.2236328125 0.0771484375 0.185546875
1 0.486328125 0.0244140625 0.0126953125 0.046875
1 0.7421875 0.0302734375 0.0087890625 0.025390625
0 0.6796875 0.2255859375 0.0498046875 0.1455078125
0 0.46875 0.8818359375 0.1376953125 0.2333984375
0 0.23828125 0.7236328125 0.154296875 0.38671875
0 0.75 0.828125 0.1767578125 0.3310546875
1 0.7138671875 0.015625 0.0146484375 0.03125
0 0.546875 0.2236328125 0.01171875 0.0869140625
0 0.8984375 0.8671875 0.0380859375 0.248046875
2 0.662109375 0.009765625 0.04296875 0.01953125