1 0.455078125 0.0478515625 0.0166015625 0.0517578125
1 0.7060546875 0.1435546875 0.0205078125 0.056640625
1 0.83984375 0.2470703125 0.0205078125 0.0546875
1 0.8642578125 0.33203125 0.0263671875 0.1005859375
1 0.5107421875 0.025390625 0.0146484375 0.0439453125
1 0.7724609375 0.2431640625 0.017578125 0.0595703125
1 0.5791015625 0.0556640625 0.013671875 0.044921875
0 0.8212890625 0.328125 0.0908203125 0.19140625
0 0.7236328125 0.298828125 0.0859375 0.1708984375
0 0.361328125 0.193359375 0.0732421875 0.1708984375
0 0.533203125 0.345703125 0.0888671875 0.19140625
0 0.8623046875 0.6748046875 0.1083984375 0.3681640625
0 0.7412109375 0.6923828125 0.1494140625 0.322265625
0 0.2900390625 0.443359375 0.1142578125 0.287109375
0 0.5908203125 0.7119140625 0.140625 0.365234375
1 0.712890625 0.015625 0.013671875 0.03125
0 0.236328125 0.6787109375 0.15234375 0.376953125
0 0.681640625 0.44921875 0.09765625 0.2578125
0 0.6474609375 0.0537109375 0.04296875 0.083984375
0 0.4208984375 0.53125 0.1171875 0.2958984375