0 0.337890625 0.26953125 0.0810546875 0.1728515625
0 0.3876953125 0.0537109375 0.0517578125 0.0673828125
1 0.8447265625 0.4873046875 0.0361328125 0.115234375
1 0.390625 0.3193359375 0.0302734375 0.1015625
0 0.474609375 0.0439453125 0.048828125 0.078125
1 0.5068359375 0.228515625 0.0244140625 0.07421875
0 0.3515625 0.154296875 0.06640625 0.1044921875
0 0.44140625 0.1083984375 0.0615234375 0.1044921875
1 0.365234375 0.4462890625 0.0400390625 0.1162109375
0 0.658203125 0.12890625 0.056640625 0.10546875
0 0.5263671875 0.0654296875 0.0244140625 0.0849609375
1 0.4873046875 0.4306640625 0.0419921875 0.1201171875
0 0.4736328125 0.2900390625 0.08203125 0.19140625
1 0.55078125 0.6884765625 0.0625 0.2041015625
0 0.591796875 0.255859375 0.07421875 0.1494140625
1 0.7724609375 0.2666015625 0.03515625 0.0732421875
1 0.78515625 0.73828125 0.0576171875 0.1669921875
1 0.615234375 0.46875 0.044921875 0.1123046875
1 0.619140625 0.6044921875 0.0517578125 0.1103515625
1 0.537109375 0.4990234375 0.044921875 0.1337890625
1 0.7021484375 0.18359375 0.0224609375 0.041015625
0 0.275390625 0.0263671875 0.037109375 0.0498046875
0 0.67578125 0.251953125 0.076171875 0.1484375
0 0.4130859375 0.5712890625 0.12890625 0.3671875
1 0.634765625 0.021484375 0.017578125 0.0419921875
1 0.423828125 0.013671875 0.013671875 0.02734375
1 0.3935546875 0.1455078125 0.03515625 0.0859375
1 0.4150390625 0.21484375 0.0234375 0.0703125
1 0.89453125 0.5537109375 0.0400390625 0.1064453125
0 0.2841796875 0.447265625 0.1201171875 0.3017578125
1 0.73828125 0.759765625 0.052734375 0.181640625
2 0.5732421875 0.130859375 0.080078125 0.17578125
1 0.5029296875 0.0537109375 0.01953125 0.056640625
1 0.5341796875 0.1689453125 0.0224609375 0.1064453125
1 0.8154296875 0.953125 0.076171875 0.0791015625
0 0.869140625 0.794921875 0.0927734375 0.3994140625
0 0.7685546875 0.4140625 0.10546875 0.244140625
0 0.880859375 0.4150390625 0.0712890625 0.2314453125
1 0.7236328125 0.623046875 0.0478515625 0.0927734375
1 0.8193359375 0.3798828125 0.0234375 0.0625
1 0.5458984375 0.3251953125 0.03125 0.095703125
1 0.3427734375 0.4189453125 0.0126953125 0.0556640625
2 0.23046875 0.06640625 0.0546875 0.1259765625
1 0.5478515625 0.23828125 0.0224609375 0.0625
1 0.3076171875 0.2744140625 0.02734375 0.0537109375
0 0.234375 0.923828125 0.2216796875 0.146484375
0 0.1591796875 0.013671875 0.0341796875 0.02734375
1 0.3857421875 0.2158203125 0.0244140625 0.0771484375