1 0.814453125 0.3330078125 0.0341796875 0.0576171875
1 0.64453125 0.03515625 0.015625 0.046875
1 0.619140625 0.3955078125 0.033203125 0.1162109375
0 0.3837890625 0.1220703125 0.0546875 0.1357421875
1 0.6767578125 0.09375 0.03515625 0.04296875
2 0.736328125 0.220703125 0.091796875 0.2158203125
1 0.884765625 0.466796875 0.0341796875 0.064453125
1 0.73828125 0.353515625 0.02734375 0.0693359375
1 0.8544921875 0.42578125 0.0263671875 0.0869140625
0 0.5322265625 0.3427734375 0.08984375 0.2001953125
0 0.6328125 0.26953125 0.0771484375 0.1689453125
0 0.4912109375 0.1708984375 0.0595703125 0.1396484375
0 0.10546875 0.056640625 0.048828125 0.08203125
0 0.7509765625 0.111328125 0.04296875 0.05078125
0 0.291015625 0.44140625 0.1181640625 0.28125
2 0.5712890625 0.0830078125 0.095703125 0.166015625
1 0.6923828125 0.3017578125 0.029296875 0.052734375
1 0.646484375 0.087890625 0.01171875 0.0283203125
1 0.4951171875 0.0712890625 0.0166015625 0.0478515625
0 0.80078125 0.205078125 0.0634765625 0.1435546875
1 0.4794921875 0.4716796875 0.0322265625 0.107421875
0 0.861328125 0.6748046875 0.1083984375 0.3740234375
2 0.455078125 0.072265625 0.0859375 0.14453125
1 0.8759765625 0.376953125 0.0263671875 0.060546875
0 0.42578125 0.28515625 0.0859375 0.18359375
0 0.8037109375 0.4501953125 0.10546875 0.244140625
0 0.517578125 0.056640625 0.03125 0.111328125
1 0.8466796875 0.3525390625 0.0234375 0.07421875
0 0.1494140625 0.0185546875 0.048828125 0.037109375
1 0.712890625 0.0166015625 0.013671875 0.033203125
1 0.783203125 0.322265625 0.0244140625 0.044921875
0 0.6826171875 0.4453125 0.0927734375 0.2548828125
1 0.2900390625 0.255859375 0.02734375 0.06640625
0 0.5908203125 0.7119140625 0.140625 0.3662109375
1 0.3896484375 0.404296875 0.03515625 0.1044921875
1 0.2373046875 0.0087890625 0.0107421875 0.0166015625
1 0.310546875 0.1826171875 0.017578125 0.046875
1 0.375 0.2509765625 0.01953125 0.0712890625
0 0.2353515625 0.6806640625 0.15234375 0.3759765625
1 0.44140625 0.3603515625 0.0322265625 0.06640625
1 0.6318359375 0.041015625 0.0107421875 0.03125
1 0.759765625 0.3203125 0.015625 0.0478515625
0 0.4189453125 0.53515625 0.119140625 0.3046875
1 0.7421875 0.0322265625 0.0087890625 0.02734375
0 0.0908203125 0.275390625 0.0185546875 0.1025390625
0 0.3369140625 0.2724609375 0.08203125 0.1630859375
0 0.7412109375 0.6884765625 0.1494140625 0.330078125