1 0.3935546875 0.44921875 0.046875 0.1494140625
1 0.8818359375 0.291015625 0.0390625 0.0615234375
0 0.5380859375 0.1376953125 0.0595703125 0.1220703125
1 0.392578125 0.107421875 0.0234375 0.0869140625
0 0.3994140625 0.033203125 0.0390625 0.0654296875
1 0.3935546875 0.255859375 0.0234375 0.083984375
2 0.3408203125 0.2822265625 0.111328125 0.2529296875
1 0.119140625 0.0439453125 0.01953125 0.0576171875
0 0.8662109375 0.3837890625 0.0830078125 0.1630859375
0 0.6279296875 0.166015625 0.0634765625 0.1279296875
1 0.095703125 0.060546875 0.017578125 0.0595703125
0 0.533203125 0.0546875 0.048828125 0.0810546875
0 0.484375 0.4619140625 0.1201171875 0.2373046875
1 0.4306640625 0.0234375 0.013671875 0.046875
0 0.568359375 0.03125 0.03515625 0.0625
0 0.60546875 0.060546875 0.0537109375 0.1005859375
0 0.681640625 0.2294921875 0.064453125 0.1533203125
1 0.5625 0.498046875 0.0498046875 0.15234375
0 0.7060546875 0.1103515625 0.0693359375 0.0869140625
1 0.4990234375 0.09375 0.0146484375 0.072265625
2 0.7705078125 0.3828125 0.126953125 0.2451171875
0 0.482421875 0.71484375 0.1474609375 0.3837890625
2 0.4638671875 0.0830078125 0.064453125 0.1513671875
2 0.4736328125 0.2783203125 0.09375 0.197265625
2 0.6435546875 0.474609375 0.1259765625 0.29296875
1 0.3876953125 0.330078125 0.0205078125 0.0947265625
0 0.8017578125 0.240234375 0.0888671875 0.1220703125
0 0.2236328125 0.017578125 0.0146484375 0.0322265625
1 0.1298828125 0.1181640625 0.0234375 0.087890625
2 0.7685546875 0.72265625 0.2177734375 0.5341796875
0 0.578125 0.3017578125 0.08203125 0.1708984375
0 0.5078125 0.0263671875 0.0234375 0.052734375
0 0.267578125 0.68359375 0.138671875 0.3095703125
1 0.392578125 0.1953125 0.0185546875 0.05859375
0 0.7294921875 0.193359375 0.0625 0.091796875
1 0.306640625 0.0185546875 0.015625 0.0361328125