1 0.685546875 0.259765625 0.0244140625 0.0751953125
1 0.7158203125 0.1337890625 0.0224609375 0.0625
1 0.5146484375 0.1357421875 0.0224609375 0.0751953125
1 0.6484375 0.041015625 0.0166015625 0.0400390625
1 0.431640625 0.3017578125 0.02734375 0.099609375
1 0.619140625 0.3916015625 0.0322265625 0.11328125
1 0.6083984375 0.05859375 0.017578125 0.0517578125
1 0.6259765625 0.1376953125 0.01953125 0.0673828125
1 0.5986328125 0.01953125 0.0185546875 0.0390625
0 0.5341796875 0.341796875 0.0849609375 0.1962890625
1 0.1787109375 0.123046875 0.013671875 0.0615234375
0 0.51953125 0.0400390625 0.0400390625 0.080078125
0 0.80078125 0.4521484375 0.1103515625 0.2333984375
0 0.4755859375 0.04296875 0.04296875 0.0849609375
0 0.55078125 0.0771484375 0.0478515625 0.0986328125
0 0.58203125 0.142578125 0.0556640625 0.123046875
0 0.2919921875 0.4384765625 0.1201171875 0.28125
1 0.71484375 0.0166015625 0.0146484375 0.0322265625
0 0.8623046875 0.6767578125 0.107421875 0.3720703125
1 0.58203125 0.0107421875 0.013671875 0.021484375
0 0.458984375 0.125 0.0576171875 0.1181640625
0 0.236328125 0.6767578125 0.154296875 0.3740234375
0 0.591796875 0.7109375 0.1416015625 0.3662109375
0 0.6826171875 0.4453125 0.09375 0.2529296875
0 0.4208984375 0.5283203125 0.1162109375 0.2939453125
1 0.48046875 0.46875 0.0302734375 0.11328125
1 0.7197265625 0.3486328125 0.0263671875 0.0576171875
0 0.7421875 0.6865234375 0.1484375 0.330078125
1 0.7451171875 0.0322265625 0.01171875 0.029296875
2 0.900390625 0.322265625 0.033203125 0.21875