1 0.40234375 0.357421875 0.029296875 0.0888671875
0 0.376953125 0.1435546875 0.0576171875 0.13671875
1 0.2900390625 0.2509765625 0.0244140625 0.0595703125
2 0.45703125 0.068359375 0.078125 0.1328125
2 0.7548828125 0.125 0.09765625 0.236328125
0 0.55859375 0.09765625 0.046875 0.0986328125
0 0.7294921875 0.3056640625 0.083984375 0.1591796875
0 0.4208984375 0.2138671875 0.0703125 0.1708984375
0 0.6181640625 0.275390625 0.0830078125 0.1904296875
1 0.513671875 0.0888671875 0.0234375 0.052734375
1 0.5048828125 0.4609375 0.0380859375 0.12890625
0 0.5927734375 0.16015625 0.0625 0.1318359375
1 0.5830078125 0.021484375 0.0107421875 0.0361328125
0 0.4892578125 0.171875 0.0673828125 0.130859375
0 0.1767578125 0.1416015625 0.0673828125 0.109375
0 0.2890625 0.4462890625 0.1201171875 0.2841796875
0 0.427734375 0.541015625 0.1201171875 0.3056640625
0 0.52734375 0.041015625 0.0478515625 0.0810546875
2 0.6533203125 0.1025390625 0.0830078125 0.205078125
1 0.80859375 0.287109375 0.0263671875 0.0625
1 0.3388671875 0.1708984375 0.0234375 0.0498046875
1 0.5205078125 0.12890625 0.0166015625 0.0498046875
0 0.1015625 0.2724609375 0.04296875 0.19140625
0 0.810546875 0.41796875 0.103515625 0.201171875
0 0.8564453125 0.6298828125 0.1171875 0.34765625
0 0.685546875 0.7197265625 0.1416015625 0.4296875
1 0.4365234375 0.126953125 0.0205078125 0.0263671875
1 0.3037109375 0.205078125 0.0244140625 0.044921875
0 0.1884765625 0.8193359375 0.1865234375 0.3505859375
0 0.177734375 0.0478515625 0.02734375 0.0546875
1 0.55078125 0.3046875 0.0166015625 0.0712890625
0 0.3740234375 0.0595703125 0.05078125 0.0625
0 0.3935546875 0.873046875 0.1865234375 0.2490234375
2 0.8916015625 0.4052734375 0.0537109375 0.25390625
2 0.6064453125 0.0126953125 0.0185546875 0.025390625