1 0.6552734375 0.0478515625 0.0126953125 0.04296875
2 0.7822265625 0.5693359375 0.248046875 0.609375
0 0.5400390625 0.1005859375 0.0537109375 0.1123046875
0 0.47265625 0.2451171875 0.0771484375 0.1640625
0 0.3388671875 0.2685546875 0.0791015625 0.169921875
1 0.48828125 0.099609375 0.015625 0.0546875
0 0.2890625 0.41796875 0.11328125 0.2783203125
0 0.6982421875 0.2412109375 0.0869140625 0.1162109375
0 0.544921875 0.3818359375 0.09375 0.2333984375
1 0.794921875 0.1630859375 0.025390625 0.0625
0 0.6435546875 0.4169921875 0.0634765625 0.25390625
0 0.4189453125 0.5498046875 0.126953125 0.3515625
1 0.6787109375 0.1015625 0.013671875 0.046875
0 0.138671875 0.09765625 0.0693359375 0.0986328125
0 0.6005859375 0.6767578125 0.140625 0.4130859375
0 0.626953125 0.134765625 0.0615234375 0.12109375
1 0.7138671875 0.0166015625 0.0126953125 0.033203125
2 0.4384765625 0.0908203125 0.0556640625 0.0537109375