0 0.3720703125 0.142578125 0.056640625 0.1474609375
1 0.33203125 0.171875 0.0302734375 0.0537109375
1 0.830078125 0.2763671875 0.0263671875 0.0751953125
1 0.763671875 0.21484375 0.0244140625 0.056640625
0 0.41796875 0.212890625 0.068359375 0.1650390625
0 0.58984375 0.1953125 0.0703125 0.1630859375
0 0.4775390625 0.1591796875 0.0693359375 0.1328125
0 0.328125 0.2958984375 0.0947265625 0.201171875
0 0.552734375 0.0478515625 0.0400390625 0.0869140625
2 0.453125 0.064453125 0.0771484375 0.125
0 0.51953125 0.0263671875 0.0361328125 0.0517578125
0 0.1650390625 0.0703125 0.048828125 0.0859375
0 0.509765625 0.328125 0.0859375 0.2109375
1 0.8974609375 0.3193359375 0.037109375 0.0634765625
1 0.2822265625 0.2705078125 0.02734375 0.0712890625
1 0.6484375 0.0322265625 0.0126953125 0.0361328125
1 0.3955078125 0.3271484375 0.037109375 0.1064453125
0 0.4228515625 0.4345703125 0.1025390625 0.244140625
0 0.6669921875 0.13671875 0.05859375 0.1171875
1 0.1162109375 0.03125 0.0146484375 0.033203125
1 0.865234375 0.35546875 0.0224609375 0.0361328125
2 0.6162109375 0.0615234375 0.0693359375 0.123046875
1 0.7119140625 0.0166015625 0.0146484375 0.033203125
1 0.7919921875 0.2822265625 0.0224609375 0.0810546875
0 0.724609375 0.1416015625 0.060546875 0.1181640625
1 0.69140625 0.09765625 0.0087890625 0.044921875
1 0.896484375 0.3623046875 0.0341796875 0.03515625
2 0.880859375 0.6455078125 0.07421875 0.544921875
0 0.0947265625 0.0712890625 0.0263671875 0.091796875
2 0.8056640625 0.4599609375 0.1005859375 0.279296875
0 0.2333984375 0.6787109375 0.154296875 0.3759765625
0 0.4091796875 0.693359375 0.1474609375 0.3779296875
0 0.7548828125 0.28125 0.076171875 0.125
1 0.1962890625 0.2470703125 0.017578125 0.056640625
2 0.646484375 0.5654296875 0.271484375 0.8486328125