1 0.3974609375 0.4541015625 0.0458984375 0.1416015625
0 0.1171875 0.1328125 0.0693359375 0.1162109375
0 0.6259765625 0.0361328125 0.052734375 0.072265625
1 0.896484375 0.3037109375 0.0390625 0.0703125
0 0.6162109375 0.107421875 0.0478515625 0.072265625
0 0.54296875 0.138671875 0.05859375 0.123046875
1 0.4208984375 0.28125 0.02734375 0.0888671875
1 0.162109375 0.8369140625 0.0576171875 0.19140625
0 0.373046875 0.1376953125 0.064453125 0.1162109375
1 0.5732421875 0.11328125 0.0166015625 0.041015625
0 0.69140625 0.1162109375 0.0634765625 0.0849609375
0 0.5166015625 0.02734375 0.033203125 0.0546875
0 0.873046875 0.380859375 0.0810546875 0.1552734375
0 0.587890625 0.2021484375 0.072265625 0.1474609375
0 0.48828125 0.4677734375 0.1181640625 0.24609375
0 0.2646484375 0.033203125 0.0419921875 0.0654296875
0 0.7236328125 0.2890625 0.0859375 0.16796875
2 0.34765625 0.287109375 0.109375 0.2705078125
1 0.865234375 0.287109375 0.0341796875 0.044921875
2 0.646484375 0.4609375 0.1357421875 0.3076171875
0 0.5732421875 0.033203125 0.03515625 0.06640625
1 0.3994140625 0.3037109375 0.0263671875 0.0810546875
1 0.755859375 0.1630859375 0.01953125 0.0400390625
0 0.1806640625 0.046875 0.0419921875 0.0791015625
2 0.4677734375 0.0830078125 0.064453125 0.1513671875
1 0.73828125 0.1396484375 0.025390625 0.03515625
0 0.8056640625 0.2392578125 0.0908203125 0.1259765625
1 0.419921875 0.0322265625 0.0126953125 0.046875
1 0.8828125 0.2568359375 0.0244140625 0.0537109375
1 0.591796875 0.08984375 0.0166015625 0.064453125
2 0.48046875 0.28515625 0.0927734375 0.212890625
0 0.2744140625 0.677734375 0.1474609375 0.328125
1 0.3125 0.0146484375 0.0146484375 0.0283203125
1 0.65625 0.0234375 0.01171875 0.0390625
0 0.23046875 0.021484375 0.0302734375 0.04296875
2 0.7744140625 0.724609375 0.22265625 0.53125
1 0.8564453125 0.2470703125 0.0224609375 0.056640625
1 0.1083984375 0.048828125 0.01953125 0.0576171875
1 0.8173828125 0.1923828125 0.01953125 0.04296875
1 0.78125 0.173828125 0.0263671875 0.03125
1 0.3505859375 0.029296875 0.01171875 0.056640625
1 0.3974609375 0.236328125 0.0205078125 0.0693359375
1 0.83984375 0.234375 0.0185546875 0.0537109375
1 0.2900390625 0.0126953125 0.021484375 0.025390625
1 0.5908203125 0.34765625 0.029296875 0.0927734375
0 0.21875 0.10546875 0.0478515625 0.0732421875
1 0.7451171875 0.0244140625 0.0166015625 0.0390625
1 0.41796875 0.228515625 0.0234375 0.0419921875