1 0.38671875 0.1162109375 0.0205078125 0.0625
1 0.572265625 0.017578125 0.013671875 0.03125
1 0.84765625 0.2822265625 0.0322265625 0.048828125
0 0.5341796875 0.0791015625 0.0458984375 0.0791015625
0 0.583984375 0.1962890625 0.0712890625 0.1455078125
1 0.3984375 0.216796875 0.0263671875 0.095703125
0 0.60546875 0.080078125 0.0517578125 0.0947265625
1 0.64453125 0.0146484375 0.01953125 0.029296875
1 0.7958984375 0.2412109375 0.025390625 0.076171875
2 0.4765625 0.2109375 0.083984375 0.23046875
1 0.396484375 0.515625 0.0458984375 0.1533203125
0 0.482421875 0.470703125 0.1171875 0.251953125
0 0.6748046875 0.224609375 0.0673828125 0.150390625
1 0.7705078125 0.23828125 0.0302734375 0.052734375
1 0.5556640625 0.009765625 0.009765625 0.01953125
2 0.771484375 0.3701171875 0.12109375 0.22265625
0 0.8681640625 0.3798828125 0.0830078125 0.15625
1 0.6982421875 0.025390625 0.01953125 0.041015625
2 0.638671875 0.4638671875 0.1337890625 0.31640625
0 0.3193359375 0.431640625 0.091796875 0.1904296875
0 0.2744140625 0.677734375 0.1484375 0.3271484375
0 0.5322265625 0.0263671875 0.0361328125 0.0517578125
2 0.76953125 0.7216796875 0.2197265625 0.537109375
0 0.6494140625 0.0673828125 0.056640625 0.0859375
1 0.908203125 0.4365234375 0.0166015625 0.109375
1 0.5126953125 0.0859375 0.0078125 0.0498046875
1 0.728515625 0.025390625 0.0234375 0.04296875
1 0.658203125 0.025390625 0.0087890625 0.0146484375
0 0.1015625 0.8759765625 0.0419921875 0.2333984375
1 0.7109375 0.017578125 0.0126953125 0.0341796875