1 0.654296875 0.1005859375 0.0166015625 0.04296875
1 0.6982421875 0.142578125 0.017578125 0.056640625
2 0.775390625 0.56640625 0.2294921875 0.611328125
1 0.6123046875 0.0166015625 0.01171875 0.0322265625
1 0.6806640625 0.13671875 0.0205078125 0.0546875
1 0.7626953125 0.240234375 0.0263671875 0.068359375
1 0.7421875 0.033203125 0.009765625 0.025390625
0 0.65625 0.1904296875 0.0703125 0.15234375
0 0.53515625 0.2705078125 0.076171875 0.16796875
1 0.583984375 0.0126953125 0.0107421875 0.025390625
1 0.48828125 0.439453125 0.03125 0.1181640625
1 0.6220703125 0.009765625 0.013671875 0.01953125
0 0.87890625 0.5185546875 0.0791015625 0.255859375
0 0.28515625 0.41796875 0.1103515625 0.283203125
1 0.6328125 0.02734375 0.0126953125 0.0439453125
0 0.52734375 0.052734375 0.048828125 0.09375
0 0.5693359375 0.4755859375 0.107421875 0.310546875
1 0.712890625 0.015625 0.013671875 0.03125
0 0.41796875 0.51953125 0.123046875 0.34375
1 0.6513671875 0.0634765625 0.0126953125 0.037109375
1 0.8427734375 0.291015625 0.0244140625 0.0576171875
0 0.4462890625 0.013671875 0.029296875 0.02734375
1 0.30859375 0.015625 0.0224609375 0.0302734375