1 0.802734375 0.2822265625 0.0302734375 0.0859375
1 0.759765625 0.2587890625 0.02734375 0.0810546875
1 0.591796875 0.0302734375 0.0146484375 0.0419921875
1 0.5341796875 0.2802734375 0.029296875 0.08984375
1 0.46484375 0.0625 0.017578125 0.04296875
1 0.4990234375 0.1376953125 0.0205078125 0.0693359375
0 0.556640625 0.1201171875 0.05859375 0.1181640625
0 0.4658203125 0.1494140625 0.0654296875 0.1435546875
2 0.736328125 0.671875 0.31640625 0.6396484375
0 0.33203125 0.3330078125 0.099609375 0.220703125
0 0.5 0.5654296875 0.1357421875 0.3896484375
0 0.4111328125 0.03125 0.0439453125 0.0625
0 0.509765625 0.017578125 0.0234375 0.03515625
0 0.634765625 0.3662109375 0.08984375 0.1279296875
0 0.3994140625 0.830078125 0.1982421875 0.326171875
1 0.7138671875 0.0166015625 0.013671875 0.033203125
2 0.63671875 0.0126953125 0.05859375 0.025390625