1 0.6201171875 0.044921875 0.0166015625 0.041015625
1 0.65625 0.1083984375 0.015625 0.0634765625
1 0.744140625 0.0322265625 0.0107421875 0.0263671875
1 0.6484375 0.0400390625 0.017578125 0.0458984375
0 0.8076171875 0.28125 0.1123046875 0.1708984375
1 0.6103515625 0.0166015625 0.01171875 0.0322265625
1 0.71484375 0.017578125 0.013671875 0.0322265625
0 0.8623046875 0.6748046875 0.1083984375 0.3671875
1 0.7578125 0.03125 0.0166015625 0.0322265625
0 0.236328125 0.6796875 0.1513671875 0.376953125
0 0.591796875 0.7060546875 0.14453125 0.373046875