1 0.5751953125 0.095703125 0.0166015625 0.0517578125
1 0.638671875 0.08984375 0.0185546875 0.0439453125
1 0.732421875 0.1962890625 0.0234375 0.0546875
1 0.6376953125 0.044921875 0.0205078125 0.0380859375
1 0.3740234375 0.12109375 0.0205078125 0.060546875
1 0.3974609375 0.162109375 0.021484375 0.0673828125
0 0.541015625 0.1376953125 0.0576171875 0.1240234375
0 0.6796875 0.0693359375 0.0478515625 0.0830078125
0 0.6083984375 0.052734375 0.0390625 0.0595703125
0 0.6357421875 0.1640625 0.0546875 0.1279296875
2 0.3447265625 0.2724609375 0.1103515625 0.23828125
1 0.6630859375 0.1181640625 0.0146484375 0.052734375
1 0.6904296875 0.138671875 0.01953125 0.046875
0 0.5380859375 0.0556640625 0.05078125 0.072265625
0 0.826171875 0.24609375 0.080078125 0.1162109375
0 0.8701171875 0.384765625 0.080078125 0.162109375
0 0.728515625 0.134765625 0.06640625 0.1064453125
2 0.642578125 0.458984375 0.1328125 0.3056640625
1 0.90234375 0.3193359375 0.02734375 0.0625
2 0.775390625 0.388671875 0.1279296875 0.263671875
1 0.763671875 0.2392578125 0.0205078125 0.041015625
2 0.4609375 0.041015625 0.05078125 0.0810546875
1 0.7197265625 0.1689453125 0.0166015625 0.046875
1 0.5927734375 0.1142578125 0.0205078125 0.0458984375
0 0.484375 0.46484375 0.1220703125 0.2412109375
0 0.10546875 0.1435546875 0.0458984375 0.1103515625
1 0.787109375 0.2421875 0.0234375 0.048828125
2 0.7705078125 0.7216796875 0.2197265625 0.5361328125
0 0.4736328125 0.1806640625 0.0791015625 0.1552734375
0 0.3193359375 0.4619140625 0.11328125 0.251953125
0 0.4853515625 0.7158203125 0.1484375 0.3798828125
0 0.2724609375 0.677734375 0.1474609375 0.3251953125
0 0.5830078125 0.30078125 0.0830078125 0.1796875
1 0.3916015625 0.3095703125 0.013671875 0.0546875
1 0.7314453125 0.0224609375 0.0244140625 0.04296875