1 0.791015625 0.3115234375 0.029296875 0.0888671875
1 0.8818359375 0.396484375 0.0361328125 0.1181640625
1 0.7724609375 0.2119140625 0.0224609375 0.0673828125
1 0.626953125 0.0263671875 0.017578125 0.041015625
1 0.7255859375 0.3583984375 0.03515625 0.103515625
1 0.8369140625 0.458984375 0.04296875 0.1455078125
0 0.482421875 0.0869140625 0.05078125 0.1162109375
1 0.7216796875 0.017578125 0.015625 0.0322265625
1 0.7421875 0.03125 0.013671875 0.0302734375
2 0.58203125 0.224609375 0.09765625 0.3046875
0 0.6396484375 0.4423828125 0.0986328125 0.234375
0 0.5302734375 0.1328125 0.0234375 0.103515625
0 0.5185546875 0.0205078125 0.037109375 0.041015625
0 0.4296875 0.02734375 0.04296875 0.0546875
0 0.509765625 0.8720703125 0.1650390625 0.25390625
0 0.8720703125 0.6875 0.091796875 0.35546875
0 0.25 0.6474609375 0.1484375 0.357421875
0 0.326171875 0.3154296875 0.0869140625 0.18359375
1 0.494140625 0.021484375 0.013671875 0.0380859375