1 0.3935546875 0.455078125 0.044921875 0.138671875
2 0.3447265625 0.28125 0.1044921875 0.2587890625
1 0.4189453125 0.27734375 0.0263671875 0.080078125
0 0.5400390625 0.140625 0.0595703125 0.1240234375
1 0.3955078125 0.275390625 0.0205078125 0.0498046875
0 0.369140625 0.138671875 0.0673828125 0.1162109375
0 0.6279296875 0.1689453125 0.0634765625 0.1240234375
0 0.6982421875 0.1259765625 0.0546875 0.0771484375
0 0.16015625 0.0888671875 0.0712890625 0.1064453125
1 0.5693359375 0.083984375 0.017578125 0.05078125
1 0.8984375 0.33203125 0.03515625 0.111328125
0 0.15234375 0.025390625 0.0458984375 0.048828125
1 0.7568359375 0.1630859375 0.0224609375 0.0380859375
1 0.3955078125 0.32421875 0.02734375 0.0673828125
0 0.53515625 0.048828125 0.0458984375 0.0654296875
0 0.67578125 0.224609375 0.06640625 0.1494140625
0 0.4853515625 0.466796875 0.1201171875 0.2421875
2 0.771484375 0.3896484375 0.1328125 0.2587890625
0 0.267578125 0.0244140625 0.0478515625 0.0478515625
0 0.6064453125 0.0693359375 0.0458984375 0.0869140625
1 0.8779296875 0.2568359375 0.0263671875 0.05859375
0 0.4716796875 0.1689453125 0.0703125 0.115234375
2 0.5693359375 0.0341796875 0.0302734375 0.0673828125
1 0.7412109375 0.0244140625 0.017578125 0.03515625
0 0.8017578125 0.240234375 0.08984375 0.125
1 0.8310546875 0.23828125 0.0224609375 0.048828125
1 0.7978515625 0.1767578125 0.0302734375 0.03125
2 0.6357421875 0.453125 0.138671875 0.3125
1 0.349609375 0.033203125 0.015625 0.0556640625
0 0.107421875 0.2958984375 0.052734375 0.171875
0 0.64453125 0.0498046875 0.0390625 0.044921875
0 0.5087890625 0.02734375 0.025390625 0.0546875
0 0.271484375 0.681640625 0.1474609375 0.3193359375
1 0.85546875 0.2548828125 0.0263671875 0.05078125
0 0.484375 0.7177734375 0.1455078125 0.3828125
0 0.1162109375 0.0234375 0.03515625 0.0458984375
2 0.7685546875 0.71875 0.2216796875 0.5361328125
1 0.82421875 0.201171875 0.021484375 0.0478515625
1 0.73828125 0.1376953125 0.0146484375 0.0361328125
1 0.900390625 0.27734375 0.017578125 0.0400390625
1 0.095703125 0.0986328125 0.0185546875 0.05859375
1 0.5478515625 0.009765625 0.017578125 0.01953125
1 0.3046875 0.0166015625 0.017578125 0.0322265625
0 0.1904296875 0.0146484375 0.013671875 0.029296875