1 0.615234375 0.1171875 0.0234375 0.0673828125
1 0.7314453125 0.1767578125 0.0224609375 0.068359375
1 0.58203125 0.115234375 0.0224609375 0.0478515625
1 0.62890625 0.0146484375 0.0146484375 0.0283203125
1 0.744140625 0.03125 0.0107421875 0.0263671875
1 0.8984375 0.4365234375 0.037109375 0.109375
1 0.71484375 0.0166015625 0.0146484375 0.033203125
0 0.86328125 0.67578125 0.1083984375 0.3662109375
0 0.2763671875 0.5 0.1240234375 0.2822265625
0 0.568359375 0.1962890625 0.06640625 0.146484375
0 0.576171875 0.431640625 0.099609375 0.23828125
2 0.7412109375 0.6171875 0.1484375 0.4521484375