2 0.779296875 0.57421875 0.251953125 0.6123046875
1 0.7919921875 0.1552734375 0.0244140625 0.080078125
1 0.7470703125 0.1904296875 0.0224609375 0.0595703125
1 0.529296875 0.0185546875 0.013671875 0.03515625
0 0.666015625 0.2109375 0.076171875 0.15234375
0 0.37109375 0.130859375 0.0576171875 0.111328125
0 0.28515625 0.41796875 0.1103515625 0.2841796875
0 0.435546875 0.060546875 0.0458984375 0.1025390625
0 0.416015625 0.548828125 0.12890625 0.3515625
0 0.4697265625 0.232421875 0.076171875 0.162109375
0 0.544921875 0.3818359375 0.095703125 0.2294921875
0 0.6416015625 0.4150390625 0.06640625 0.2587890625
0 0.59765625 0.67578125 0.13671875 0.419921875