1 0.609375 0.0224609375 0.01171875 0.037109375
1 0.685546875 0.142578125 0.01953125 0.0537109375
0 0.6484375 0.1611328125 0.05859375 0.123046875
1 0.80859375 0.2275390625 0.025390625 0.0654296875
0 0.6982421875 0.2587890625 0.0751953125 0.1630859375
0 0.58203125 0.0234375 0.033203125 0.0458984375
0 0.5576171875 0.109375 0.056640625 0.111328125
0 0.5185546875 0.0361328125 0.0400390625 0.0712890625
1 0.615234375 0.087890625 0.013671875 0.0361328125
0 0.3798828125 0.140625 0.0615234375 0.1201171875
2 0.6220703125 0.40234375 0.1259765625 0.3056640625
2 0.7705078125 0.3720703125 0.1142578125 0.2265625
1 0.62890625 0.017578125 0.013671875 0.0341796875
2 0.7548828125 0.1826171875 0.0712890625 0.146484375
2 0.27734375 0.5986328125 0.158203125 0.4931640625
1 0.70703125 0.1611328125 0.0166015625 0.037109375
1 0.732421875 0.025390625 0.0224609375 0.0380859375
0 0.4580078125 0.39453125 0.099609375 0.228515625
0 0.5625 0.234375 0.076171875 0.1552734375
2 0.7705078125 0.71875 0.224609375 0.5380859375
1 0.6962890625 0.0234375 0.0126953125 0.046875
1 0.552734375 0.0068359375 0.009765625 0.0126953125