2 0.779296875 0.5712890625 0.236328125 0.603515625
1 0.703125 0.0986328125 0.017578125 0.041015625
1 0.4169921875 0.0830078125 0.0146484375 0.0556640625
1 0.62890625 0.0751953125 0.0166015625 0.0478515625
1 0.6572265625 0.115234375 0.0185546875 0.04296875
0 0.466796875 0.1025390625 0.0546875 0.1064453125
1 0.7353515625 0.224609375 0.0234375 0.0380859375
0 0.544921875 0.3857421875 0.09375 0.23046875
0 0.6630859375 0.20703125 0.07421875 0.1552734375
0 0.28515625 0.41796875 0.1103515625 0.283203125
1 0.765625 0.220703125 0.0166015625 0.052734375
0 0.423828125 0.21875 0.068359375 0.205078125
0 0.4189453125 0.5517578125 0.126953125 0.3642578125
1 0.7890625 0.28125 0.02734375 0.0537109375
1 0.5009765625 0.640625 0.0478515625 0.150390625
0 0.59765625 0.677734375 0.1416015625 0.4150390625
1 0.857421875 0.3046875 0.029296875 0.0439453125
1 0.52734375 0.013671875 0.0126953125 0.0263671875
0 0.736328125 0.2568359375 0.0771484375 0.0439453125
1 0.7412109375 0.0322265625 0.0087890625 0.0263671875
1 0.712890625 0.0166015625 0.013671875 0.033203125
1 0.8935546875 0.3720703125 0.0234375 0.0693359375
1 0.7919921875 0.240234375 0.0166015625 0.044921875