2 0.78515625 0.5771484375 0.24609375 0.5986328125
1 0.6484375 0.1259765625 0.017578125 0.0478515625
0 0.5478515625 0.1806640625 0.0634765625 0.1357421875
1 0.4814453125 0.1123046875 0.02734375 0.0703125
0 0.3916015625 0.056640625 0.0537109375 0.0732421875
1 0.6943359375 0.1357421875 0.017578125 0.0595703125
1 0.12109375 0.0595703125 0.015625 0.0458984375
0 0.1044921875 0.125 0.0458984375 0.072265625
1 0.7431640625 0.244140625 0.021484375 0.0576171875
0 0.47265625 0.2421875 0.076171875 0.1572265625
0 0.35546875 0.1552734375 0.0693359375 0.1162109375
0 0.3408203125 0.26171875 0.080078125 0.15625
0 0.595703125 0.2744140625 0.076171875 0.18359375
1 0.3916015625 0.15625 0.0224609375 0.0673828125
1 0.7294921875 0.19921875 0.0244140625 0.0498046875
1 0.111328125 0.23828125 0.025390625 0.0634765625
1 0.244140625 0.013671875 0.0126953125 0.0263671875
1 0.6767578125 0.09765625 0.0146484375 0.0390625
1 0.494140625 0.15234375 0.0224609375 0.048828125
1 0.638671875 0.267578125 0.01953125 0.052734375
1 0.1640625 0.1396484375 0.01953125 0.041015625
0 0.4677734375 0.0625 0.0478515625 0.06640625
1 0.2890625 0.0205078125 0.013671875 0.033203125
1 0.361328125 0.0478515625 0.0205078125 0.0390625
1 0.427734375 0.05078125 0.013671875 0.03515625
1 0.89453125 0.3037109375 0.02734375 0.076171875
1 0.1826171875 0.1806640625 0.0146484375 0.0537109375
0 0.2919921875 0.416015625 0.11328125 0.2734375
1 0.1337890625 0.1884765625 0.0234375 0.0546875
1 0.515625 0.0634765625 0.01953125 0.091796875
1 0.3876953125 0.2607421875 0.01953125 0.0556640625
1 0.140625 0.12890625 0.0244140625 0.0615234375
1 0.7939453125 0.1630859375 0.0224609375 0.0625
1 0.6279296875 0.0693359375 0.0146484375 0.0478515625
1 0.1650390625 0.2236328125 0.0263671875 0.0751953125
1 0.74609375 0.03125 0.009765625 0.02734375
1 0.4794921875 0.365234375 0.03515625 0.0947265625
1 0.8701171875 0.2529296875 0.0419921875 0.060546875
1 0.0927734375 0.2001953125 0.0205078125 0.078125
1 0.62109375 0.0341796875 0.0205078125 0.0478515625
0 0.421875 0.548828125 0.1259765625 0.3564453125
1 0.3115234375 0.0146484375 0.0224609375 0.029296875
0 0.6396484375 0.419921875 0.0576171875 0.2451171875
1 0.8671875 0.369140625 0.0673828125 0.099609375
1 0.2265625 0.03515625 0.013671875 0.0478515625
1 0.4091796875 0.1337890625 0.013671875 0.0556640625
1 0.57421875 0.1201171875 0.0224609375 0.0625
0 0.599609375 0.673828125 0.140625 0.4189453125
1 0.5537109375 0.2451171875 0.0224609375 0.0576171875
1 0.6669921875 0.26953125 0.0224609375 0.056640625
0 0.3984375 0.0166015625 0.0322265625 0.0322265625
1 0.3125 0.1787109375 0.0302734375 0.0908203125
1 0.359375 0.3583984375 0.03515625 0.1220703125
1 0.7939453125 0.125 0.013671875 0.03515625
0 0.474609375 0.0185546875 0.037109375 0.037109375
1 0.1826171875 0.134765625 0.01171875 0.0537109375
1 0.427734375 0.205078125 0.03515625 0.0478515625
2 0.8955078125 0.6728515625 0.044921875 0.3408203125