0 0.544921875 0.138671875 0.0576171875 0.1201171875
1 0.162109375 0.1435546875 0.0205078125 0.0498046875
0 0.3720703125 0.142578125 0.0693359375 0.12890625
0 0.58984375 0.19921875 0.0712890625 0.1357421875
1 0.580078125 0.11328125 0.0205078125 0.04296875
2 0.1396484375 0.072265625 0.080078125 0.13671875
1 0.7685546875 0.1767578125 0.0205078125 0.046875
0 0.619140625 0.1103515625 0.048828125 0.0810546875
1 0.3916015625 0.5400390625 0.048828125 0.169921875
0 0.4931640625 0.5263671875 0.126953125 0.27734375
0 0.8759765625 0.39453125 0.076171875 0.18359375
0 0.5390625 0.044921875 0.04296875 0.0625
1 0.240234375 0.0380859375 0.015625 0.0390625
2 0.787109375 0.408203125 0.13671875 0.27734375
1 0.404296875 0.419921875 0.04296875 0.134765625
1 0.4228515625 0.021484375 0.0166015625 0.04296875
0 0.701171875 0.1259765625 0.0556640625 0.0751953125
0 0.2724609375 0.025390625 0.0400390625 0.0498046875
0 0.80859375 0.2392578125 0.0869140625 0.1220703125
0 0.484375 0.3037109375 0.09765625 0.21484375
2 0.6435546875 0.4599609375 0.138671875 0.3134765625
0 0.60546875 0.0361328125 0.04296875 0.072265625
0 0.3232421875 0.4599609375 0.1083984375 0.25
0 0.572265625 0.0322265625 0.029296875 0.0634765625
0 0.0947265625 0.201171875 0.029296875 0.1396484375
1 0.42578125 0.2705078125 0.0185546875 0.060546875
1 0.7841796875 0.1552734375 0.017578125 0.0458984375
1 0.595703125 0.1142578125 0.013671875 0.0439453125
2 0.46875 0.083984375 0.064453125 0.1533203125
1 0.2705078125 0.330078125 0.03515625 0.0908203125
0 0.2763671875 0.6748046875 0.1484375 0.3212890625
0 0.4931640625 0.80859375 0.16796875 0.376953125
2 0.7958984375 0.73828125 0.2294921875 0.5087890625
0 0.2109375 0.1162109375 0.0634765625 0.10546875
1 0.8466796875 0.2470703125 0.0205078125 0.0615234375
0 0.7373046875 0.1943359375 0.0634765625 0.08984375
1 0.1025390625 0.1083984375 0.0146484375 0.0439453125
1 0.3984375 0.310546875 0.033203125 0.0908203125
1 0.8720703125 0.2861328125 0.044921875 0.0478515625
0 0.513671875 0.0185546875 0.0234375 0.037109375
1 0.7509765625 0.1298828125 0.017578125 0.0546875
1 0.8349609375 0.2119140625 0.01953125 0.04296875
1 0.419921875 0.220703125 0.0263671875 0.0654296875
1 0.201171875 0.259765625 0.0244140625 0.0869140625
2 0.6533203125 0.05078125 0.05859375 0.1005859375