0 0.7255859375 0.17578125 0.0673828125 0.1142578125
0 0.6591796875 0.1728515625 0.0654296875 0.1318359375
1 0.7421875 0.0322265625 0.01171875 0.0263671875
1 0.68359375 0.1298828125 0.0146484375 0.048828125
1 0.58984375 0.0263671875 0.01953125 0.0517578125
1 0.6318359375 0.03125 0.0166015625 0.0419921875
1 0.630859375 0.0849609375 0.0166015625 0.0458984375
0 0.7568359375 0.37890625 0.111328125 0.2421875
0 0.560546875 0.5029296875 0.1044921875 0.2705078125
2 0.2333984375 0.685546875 0.267578125 0.6044921875
0 0.73046875 0.76953125 0.1826171875 0.416015625
1 0.7265625 0.10546875 0.017578125 0.041015625
1 0.654296875 0.095703125 0.0166015625 0.044921875
0 0.619140625 0.306640625 0.0830078125 0.185546875
1 0.798828125 0.3466796875 0.0263671875 0.0771484375
0 0.3232421875 0.3076171875 0.0986328125 0.205078125
0 0.4697265625 0.3037109375 0.0830078125 0.201171875
0 0.3798828125 0.0751953125 0.048828125 0.087890625
0 0.3583984375 0.15234375 0.0625 0.119140625
2 0.54296875 0.0791015625 0.0634765625 0.1572265625
0 0.5068359375 0.025390625 0.017578125 0.0498046875
1 0.712890625 0.0166015625 0.013671875 0.0322265625
0 0.8779296875 0.4111328125 0.076171875 0.3505859375
0 0.451171875 0.0166015625 0.0322265625 0.0322265625
0 0.447265625 0.146484375 0.0458984375 0.08984375
1 0.7587890625 0.033203125 0.0107421875 0.02734375
0 0.5703125 0.173828125 0.0556640625 0.12109375