1 0.7509765625 0.1669921875 0.01953125 0.0615234375
1 0.716796875 0.1826171875 0.017578125 0.0615234375
1 0.4267578125 0.0419921875 0.013671875 0.052734375
0 0.560546875 0.05078125 0.04296875 0.09375
0 0.6845703125 0.1806640625 0.0673828125 0.1337890625
0 0.6142578125 0.2109375 0.0732421875 0.1455078125
1 0.701171875 0.1064453125 0.0166015625 0.048828125
0 0.5234375 0.1044921875 0.056640625 0.1171875
1 0.48046875 0.046875 0.015625 0.048828125
1 0.7177734375 0.376953125 0.0322265625 0.1015625
0 0.6474609375 0.390625 0.1044921875 0.2412109375
0 0.7080078125 0.7109375 0.1650390625 0.37109375
1 0.6142578125 0.068359375 0.017578125 0.0673828125
0 0.8525390625 0.6328125 0.1259765625 0.3388671875
1 0.6005859375 0.01171875 0.009765625 0.0234375
0 0.8369140625 0.3515625 0.126953125 0.2294921875
1 0.587890625 0.048828125 0.0166015625 0.0615234375
2 0.130859375 0.095703125 0.099609375 0.19140625
1 0.7587890625 0.041015625 0.01171875 0.0361328125
0 0.345703125 0.2763671875 0.08203125 0.1962890625
1 0.736328125 0.025390625 0.0146484375 0.044921875
1 0.53125 0.0087890625 0.009765625 0.017578125
1 0.71484375 0.0166015625 0.015625 0.033203125