1 0.5517578125 0.0673828125 0.017578125 0.052734375
1 0.72265625 0.1611328125 0.0224609375 0.08203125
1 0.603515625 0.060546875 0.0166015625 0.0546875
0 0.65625 0.111328125 0.0615234375 0.130859375
1 0.595703125 0.1669921875 0.0185546875 0.0654296875
1 0.6845703125 0.11328125 0.015625 0.0546875
0 0.6328125 0.0234375 0.0361328125 0.046875
0 0.4462890625 0.111328125 0.0517578125 0.119140625
0 0.5791015625 0.0244140625 0.048828125 0.048828125
1 0.20703125 0.7509765625 0.0517578125 0.205078125
0 0.482421875 0.041015625 0.0419921875 0.080078125
1 0.7421875 0.0302734375 0.0087890625 0.02734375
0 0.427734375 0.705078125 0.1513671875 0.4638671875
1 0.6572265625 0.0107421875 0.021484375 0.021484375