1 0.5556640625 0.064453125 0.0185546875 0.048828125
1 0.650390625 0.072265625 0.013671875 0.0419921875
1 0.673828125 0.140625 0.0185546875 0.0380859375
1 0.7666015625 0.23046875 0.025390625 0.041015625
1 0.615234375 0.029296875 0.015625 0.041015625
1 0.6064453125 0.0087890625 0.013671875 0.017578125
1 0.7431640625 0.0322265625 0.0087890625 0.02734375
2 0.6904296875 0.3828125 0.1455078125 0.3818359375
1 0.75390625 0.1669921875 0.0224609375 0.05859375
1 0.587890625 0.01171875 0.017578125 0.0234375
1 0.4326171875 0.0244140625 0.0146484375 0.0361328125
0 0.611328125 0.154296875 0.0732421875 0.138671875
1 0.71875 0.0205078125 0.0146484375 0.02734375
0 0.4833984375 0.0478515625 0.0439453125 0.091796875
0 0.2958984375 0.3798828125 0.103515625 0.2744140625
0 0.419921875 0.4013671875 0.1025390625 0.263671875
1 0.896484375 0.4287109375 0.029296875 0.1005859375
0 0.8125 0.40625 0.099609375 0.251953125
0 0.423828125 0.7626953125 0.1669921875 0.4560546875
0 0.5087890625 0.0166015625 0.0302734375 0.0322265625