1 0.6953125 0.109375 0.0126953125 0.041015625
0 0.607421875 0.076171875 0.044921875 0.091796875
0 0.8544921875 0.6484375 0.1240234375 0.3505859375
0 0.7724609375 0.4482421875 0.1162109375 0.2509765625
2 0.8271484375 0.294921875 0.111328125 0.2021484375
0 0.6494140625 0.392578125 0.1025390625 0.2451171875
0 0.5830078125 0.2685546875 0.083984375 0.1943359375
0 0.705078125 0.7138671875 0.162109375 0.3740234375
2 0.3896484375 0.1396484375 0.080078125 0.2216796875
0 0.2744140625 0.5849609375 0.138671875 0.3662109375
1 0.6064453125 0.7880859375 0.0546875 0.15625
1 0.6162109375 0.0263671875 0.0146484375 0.03125
1 0.873046875 0.28125 0.0146484375 0.0419921875
0 0.4912109375 0.630859375 0.1328125 0.3271484375
0 0.4521484375 0.0166015625 0.033203125 0.0322265625
0 0.3896484375 0.029296875 0.0400390625 0.037109375