2 0.7734375 0.5712890625 0.2353515625 0.6064453125
0 0.3515625 0.169921875 0.0703125 0.1279296875
0 0.54296875 0.1787109375 0.060546875 0.130859375
0 0.623046875 0.060546875 0.0458984375 0.0751953125
1 0.599609375 0.0244140625 0.013671875 0.041015625
1 0.7919921875 0.1611328125 0.0234375 0.068359375
0 0.5390625 0.0849609375 0.0458984375 0.07421875
0 0.5869140625 0.2724609375 0.0908203125 0.181640625
0 0.435546875 0.1591796875 0.0654296875 0.1259765625
1 0.583984375 0.0849609375 0.01953125 0.05078125
1 0.416015625 0.017578125 0.01171875 0.03515625
0 0.3857421875 0.0517578125 0.0458984375 0.0712890625
1 0.67578125 0.119140625 0.0244140625 0.0478515625
1 0.65625 0.107421875 0.017578125 0.0498046875
0 0.1640625 0.0693359375 0.056640625 0.0888671875
0 0.642578125 0.4140625 0.0625 0.2509765625
0 0.419921875 0.2958984375 0.080078125 0.1484375
0 0.28515625 0.41796875 0.111328125 0.2783203125
0 0.41796875 0.5458984375 0.1279296875 0.3486328125
2 0.7177734375 0.1474609375 0.0576171875 0.1396484375
1 0.5732421875 0.0087890625 0.0126953125 0.0166015625
1 0.08984375 0.0673828125 0.015625 0.0439453125
0 0.595703125 0.677734375 0.142578125 0.416015625
1 0.47265625 0.35546875 0.0341796875 0.10546875
1 0.8271484375 0.3564453125 0.02734375 0.0537109375
1 0.5302734375 0.2509765625 0.0322265625 0.05078125
1 0.509765625 0.2890625 0.0283203125 0.103515625
1 0.6328125 0.0166015625 0.0107421875 0.0263671875
0 0.263671875 0.0263671875 0.0361328125 0.052734375
1 0.38671875 0.1474609375 0.017578125 0.0791015625
1 0.65234375 0.0732421875 0.0146484375 0.0341796875
1 0.126953125 0.021484375 0.0166015625 0.0400390625
2 0.759765625 0.025390625 0.044921875 0.05078125
2 0.88671875 0.6435546875 0.0615234375 0.4013671875
2 0.4365234375 0.083984375 0.05859375 0.041015625
2 0.66796875 0.2138671875 0.0654296875 0.1513671875