1 0.802734375 0.3095703125 0.0224609375 0.0673828125
1 0.6181640625 0.3955078125 0.0341796875 0.1181640625
1 0.884765625 0.291015625 0.0263671875 0.052734375
1 0.095703125 0.0576171875 0.013671875 0.044921875
1 0.6640625 0.0869140625 0.013671875 0.0400390625
1 0.140625 0.02734375 0.013671875 0.0341796875
1 0.1171875 0.0673828125 0.0166015625 0.05078125
1 0.6455078125 0.03125 0.0146484375 0.0390625
1 0.884765625 0.4658203125 0.03515625 0.0625
1 0.853515625 0.4375 0.0302734375 0.083984375
1 0.4794921875 0.46875 0.0322265625 0.1220703125
0 0.6376953125 0.275390625 0.07421875 0.158203125
0 0.427734375 0.283203125 0.083984375 0.177734375
1 0.6923828125 0.302734375 0.029296875 0.048828125
0 0.169921875 0.0634765625 0.0419921875 0.087890625
0 0.494140625 0.171875 0.0625 0.1396484375
0 0.33203125 0.296875 0.095703125 0.2021484375
2 0.7509765625 0.275390625 0.0791015625 0.1533203125
0 0.5341796875 0.3447265625 0.0908203125 0.2001953125
1 0.7392578125 0.36328125 0.02734375 0.046875
1 0.2900390625 0.2529296875 0.0244140625 0.072265625
2 0.5732421875 0.0849609375 0.095703125 0.169921875
0 0.802734375 0.4560546875 0.1083984375 0.24609375
0 0.68359375 0.443359375 0.091796875 0.251953125
0 0.513671875 0.0439453125 0.025390625 0.0859375
0 0.861328125 0.6708984375 0.1083984375 0.3779296875
0 0.265625 0.021484375 0.02734375 0.04296875
0 0.419921875 0.1572265625 0.05859375 0.1005859375
1 0.38671875 0.4345703125 0.0390625 0.1396484375
0 0.591796875 0.7099609375 0.142578125 0.3662109375
1 0.4453125 0.361328125 0.0341796875 0.0654296875
1 0.1220703125 0.029296875 0.01953125 0.0302734375
2 0.6318359375 0.0712890625 0.0419921875 0.091796875
0 0.236328125 0.677734375 0.15234375 0.375
1 0.7138671875 0.0166015625 0.0126953125 0.0322265625
1 0.8779296875 0.3623046875 0.033203125 0.072265625
1 0.787109375 0.2236328125 0.013671875 0.02734375
1 0.740234375 0.021484375 0.01171875 0.04296875
2 0.4619140625 0.0224609375 0.0537109375 0.044921875