0 0.7783203125 0.1904296875 0.076171875 0.1181640625
1 0.744140625 0.0322265625 0.009765625 0.0263671875
1 0.8291015625 0.349609375 0.0302734375 0.0947265625
1 0.8603515625 0.4228515625 0.0380859375 0.111328125
1 0.716796875 0.2001953125 0.025390625 0.0673828125
1 0.6708984375 0.134765625 0.021484375 0.0625
1 0.904296875 0.4169921875 0.025390625 0.091796875
1 0.6259765625 0.0263671875 0.0166015625 0.0400390625
2 0.611328125 0.1875 0.0751953125 0.22265625
1 0.583984375 0.0087890625 0.01171875 0.017578125
0 0.5537109375 0.076171875 0.0478515625 0.109375
0 0.4248046875 0.357421875 0.09375 0.2509765625
1 0.66796875 0.0537109375 0.015625 0.0615234375
0 0.3330078125 0.263671875 0.0986328125 0.1943359375
1 0.720703125 0.021484375 0.013671875 0.025390625
0 0.42578125 0.7607421875 0.1669921875 0.4580078125
0 0.466796875 0.015625 0.0302734375 0.03125