0 0.54296875 0.0556640625 0.0439453125 0.0849609375
1 0.4091796875 0.224609375 0.0244140625 0.0810546875
0 0.3369140625 0.2392578125 0.0869140625 0.1953125
0 0.3955078125 0.048828125 0.044921875 0.083984375
0 0.4560546875 0.3828125 0.0986328125 0.23046875
2 0.638671875 0.2822265625 0.12890625 0.34375
0 0.716796875 0.2470703125 0.05078125 0.1591796875
0 0.49609375 0.1572265625 0.0576171875 0.1279296875
1 0.357421875 0.451171875 0.0361328125 0.125
1 0.5966796875 0.0625 0.01953125 0.05078125
1 0.5732421875 0.017578125 0.0126953125 0.03125
1 0.3876953125 0.626953125 0.05078125 0.1728515625
1 0.775390625 0.1962890625 0.0234375 0.0732421875
0 0.515625 0.0263671875 0.0322265625 0.052734375
1 0.7919921875 0.703125 0.0576171875 0.1748046875
1 0.892578125 0.3984375 0.0478515625 0.1220703125
1 0.3505859375 0.8017578125 0.056640625 0.1630859375
0 0.5732421875 0.1259765625 0.0517578125 0.11328125
1 0.6484375 0.095703125 0.017578125 0.0458984375
1 0.6220703125 0.0869140625 0.0224609375 0.0537109375
1 0.15625 0.11328125 0.021484375 0.052734375
1 0.42578125 0.7392578125 0.064453125 0.1962890625
1 0.865234375 0.720703125 0.0673828125 0.216796875
1 0.59375 0.017578125 0.01171875 0.03515625
1 0.3974609375 0.3017578125 0.029296875 0.1181640625
0 0.205078125 0.8037109375 0.1767578125 0.376953125
1 0.6865234375 0.1337890625 0.021484375 0.0556640625
1 0.5380859375 0.1982421875 0.0205078125 0.0771484375
0 0.6396484375 0.6953125 0.1416015625 0.361328125
1 0.673828125 0.091796875 0.0185546875 0.048828125
0 0.1552734375 0.0244140625 0.044921875 0.048828125
2 0.4453125 0.037109375 0.029296875 0.0732421875
1 0.4033203125 0.48046875 0.025390625 0.0703125
1 0.51171875 0.9365234375 0.0576171875 0.1201171875
1 0.6171875 0.025390625 0.0234375 0.04296875
1 0.7431640625 0.0322265625 0.01171875 0.0283203125
1 0.3798828125 0.1806640625 0.0185546875 0.0625
0 0.8818359375 0.912109375 0.0751953125 0.16796875
1 0.3056640625 0.951171875 0.05078125 0.09765625
1 0.296875 0.2275390625 0.015625 0.068359375