1 0.6943359375 0.0966796875 0.01953125 0.041015625
1 0.7568359375 0.208984375 0.0205078125 0.052734375
1 0.4853515625 0.142578125 0.0234375 0.0634765625
1 0.6728515625 0.1015625 0.017578125 0.046875
1 0.7333984375 0.1591796875 0.0263671875 0.0498046875
1 0.6455078125 0.0234375 0.01171875 0.044921875
1 0.7001953125 0.1533203125 0.0234375 0.0615234375
1 0.669921875 0.2197265625 0.0185546875 0.0546875
0 0.607421875 0.0615234375 0.048828125 0.09375
1 0.46875 0.37890625 0.0380859375 0.1279296875
1 0.8017578125 0.271484375 0.0263671875 0.08203125
0 0.8525390625 0.380859375 0.107421875 0.2255859375
0 0.7294921875 0.2373046875 0.08203125 0.1328125
0 0.6171875 0.1796875 0.06640625 0.1513671875
0 0.5517578125 0.2958984375 0.0927734375 0.19921875
1 0.857421875 0.275390625 0.025390625 0.048828125
0 0.513671875 0.0791015625 0.0478515625 0.1005859375
1 0.640625 0.0908203125 0.013671875 0.046875
1 0.7841796875 0.2373046875 0.0166015625 0.0654296875
1 0.8251953125 0.232421875 0.01953125 0.056640625
0 0.4482421875 0.05859375 0.044921875 0.0869140625
0 0.392578125 0.1025390625 0.05078125 0.1005859375
0 0.5126953125 0.0205078125 0.0361328125 0.041015625
1 0.6337890625 0.033203125 0.01171875 0.03515625
0 0.5751953125 0.0146484375 0.029296875 0.029296875
1 0.7216796875 0.1015625 0.0166015625 0.044921875
1 0.73046875 0.0244140625 0.0224609375 0.0341796875
0 0.4169921875 0.01953125 0.0400390625 0.0380859375
1 0.69140625 0.021484375 0.01171875 0.04296875
0 0.357421875 0.2294921875 0.08203125 0.1787109375
1 0.7451171875 0.029296875 0.0146484375 0.03515625
1 0.5615234375 0.599609375 0.0439453125 0.2236328125
1 0.83203125 0.2734375 0.017578125 0.03125
1 0.8330078125 0.5205078125 0.044921875 0.123046875
0 0.279296875 0.5400390625 0.1552734375 0.3740234375
1 0.8896484375 0.7294921875 0.0556640625 0.2783203125
1 0.8876953125 0.3291015625 0.01953125 0.068359375
0 0.48828125 0.736328125 0.158203125 0.4970703125
1 0.712890625 0.017578125 0.013671875 0.025390625
1 0.802734375 0.1875 0.017578125 0.04296875
1 0.9111328125 0.34765625 0.01171875 0.0849609375
2 0.7373046875 0.4794921875 0.14453125 0.3896484375