1 0.5947265625 0.02734375 0.0126953125 0.04296875
1 0.6357421875 0.09375 0.017578125 0.044921875
1 0.5693359375 0.0546875 0.015625 0.0517578125
1 0.6142578125 0.01953125 0.013671875 0.0390625
1 0.48828125 0.1220703125 0.021484375 0.0625
1 0.67578125 0.103515625 0.017578125 0.0498046875
2 0.775390625 0.572265625 0.236328125 0.603515625
1 0.5341796875 0.2236328125 0.021484375 0.08203125
1 0.529296875 0.150390625 0.0234375 0.0634765625
1 0.5078125 0.2001953125 0.0166015625 0.0576171875
0 0.5859375 0.2412109375 0.0791015625 0.1748046875
0 0.47265625 0.2412109375 0.0751953125 0.1591796875
1 0.791015625 0.205078125 0.02734375 0.072265625
0 0.3369140625 0.2685546875 0.080078125 0.169921875
1 0.7431640625 0.03125 0.0107421875 0.02734375
0 0.6962890625 0.2353515625 0.0859375 0.12890625
1 0.478515625 0.3681640625 0.0341796875 0.0888671875
0 0.2900390625 0.416015625 0.11328125 0.2763671875
1 0.8251953125 0.2890625 0.0283203125 0.103515625
0 0.6435546875 0.41796875 0.0634765625 0.255859375
1 0.47265625 0.0107421875 0.0107421875 0.021484375
0 0.5458984375 0.3837890625 0.095703125 0.2255859375
1 0.7138671875 0.017578125 0.013671875 0.0341796875
0 0.41796875 0.548828125 0.125 0.3486328125
0 0.6005859375 0.6796875 0.140625 0.41015625
1 0.4892578125 0.0810546875 0.017578125 0.03515625
1 0.4208984375 0.0087890625 0.009765625 0.017578125
1 0.3076171875 0.0146484375 0.017578125 0.029296875
1 0.5693359375 0.0224609375 0.009765625 0.0263671875
1 0.2919921875 0.015625 0.013671875 0.0302734375