1 0.5029296875 0.5400390625 0.041015625 0.1455078125
1 0.5087890625 0.2021484375 0.0263671875 0.0859375
1 0.5556640625 0.392578125 0.0400390625 0.1337890625
1 0.6513671875 0.2607421875 0.0263671875 0.08984375
0 0.3388671875 0.2685546875 0.0791015625 0.1728515625
0 0.47265625 0.2451171875 0.0771484375 0.166015625
0 0.548828125 0.185546875 0.060546875 0.1357421875
1 0.595703125 0.107421875 0.0146484375 0.0625
0 0.384765625 0.05078125 0.0517578125 0.0634765625
1 0.525390625 0.3427734375 0.033203125 0.10546875
1 0.4130859375 0.046875 0.017578125 0.0556640625
1 0.4765625 0.123046875 0.0205078125 0.05859375
0 0.5966796875 0.28515625 0.0849609375 0.19921875
1 0.5234375 0.107421875 0.0244140625 0.0712890625
0 0.1279296875 0.115234375 0.0673828125 0.1005859375
1 0.38671875 0.2763671875 0.0322265625 0.1162109375
1 0.5146484375 0.060546875 0.0185546875 0.0615234375
0 0.4755859375 0.033203125 0.041015625 0.06640625
1 0.5009765625 0.4033203125 0.037109375 0.0810546875
1 0.1083984375 0.0498046875 0.0146484375 0.0419921875
0 0.3544921875 0.1513671875 0.0693359375 0.11328125
1 0.7197265625 0.1845703125 0.0185546875 0.044921875
0 0.25 0.0576171875 0.0498046875 0.0859375
0 0.626953125 0.14453125 0.0634765625 0.119140625
1 0.6962890625 0.0966796875 0.0185546875 0.044921875
1 0.146484375 0.0224609375 0.0146484375 0.0390625
1 0.6953125 0.16796875 0.0205078125 0.046875
0 0.81640625 0.4521484375 0.13671875 0.24609375
1 0.4033203125 0.1162109375 0.0263671875 0.0751953125
1 0.7646484375 0.2802734375 0.0517578125 0.0859375
0 0.2822265625 0.4423828125 0.1181640625 0.294921875
1 0.578125 0.125 0.015625 0.0498046875
0 0.443359375 0.1123046875 0.064453125 0.111328125
0 0.7041015625 0.2822265625 0.08984375 0.1982421875
1 0.3583984375 0.4052734375 0.029296875 0.115234375
1 0.8017578125 0.306640625 0.025390625 0.0615234375
1 0.4931640625 0.111328125 0.0205078125 0.0673828125
0 0.5986328125 0.7138671875 0.150390625 0.3955078125
0 0.408203125 0.6943359375 0.1484375 0.43359375
1 0.6689453125 0.3564453125 0.0322265625 0.0908203125
0 0.3984375 0.015625 0.033203125 0.03125
0 0.1748046875 0.0537109375 0.029296875 0.0556640625
2 0.7705078125 0.193359375 0.0693359375 0.119140625
1 0.44921875 0.0166015625 0.0146484375 0.033203125
1 0.89453125 0.39453125 0.02734375 0.0986328125
1 0.5341796875 0.267578125 0.0205078125 0.05859375
1 0.77734375 0.2353515625 0.0205078125 0.0400390625
1 0.7197265625 0.017578125 0.0146484375 0.0283203125
1 0.65234375 0.0458984375 0.0126953125 0.0322265625
1 0.90234375 0.5078125 0.02734375 0.119140625
1 0.58203125 0.03125 0.0107421875 0.0341796875
1 0.75390625 0.3662109375 0.021484375 0.076171875
1 0.4306640625 0.208984375 0.029296875 0.041015625
1 0.7373046875 0.0283203125 0.01953125 0.033203125
1 0.49609375 0.0634765625 0.0166015625 0.0458984375
1 0.4130859375 0.19140625 0.0185546875 0.0498046875
1 0.63671875 0.0869140625 0.015625 0.01953125
2 0.8427734375 0.775390625 0.1416015625 0.4287109375
1 0.416015625 0.0126953125 0.009765625 0.025390625