0 0.166015625 0.0830078125 0.0625 0.103515625
1 0.85546875 0.361328125 0.04296875 0.142578125
1 0.3994140625 0.7373046875 0.060546875 0.208984375
0 0.3076171875 0.486328125 0.126953125 0.341796875
2 0.6865234375 0.1728515625 0.0986328125 0.2666015625
0 0.6083984375 0.2685546875 0.0791015625 0.1767578125
0 0.6494140625 0.46875 0.111328125 0.2939453125
1 0.1396484375 0.82421875 0.0830078125 0.3291015625
1 0.59375 0.0224609375 0.009765625 0.03515625
0 0.5654296875 0.1162109375 0.0556640625 0.1220703125
0 0.376953125 0.1298828125 0.04296875 0.1357421875
1 0.9052734375 0.4375 0.0244140625 0.1357421875
1 0.5791015625 0.0126953125 0.01171875 0.025390625
0 0.8603515625 0.7001953125 0.1142578125 0.3408203125
0 0.5283203125 0.0576171875 0.048828125 0.0947265625
0 0.8203125 0.498046875 0.115234375 0.205078125
0 0.796875 0.328125 0.095703125 0.1708984375
2 0.33203125 0.2119140625 0.09765625 0.2255859375
0 0.5849609375 0.8154296875 0.1865234375 0.361328125
1 0.51171875 0.6787109375 0.0537109375 0.1552734375
1 0.625 0.01171875 0.01171875 0.0234375
0 0.638671875 0.0654296875 0.0361328125 0.107421875
2 0.4765625 0.1875 0.1259765625 0.369140625
1 0.7421875 0.6796875 0.0625 0.1083984375
0 0.3837890625 0.0419921875 0.0537109375 0.0830078125
0 0.412109375 0.021484375 0.013671875 0.04296875