1 0.3896484375 0.4599609375 0.0390625 0.1337890625
2 0.3369140625 0.2861328125 0.109375 0.271484375
1 0.6240234375 0.0302734375 0.017578125 0.0390625
0 0.5380859375 0.1357421875 0.0595703125 0.125
0 0.6103515625 0.0947265625 0.044921875 0.0654296875
1 0.6865234375 0.048828125 0.0146484375 0.0322265625
0 0.630859375 0.1650390625 0.060546875 0.12890625
1 0.654296875 0.033203125 0.0166015625 0.0341796875
0 0.8662109375 0.3837890625 0.083984375 0.162109375
0 0.8544921875 0.2578125 0.091796875 0.1376953125
0 0.484375 0.4638671875 0.1162109375 0.2412109375
0 0.53125 0.0390625 0.0478515625 0.0771484375
0 0.6748046875 0.228515625 0.0615234375 0.150390625
0 0.6669921875 0.099609375 0.05078125 0.0927734375
1 0.7353515625 0.142578125 0.0185546875 0.0458984375
2 0.7744140625 0.396484375 0.1298828125 0.2734375
2 0.46484375 0.0849609375 0.068359375 0.169921875
2 0.138671875 0.1767578125 0.1025390625 0.1904296875
0 0.4833984375 0.71484375 0.1455078125 0.3837890625
1 0.5087890625 0.0673828125 0.0146484375 0.06640625
1 0.638671875 0.0322265625 0.013671875 0.0341796875
0 0.765625 0.205078125 0.0791015625 0.134765625
2 0.6328125 0.4580078125 0.1357421875 0.3154296875
1 0.4072265625 0.3603515625 0.0302734375 0.083984375
2 0.7685546875 0.7197265625 0.2177734375 0.5390625
0 0.2724609375 0.681640625 0.1455078125 0.3203125
0 0.6025390625 0.0361328125 0.0341796875 0.04296875
1 0.4296875 0.0771484375 0.0166015625 0.0615234375
1 0.8896484375 0.30078125 0.0234375 0.056640625
1 0.2041015625 0.466796875 0.0361328125 0.09375
2 0.1025390625 0.0478515625 0.044921875 0.087890625