1 0.7685546875 0.31640625 0.03515625 0.09765625
1 0.85546875 0.3251953125 0.0390625 0.115234375
0 0.5478515625 0.1240234375 0.0537109375 0.1103515625
1 0.7431640625 0.03125 0.0087890625 0.0263671875
0 0.861328125 0.6708984375 0.1083984375 0.3642578125
0 0.3193359375 0.3046875 0.0859375 0.1884765625
1 0.09375 0.0595703125 0.017578125 0.05859375
1 0.8505859375 0.2431640625 0.0166015625 0.0478515625
0 0.5185546875 0.0263671875 0.037109375 0.052734375
0 0.43359375 0.1455078125 0.0576171875 0.1279296875
1 0.7138671875 0.0166015625 0.0146484375 0.0322265625
1 0.6103515625 0.044921875 0.0146484375 0.0458984375
2 0.7373046875 0.6240234375 0.1474609375 0.455078125