1 0.400390625 0.5634765625 0.0498046875 0.1591796875
1 0.564453125 0.0888671875 0.0185546875 0.05859375
1 0.3681640625 0.1533203125 0.0263671875 0.0859375
1 0.8681640625 0.287109375 0.02734375 0.0380859375
0 0.5390625 0.134765625 0.05859375 0.123046875
0 0.5849609375 0.1962890625 0.0703125 0.1455078125
1 0.392578125 0.296875 0.029296875 0.103515625
1 0.5693359375 0.0205078125 0.0166015625 0.037109375
0 0.619140625 0.0234375 0.046875 0.046875
0 0.533203125 0.0615234375 0.0419921875 0.0634765625
0 0.6640625 0.08203125 0.05859375 0.09765625
1 0.8212890625 0.267578125 0.02734375 0.0673828125
1 0.6630859375 0.033203125 0.013671875 0.0322265625
1 0.58984375 0.087890625 0.0146484375 0.0595703125
0 0.4833984375 0.46484375 0.1162109375 0.2421875
2 0.7724609375 0.3798828125 0.125 0.2373046875
0 0.8671875 0.375 0.0810546875 0.1455078125
0 0.6767578125 0.228515625 0.0634765625 0.1494140625
0 0.2734375 0.6787109375 0.1455078125 0.326171875
0 0.482421875 0.71484375 0.1455078125 0.3779296875
2 0.638671875 0.45703125 0.1337890625 0.310546875
2 0.4755859375 0.2353515625 0.0830078125 0.2451171875
0 0.318359375 0.421875 0.087890625 0.177734375
2 0.76953125 0.720703125 0.220703125 0.5400390625
1 0.728515625 0.0302734375 0.0224609375 0.0400390625
0 0.6337890625 0.1669921875 0.0537109375 0.12109375
1 0.6435546875 0.033203125 0.009765625 0.0224609375
0 0.5322265625 0.017578125 0.029296875 0.03515625
1 0.802734375 0.2587890625 0.01953125 0.0556640625
1 0.7822265625 0.505859375 0.04296875 0.0849609375
1 0.5126953125 0.0908203125 0.0078125 0.0390625