1 0.6064453125 0.03125 0.015625 0.041015625
1 0.662109375 0.0966796875 0.015625 0.044921875
1 0.5654296875 0.0244140625 0.013671875 0.0390625
1 0.630859375 0.1337890625 0.0205078125 0.0673828125
1 0.716796875 0.1455078125 0.0205078125 0.05859375
1 0.62109375 0.4013671875 0.0322265625 0.1162109375
1 0.587890625 0.0126953125 0.01171875 0.025390625
1 0.74609375 0.265625 0.02734375 0.0654296875
1 0.78515625 0.3037109375 0.037109375 0.0693359375
1 0.77734375 0.2333984375 0.0234375 0.0625
1 0.76171875 0.2060546875 0.0205078125 0.0634765625
0 0.80078125 0.4560546875 0.109375 0.23046875
0 0.5341796875 0.341796875 0.087890625 0.197265625
0 0.4541015625 0.029296875 0.03515625 0.05859375
0 0.3291015625 0.29296875 0.0927734375 0.2060546875
0 0.5302734375 0.0849609375 0.0537109375 0.1044921875
1 0.755859375 0.1513671875 0.017578125 0.044921875
1 0.7509765625 0.3486328125 0.03125 0.0673828125
0 0.4833984375 0.109375 0.052734375 0.1201171875
0 0.5771484375 0.138671875 0.056640625 0.126953125
1 0.62109375 0.0205078125 0.0126953125 0.0341796875
1 0.71484375 0.015625 0.0126953125 0.03125
0 0.435546875 0.23828125 0.07421875 0.173828125
0 0.861328125 0.671875 0.1083984375 0.369140625
1 0.875 0.421875 0.046875 0.1162109375
0 0.6826171875 0.4443359375 0.091796875 0.251953125
0 0.1787109375 0.123046875 0.06640625 0.1044921875
1 0.7431640625 0.2109375 0.021484375 0.05859375
0 0.2353515625 0.677734375 0.15234375 0.3759765625
0 0.591796875 0.7080078125 0.1396484375 0.3623046875
0 0.4208984375 0.533203125 0.1181640625 0.298828125
1 0.7197265625 0.33984375 0.0302734375 0.0830078125
1 0.8017578125 0.2568359375 0.0224609375 0.052734375
0 0.7412109375 0.677734375 0.1513671875 0.3564453125
0 0.1884765625 0.0205078125 0.02734375 0.0390625
1 0.38671875 0.404296875 0.0322265625 0.1259765625
0 0.908203125 0.4970703125 0.01953125 0.10546875
1 0.48046875 0.478515625 0.029296875 0.0859375