1 0.7060546875 0.14453125 0.021484375 0.0732421875
0 0.625 0.0244140625 0.0341796875 0.0478515625
0 0.671875 0.2109375 0.0615234375 0.140625
1 0.580078125 0.021484375 0.013671875 0.037109375
2 0.642578125 0.458984375 0.1337890625 0.310546875
0 0.5205078125 0.0380859375 0.044921875 0.076171875
0 0.625 0.08984375 0.046875 0.078125
1 0.6513671875 0.0361328125 0.01953125 0.0439453125
0 0.5791015625 0.169921875 0.0673828125 0.1298828125
1 0.67578125 0.0361328125 0.0126953125 0.0302734375
1 0.7470703125 0.2275390625 0.0263671875 0.04296875
2 0.7744140625 0.3779296875 0.1240234375 0.2353515625
1 0.7060546875 0.095703125 0.017578125 0.044921875
0 0.330078125 0.3681640625 0.091796875 0.2177734375
2 0.771484375 0.71875 0.2216796875 0.541015625
1 0.7314453125 0.0244140625 0.01953125 0.033203125
1 0.5673828125 0.0712890625 0.0166015625 0.046875
1 0.6982421875 0.0224609375 0.013671875 0.04296875
2 0.8798828125 0.3837890625 0.0732421875 0.2412109375
1 0.7470703125 0.0244140625 0.013671875 0.044921875
0 0.2744140625 0.6796875 0.1474609375 0.330078125
0 0.58203125 0.298828125 0.0859375 0.1826171875
1 0.712890625 0.0166015625 0.0146484375 0.0263671875
1 0.099609375 0.076171875 0.01953125 0.087890625
1 0.5693359375 0.0361328125 0.013671875 0.0400390625
0 0.4853515625 0.6962890625 0.1474609375 0.3935546875
1 0.7978515625 0.259765625 0.0234375 0.052734375