1 0.6884765625 0.103515625 0.013671875 0.041015625
1 0.6328125 0.03125 0.01171875 0.044921875
1 0.1435546875 0.0244140625 0.0146484375 0.0390625
1 0.734375 0.169921875 0.01953125 0.0576171875
0 0.6728515625 0.2119140625 0.0771484375 0.138671875
0 0.7724609375 0.4521484375 0.1142578125 0.2509765625
1 0.5908203125 0.076171875 0.0146484375 0.046875
0 0.58203125 0.2685546875 0.0830078125 0.1982421875
1 0.107421875 0.0517578125 0.017578125 0.0556640625
0 0.8544921875 0.65234375 0.123046875 0.3564453125
0 0.6513671875 0.3916015625 0.103515625 0.2421875
1 0.6123046875 0.0302734375 0.013671875 0.048828125
0 0.455078125 0.3115234375 0.09375 0.2099609375
0 0.27734375 0.5810546875 0.1455078125 0.3662109375
0 0.70703125 0.7119140625 0.1650390625 0.3740234375
1 0.71484375 0.017578125 0.015625 0.0341796875
1 0.6455078125 0.2392578125 0.0166015625 0.0537109375
2 0.8408203125 0.3359375 0.10546875 0.1748046875
0 0.494140625 0.6328125 0.1298828125 0.326171875
1 0.7421875 0.0341796875 0.0087890625 0.0283203125
1 0.640625 0.0087890625 0.0166015625 0.017578125
2 0.666015625 0.0107421875 0.046875 0.021484375