1 0.3427734375 0.25 0.0283203125 0.076171875
0 0.4384765625 0.3515625 0.0888671875 0.2421875
1 0.76171875 0.1875 0.02734375 0.0576171875
1 0.384765625 0.296875 0.0302734375 0.095703125
1 0.48046875 0.5546875 0.048828125 0.16015625
2 0.6650390625 0.115234375 0.087890625 0.2294921875
1 0.5751953125 0.296875 0.02734375 0.0888671875
1 0.7138671875 0.1650390625 0.01953125 0.0556640625
0 0.376953125 0.1640625 0.0615234375 0.158203125
1 0.466796875 0.2265625 0.0244140625 0.080078125
0 0.6396484375 0.3212890625 0.0849609375 0.205078125
0 0.744140625 0.2431640625 0.0869140625 0.1376953125
1 0.791015625 0.1982421875 0.0244140625 0.0703125
0 0.591796875 0.1923828125 0.0673828125 0.14453125
1 0.3056640625 0.2421875 0.0224609375 0.0537109375
0 0.55078125 0.0556640625 0.044921875 0.087890625
0 0.3037109375 0.3974609375 0.1162109375 0.2607421875
2 0.4599609375 0.0908203125 0.087890625 0.181640625
0 0.5302734375 0.2978515625 0.08984375 0.1943359375
0 0.8408203125 0.267578125 0.0810546875 0.1357421875
0 0.7607421875 0.3671875 0.0859375 0.1552734375
0 0.7021484375 0.53125 0.1259765625 0.3154296875
0 0.814453125 0.8701171875 0.19140625 0.2470703125
1 0.34375 0.177734375 0.0185546875 0.0732421875
0 0.828125 0.5029296875 0.0947265625 0.2412109375
0 0.5595703125 0.6484375 0.142578125 0.404296875
1 0.7451171875 0.0322265625 0.0107421875 0.0263671875
1 0.1572265625 0.0166015625 0.0234375 0.0322265625
1 0.62109375 0.044921875 0.0126953125 0.033203125
1 0.15234375 0.08203125 0.015625 0.0498046875
2 0.1142578125 0.12109375 0.0634765625 0.23828125
1 0.7158203125 0.017578125 0.0166015625 0.03515625
2 0.900390625 0.3095703125 0.03125 0.23046875
1 0.3095703125 0.0166015625 0.0244140625 0.0322265625