0 0.5302734375 0.0751953125 0.0419921875 0.0986328125
1 0.5205078125 0.447265625 0.048828125 0.1513671875
0 0.380859375 0.123046875 0.05859375 0.1396484375
2 0.791015625 0.3251953125 0.123046875 0.3232421875
1 0.73828125 0.146484375 0.021484375 0.05078125
1 0.6533203125 0.0400390625 0.0244140625 0.056640625
1 0.6875 0.091796875 0.0166015625 0.0517578125
1 0.896484375 0.830078125 0.04296875 0.1884765625
1 0.7421875 0.03125 0.0107421875 0.02734375
0 0.3330078125 0.2939453125 0.0986328125 0.197265625
0 0.517578125 0.28515625 0.0751953125 0.181640625
1 0.888671875 0.6337890625 0.0537109375 0.1484375
1 0.712890625 0.017578125 0.013671875 0.033203125
1 0.876953125 0.435546875 0.0576171875 0.1337890625
1 0.5966796875 0.52734375 0.046875 0.1484375
0 0.42578125 0.369140625 0.091796875 0.2236328125
0 0.47265625 0.125 0.05078125 0.1142578125
0 0.814453125 0.8251953125 0.185546875 0.3388671875
2 0.615234375 0.1845703125 0.138671875 0.36328125
0 0.703125 0.23828125 0.060546875 0.1875
1 0.1181640625 0.05078125 0.015625 0.0595703125
1 0.2265625 0.0234375 0.009765625 0.03125
1 0.35546875 0.1435546875 0.017578125 0.0654296875
0 0.158203125 0.078125 0.0576171875 0.1083984375
0 0.7041015625 0.5322265625 0.1357421875 0.322265625
1 0.216796875 0.1044921875 0.0166015625 0.0771484375
1 0.4951171875 0.91015625 0.06640625 0.1708984375
1 0.5400390625 0.142578125 0.0205078125 0.072265625
1 0.3095703125 0.18359375 0.017578125 0.0478515625
1 0.5439453125 0.0244140625 0.013671875 0.02734375
0 0.2353515625 0.68359375 0.1513671875 0.373046875
0 0.4130859375 0.6630859375 0.138671875 0.3544921875
0 0.8623046875 0.2958984375 0.0634765625 0.1201171875
1 0.3076171875 0.0166015625 0.0244140625 0.0322265625
1 0.5595703125 0.0126953125 0.013671875 0.025390625
1 0.248046875 0.0224609375 0.025390625 0.03515625
1 0.1005859375 0.0498046875 0.0146484375 0.060546875
1 0.2900390625 0.251953125 0.025390625 0.0634765625
1 0.6279296875 0.0126953125 0.013671875 0.025390625
1 0.908203125 0.4912109375 0.017578125 0.134765625