1 0.6630859375 0.0634765625 0.029296875 0.0576171875
1 0.6162109375 0.4013671875 0.0322265625 0.107421875
1 0.8125 0.3046875 0.0322265625 0.0693359375
0 0.1357421875 0.0341796875 0.046875 0.0673828125
1 0.8818359375 0.4365234375 0.05859375 0.1005859375
0 0.4921875 0.1748046875 0.0615234375 0.1376953125
0 0.6318359375 0.267578125 0.076171875 0.15625
0 0.787109375 0.173828125 0.05078125 0.1064453125
0 0.53125 0.34375 0.0908203125 0.201171875
1 0.630859375 0.0322265625 0.01171875 0.03125
0 0.3818359375 0.11328125 0.052734375 0.115234375
0 0.2890625 0.4384765625 0.1142578125 0.271484375
0 0.62890625 0.11328125 0.037109375 0.0771484375
1 0.791015625 0.2705078125 0.0234375 0.0732421875
1 0.7353515625 0.359375 0.025390625 0.0546875
0 0.7998046875 0.4423828125 0.1044921875 0.2265625
0 0.4228515625 0.287109375 0.0849609375 0.1787109375
2 0.7470703125 0.2783203125 0.078125 0.1591796875
0 0.1416015625 0.1630859375 0.0791015625 0.1162109375
0 0.8603515625 0.669921875 0.111328125 0.37890625
1 0.4775390625 0.4697265625 0.03125 0.115234375
1 0.693359375 0.1142578125 0.0146484375 0.0439453125
2 0.5712890625 0.083984375 0.095703125 0.16796875
1 0.65625 0.029296875 0.013671875 0.0390625
1 0.8896484375 0.36328125 0.029296875 0.0654296875
1 0.5029296875 0.0703125 0.0205078125 0.05859375
1 0.287109375 0.2509765625 0.0263671875 0.0595703125
1 0.6953125 0.302734375 0.0380859375 0.0595703125
0 0.6806640625 0.4443359375 0.0947265625 0.25390625
1 0.091796875 0.125 0.0205078125 0.078125
1 0.8466796875 0.4267578125 0.0263671875 0.0693359375
1 0.7265625 0.1015625 0.0302734375 0.033203125
1 0.6484375 0.095703125 0.0146484375 0.048828125
1 0.8671875 0.314453125 0.044921875 0.0625
0 0.5869140625 0.7080078125 0.13671875 0.373046875
0 0.47265625 0.0888671875 0.0546875 0.0634765625
0 0.41796875 0.52734375 0.1201171875 0.306640625
0 0.2333984375 0.6826171875 0.15234375 0.3759765625
0 0.228515625 0.0166015625 0.0302734375 0.033203125
1 0.3076171875 0.18359375 0.0185546875 0.0458984375
0 0.4150390625 0.1767578125 0.0654296875 0.0869140625
1 0.3837890625 0.4052734375 0.0302734375 0.0986328125
0 0.4130859375 0.0712890625 0.02734375 0.0673828125
0 0.615234375 0.017578125 0.02734375 0.03515625
0 0.7421875 0.6904296875 0.1484375 0.3251953125