1 0.4228515625 0.0439453125 0.017578125 0.0439453125
0 0.38671875 0.0537109375 0.048828125 0.0625
2 0.7802734375 0.568359375 0.2421875 0.6005859375
0 0.544921875 0.1787109375 0.0625 0.126953125
1 0.615234375 0.0146484375 0.01171875 0.0283203125
0 0.3544921875 0.1474609375 0.0693359375 0.1103515625
1 0.44921875 0.015625 0.0126953125 0.03125
1 0.3994140625 0.201171875 0.0361328125 0.0751953125
1 0.43359375 0.0244140625 0.0126953125 0.04296875
1 0.53125 0.2470703125 0.0400390625 0.0546875
0 0.5888671875 0.2685546875 0.0771484375 0.1787109375
1 0.7392578125 0.1943359375 0.0185546875 0.060546875
0 0.3369140625 0.2607421875 0.0791015625 0.1552734375
0 0.4228515625 0.2998046875 0.0888671875 0.1630859375
0 0.46484375 0.0732421875 0.0458984375 0.0830078125
0 0.2041015625 0.1220703125 0.064453125 0.1044921875
1 0.5107421875 0.0712890625 0.017578125 0.0771484375
1 0.6455078125 0.0126953125 0.009765625 0.025390625
1 0.40234375 0.1376953125 0.0234375 0.080078125
1 0.9033203125 0.3955078125 0.0263671875 0.0634765625
0 0.29296875 0.4150390625 0.1181640625 0.2763671875
1 0.154296875 0.12109375 0.0146484375 0.0419921875
0 0.6279296875 0.1455078125 0.0556640625 0.1123046875
0 0.697265625 0.2294921875 0.076171875 0.09765625
0 0.4404296875 0.1611328125 0.0673828125 0.142578125
1 0.35546875 0.3818359375 0.0341796875 0.1015625
1 0.587890625 0.142578125 0.0224609375 0.0673828125
0 0.64453125 0.4130859375 0.0615234375 0.2568359375
1 0.583984375 0.0400390625 0.0166015625 0.0625
1 0.87109375 0.3828125 0.037109375 0.0791015625
0 0.41796875 0.5517578125 0.12890625 0.3486328125
1 0.759765625 0.263671875 0.0517578125 0.044921875
0 0.681640625 0.0888671875 0.0546875 0.1181640625
1 0.08984375 0.0751953125 0.015625 0.064453125
1 0.6357421875 0.263671875 0.0185546875 0.0556640625
1 0.478515625 0.3701171875 0.0390625 0.1025390625
1 0.0966796875 0.267578125 0.02734375 0.0703125
2 0.5498046875 0.056640625 0.0732421875 0.11328125
0 0.5986328125 0.6748046875 0.1435546875 0.416015625
1 0.35546875 0.033203125 0.0205078125 0.060546875
2 0.83203125 0.3095703125 0.0966796875 0.193359375
0 0.4736328125 0.01953125 0.0380859375 0.0390625
1 0.099609375 0.11328125 0.015625 0.03515625
1 0.140625 0.0126953125 0.01953125 0.025390625
1 0.505859375 0.0205078125 0.013671875 0.041015625
1 0.205078125 0.2412109375 0.0234375 0.0625
2 0.89453125 0.6904296875 0.044921875 0.3232421875