0 0.384765625 0.0537109375 0.048828125 0.064453125
0 0.3359375 0.271484375 0.0771484375 0.17578125
0 0.4716796875 0.2529296875 0.0791015625 0.1796875
0 0.5498046875 0.1376953125 0.052734375 0.107421875
1 0.8447265625 0.4814453125 0.0400390625 0.1162109375
0 0.3505859375 0.15234375 0.06640625 0.09765625
1 0.494140625 0.158203125 0.0234375 0.0634765625
1 0.8896484375 0.6083984375 0.0546875 0.1669921875
0 0.47265625 0.0361328125 0.04296875 0.072265625
1 0.5166015625 0.0869140625 0.0224609375 0.0810546875
0 0.6279296875 0.146484375 0.0546875 0.115234375
0 0.5712890625 0.3046875 0.0810546875 0.1962890625
1 0.431640625 0.03515625 0.01171875 0.0458984375
1 0.802734375 0.3671875 0.0244140625 0.0908203125
1 0.609375 0.2626953125 0.0244140625 0.1064453125
1 0.5244140625 0.248046875 0.0234375 0.0869140625
0 0.236328125 0.0693359375 0.0517578125 0.087890625
0 0.7392578125 0.138671875 0.05859375 0.107421875
1 0.7265625 0.244140625 0.0224609375 0.0615234375
0 0.1162109375 0.2373046875 0.0673828125 0.1591796875
1 0.59375 0.04296875 0.0107421875 0.0341796875
0 0.2822265625 0.4443359375 0.1201171875 0.2978515625
1 0.5712890625 0.1875 0.0234375 0.0498046875
1 0.6708984375 0.408203125 0.0322265625 0.0947265625
1 0.751953125 0.6171875 0.046875 0.1572265625
0 0.6796875 0.6669921875 0.154296875 0.39453125
1 0.548828125 0.685546875 0.064453125 0.197265625
1 0.583984375 0.0390625 0.009765625 0.0263671875
1 0.455078125 0.01953125 0.0107421875 0.03125
0 0.44140625 0.1201171875 0.06640625 0.1142578125
0 0.861328125 0.3662109375 0.1064453125 0.2236328125
1 0.396484375 0.126953125 0.033203125 0.0888671875
1 0.63671875 0.3095703125 0.0361328125 0.1015625
2 0.1220703125 0.0888671875 0.0830078125 0.158203125
0 0.7529296875 0.40234375 0.1162109375 0.26953125
1 0.3837890625 0.2392578125 0.029296875 0.0615234375
2 0.787109375 0.234375 0.078125 0.1640625
1 0.6484375 0.0576171875 0.013671875 0.0400390625
1 0.72265625 0.1953125 0.0224609375 0.048828125
1 0.708984375 0.1708984375 0.0166015625 0.044921875
1 0.7451171875 0.2626953125 0.025390625 0.04296875
0 0.6826171875 0.2333984375 0.0703125 0.1591796875
1 0.490234375 0.4267578125 0.0361328125 0.099609375
0 0.2939453125 0.8623046875 0.2421875 0.2646484375
1 0.49609375 0.0224609375 0.0126953125 0.044921875
1 0.5205078125 0.1875 0.025390625 0.0625
1 0.2802734375 0.265625 0.0263671875 0.064453125
1 0.806640625 0.3037109375 0.0263671875 0.0625
1 0.6201171875 0.0361328125 0.0126953125 0.0478515625
1 0.3564453125 0.4189453125 0.0302734375 0.1484375
1 0.744140625 0.0244140625 0.0107421875 0.0419921875
1 0.125 0.94921875 0.083984375 0.1015625
1 0.427734375 0.208984375 0.0283203125 0.0390625
1 0.380859375 0.1875 0.02734375 0.0595703125
1 0.486328125 0.07421875 0.017578125 0.0439453125
1 0.6484375 0.4365234375 0.0224609375 0.0654296875
1 0.47265625 0.103515625 0.0166015625 0.0419921875
1 0.7890625 0.310546875 0.017578125 0.044921875