1 0.6884765625 0.142578125 0.0224609375 0.046875
0 0.583984375 0.1982421875 0.0693359375 0.140625
1 0.7099609375 0.1494140625 0.0234375 0.0654296875
1 0.3916015625 0.4228515625 0.033203125 0.1103515625
1 0.8212890625 0.283203125 0.0244140625 0.0390625
0 0.6767578125 0.2236328125 0.06640625 0.146484375
0 0.5380859375 0.1357421875 0.0576171875 0.125
1 0.697265625 0.0234375 0.017578125 0.037109375
1 0.8974609375 0.341796875 0.0283203125 0.076171875
1 0.76171875 0.181640625 0.025390625 0.064453125
0 0.4833984375 0.4365234375 0.11328125 0.236328125
1 0.73046875 0.021484375 0.0244140625 0.0380859375
0 0.6064453125 0.0947265625 0.05078125 0.0849609375
0 0.4853515625 0.7099609375 0.142578125 0.380859375
0 0.26953125 0.681640625 0.142578125 0.32421875
2 0.47265625 0.0810546875 0.0595703125 0.146484375
0 0.7919921875 0.421875 0.0947265625 0.2021484375
2 0.6376953125 0.4560546875 0.1396484375 0.3154296875
2 0.76953125 0.720703125 0.22265625 0.5400390625
0 0.5712890625 0.0263671875 0.0234375 0.05078125
1 0.6494140625 0.05859375 0.015625 0.0595703125
1 0.91015625 0.3974609375 0.01171875 0.056640625
0 0.51953125 0.01953125 0.03515625 0.0390625
1 0.2041015625 0.517578125 0.0390625 0.15234375
0 0.3203125 0.46875 0.1015625 0.2607421875
0 0.6025390625 0.041015625 0.0400390625 0.0458984375
0 0.4765625 0.015625 0.03125 0.03125