1 0.763671875 0.2255859375 0.029296875 0.087890625
1 0.6455078125 0.15625 0.01953125 0.0498046875
2 0.6865234375 0.17578125 0.0703125 0.1787109375
1 0.67578125 0.3984375 0.0341796875 0.099609375
1 0.6357421875 0.23828125 0.033203125 0.0830078125
1 0.845703125 0.3427734375 0.0390625 0.1181640625
0 0.59765625 0.0546875 0.0546875 0.109375
1 0.6787109375 0.0107421875 0.017578125 0.021484375
1 0.7431640625 0.0322265625 0.009765625 0.0263671875
1 0.671875 0.0849609375 0.017578125 0.0263671875
0 0.4365234375 0.2197265625 0.0703125 0.177734375
0 0.451171875 0.1064453125 0.0634765625 0.1171875
0 0.4267578125 0.7548828125 0.1640625 0.4677734375
1 0.6201171875 0.013671875 0.01171875 0.02734375
1 0.6572265625 0.1904296875 0.013671875 0.05859375
0 0.513671875 0.015625 0.03515625 0.03125