1 0.8095703125 0.2509765625 0.0244140625 0.068359375
1 0.7412109375 0.1611328125 0.0205078125 0.0625
1 0.615234375 0.341796875 0.0380859375 0.1142578125
1 0.44921875 0.3486328125 0.03125 0.0849609375
1 0.640625 0.087890625 0.0166015625 0.048828125
1 0.5009765625 0.015625 0.0126953125 0.0302734375
1 0.421875 0.1337890625 0.0205078125 0.0712890625
1 0.17578125 0.083984375 0.0185546875 0.0625
1 0.712890625 0.017578125 0.0166015625 0.0341796875
0 0.7978515625 0.4560546875 0.111328125 0.2421875
0 0.328125 0.2998046875 0.0947265625 0.2021484375
2 0.12890625 0.1806640625 0.0947265625 0.1953125
0 0.470703125 0.0400390625 0.0400390625 0.080078125
0 0.5302734375 0.033203125 0.0380859375 0.0654296875
0 0.53515625 0.34375 0.0888671875 0.19140625
1 0.7001953125 0.306640625 0.029296875 0.046875
0 0.8603515625 0.673828125 0.1103515625 0.3681640625
0 0.58984375 0.078125 0.0419921875 0.0966796875
2 0.681640625 0.064453125 0.0576171875 0.1220703125
0 0.2353515625 0.6796875 0.15625 0.375
1 0.4873046875 0.015625 0.0087890625 0.0302734375
0 0.5908203125 0.7109375 0.142578125 0.3681640625
0 0.4228515625 0.5361328125 0.1171875 0.2978515625
0 0.681640625 0.447265625 0.0947265625 0.2548828125
0 0.90625 0.4951171875 0.021484375 0.115234375
1 0.7451171875 0.0283203125 0.0126953125 0.0400390625
2 0.2353515625 0.0546875 0.0498046875 0.109375