0 0.541015625 0.1376953125 0.0576171875 0.1201171875
2 0.3408203125 0.2763671875 0.0986328125 0.2470703125
1 0.1240234375 0.04296875 0.015625 0.0478515625
0 0.6103515625 0.1015625 0.0458984375 0.076171875
1 0.3759765625 0.703125 0.0595703125 0.185546875
1 0.4091796875 0.341796875 0.0361328125 0.109375
0 0.6845703125 0.2255859375 0.0634765625 0.14453125
0 0.5859375 0.1982421875 0.0712890625 0.1416015625
0 0.484375 0.462890625 0.1201171875 0.2412109375
0 0.5361328125 0.03125 0.0458984375 0.0595703125
0 0.8720703125 0.384765625 0.0849609375 0.169921875
1 0.80859375 0.2587890625 0.0390625 0.0771484375
0 0.7802734375 0.1904296875 0.0712890625 0.1337890625
2 0.7744140625 0.400390625 0.126953125 0.279296875
0 0.705078125 0.1337890625 0.048828125 0.111328125
1 0.5732421875 0.1123046875 0.017578125 0.0478515625
1 0.5673828125 0.064453125 0.015625 0.0390625
0 0.4853515625 0.7158203125 0.1455078125 0.3798828125
1 0.6572265625 0.2783203125 0.0244140625 0.0673828125
1 0.65234375 0.09375 0.0205078125 0.0458984375
0 0.2705078125 0.6826171875 0.1435546875 0.322265625
1 0.5380859375 0.2470703125 0.0263671875 0.0859375
2 0.46875 0.0908203125 0.0673828125 0.1796875
2 0.4794921875 0.28125 0.08984375 0.2021484375
2 0.640625 0.4638671875 0.1337890625 0.3095703125
1 0.19921875 0.541015625 0.0478515625 0.1708984375
2 0.76953125 0.7216796875 0.21875 0.537109375
0 0.603515625 0.0390625 0.0361328125 0.0576171875
1 0.822265625 0.2939453125 0.0166015625 0.0224609375
2 0.0947265625 0.2041015625 0.0263671875 0.169921875
1 0.6533203125 0.2138671875 0.01953125 0.0888671875