1 0.6875 0.1240234375 0.01953125 0.044921875
1 0.6103515625 0.0224609375 0.009765625 0.033203125
2 0.7802734375 0.568359375 0.244140625 0.6083984375
1 0.7470703125 0.2138671875 0.0244140625 0.060546875
0 0.591796875 0.271484375 0.0859375 0.1826171875
1 0.787109375 0.2880859375 0.017578125 0.0390625
0 0.3369140625 0.2705078125 0.0771484375 0.169921875
0 0.4716796875 0.2412109375 0.0791015625 0.1669921875
0 0.6923828125 0.2314453125 0.0888671875 0.13671875
1 0.79296875 0.1640625 0.0234375 0.06640625
1 0.53515625 0.2490234375 0.0224609375 0.044921875
1 0.123046875 0.04296875 0.01953125 0.0400390625
1 0.5166015625 0.232421875 0.0205078125 0.064453125
0 0.64453125 0.416015625 0.0625 0.2529296875
1 0.658203125 0.068359375 0.013671875 0.048828125
0 0.2861328125 0.416015625 0.1123046875 0.2822265625
1 0.3916015625 0.1123046875 0.0166015625 0.0712890625
1 0.0947265625 0.037109375 0.0166015625 0.044921875
1 0.4755859375 0.3642578125 0.0283203125 0.091796875
0 0.4189453125 0.546875 0.126953125 0.349609375
0 0.4404296875 0.05078125 0.04296875 0.0439453125
0 0.3525390625 0.1337890625 0.060546875 0.0830078125
0 0.599609375 0.681640625 0.140625 0.4052734375
0 0.4033203125 0.033203125 0.0537109375 0.064453125
2 0.119140625 0.193359375 0.076171875 0.2548828125
1 0.7421875 0.0322265625 0.009765625 0.0244140625
1 0.5166015625 0.1826171875 0.01953125 0.0517578125
0 0.4833984375 0.017578125 0.033203125 0.03515625
1 0.5068359375 0.3017578125 0.021484375 0.080078125
1 0.15625 0.01171875 0.0126953125 0.0234375
1 0.1162109375 0.013671875 0.0126953125 0.02734375
1 0.751953125 0.142578125 0.0146484375 0.0361328125
1 0.7119140625 0.0166015625 0.01171875 0.0322265625