1 0.3857421875 0.638671875 0.0576171875 0.18359375
0 0.5419921875 0.1376953125 0.05859375 0.123046875
2 0.34375 0.2744140625 0.10546875 0.24609375
0 0.607421875 0.044921875 0.037109375 0.0517578125
0 0.6826171875 0.2275390625 0.0625 0.1513671875
1 0.4033203125 0.3115234375 0.0390625 0.109375
0 0.537109375 0.0419921875 0.048828125 0.0732421875
1 0.576171875 0.09765625 0.0146484375 0.0595703125
1 0.8154296875 0.2529296875 0.0302734375 0.0703125
0 0.6328125 0.1640625 0.060546875 0.1259765625
0 0.87109375 0.380859375 0.0859375 0.158203125
0 0.486328125 0.4638671875 0.1181640625 0.2412109375
1 0.568359375 0.04296875 0.0146484375 0.0390625
1 0.7734375 0.2373046875 0.0263671875 0.0546875
1 0.638671875 0.0859375 0.0166015625 0.044921875
1 0.5107421875 0.0234375 0.017578125 0.0400390625
2 0.7783203125 0.3994140625 0.1318359375 0.283203125
2 0.46875 0.078125 0.0673828125 0.15234375
1 0.642578125 0.251953125 0.03125 0.091796875
0 0.7021484375 0.123046875 0.04296875 0.1064453125
2 0.642578125 0.4560546875 0.142578125 0.3095703125
1 0.1416015625 0.0322265625 0.02734375 0.0556640625
1 0.6533203125 0.1015625 0.01953125 0.0537109375
0 0.4853515625 0.71484375 0.1435546875 0.3779296875
1 0.5908203125 0.08984375 0.015625 0.0712890625
2 0.771484375 0.720703125 0.21875 0.5361328125
2 0.48046875 0.267578125 0.08984375 0.21875
1 0.529296875 0.2236328125 0.0234375 0.0927734375
0 0.275390625 0.6787109375 0.1484375 0.3291015625
1 0.71875 0.4052734375 0.0419921875 0.080078125
1 0.2041015625 0.552734375 0.0537109375 0.1875
0 0.5830078125 0.302734375 0.0849609375 0.1826171875
1 0.7392578125 0.20703125 0.013671875 0.0439453125
1 0.7421875 0.02734375 0.01953125 0.0400390625
1 0.2529296875 0.3271484375 0.0302734375 0.0888671875