1 0.5693359375 0.0517578125 0.013671875 0.0419921875
1 0.7666015625 0.197265625 0.0234375 0.072265625
1 0.505859375 0.177734375 0.0224609375 0.0703125
1 0.3955078125 0.1875 0.0234375 0.0849609375
0 0.73046875 0.2744140625 0.0830078125 0.1611328125
1 0.6298828125 0.0341796875 0.013671875 0.0390625
0 0.76953125 0.4306640625 0.12109375 0.2431640625
0 0.4599609375 0.19140625 0.0615234375 0.134765625
0 0.57421875 0.2294921875 0.078125 0.1728515625
0 0.6552734375 0.3916015625 0.1044921875 0.2421875
0 0.85546875 0.6513671875 0.12109375 0.34375
1 0.7158203125 0.0166015625 0.013671875 0.033203125
0 0.708984375 0.712890625 0.1650390625 0.3740234375
0 0.2783203125 0.5810546875 0.142578125 0.3662109375
1 0.3896484375 0.673828125 0.0439453125 0.19140625
1 0.7607421875 0.0283203125 0.0146484375 0.03515625
0 0.6630859375 0.1650390625 0.08984375 0.1201171875
1 0.7431640625 0.0322265625 0.0078125 0.02734375
1 0.68359375 0.916015625 0.111328125 0.15625