1 0.767578125 0.283203125 0.02734375 0.0712890625
0 0.341796875 0.2529296875 0.0791015625 0.1767578125
2 0.830078125 0.515625 0.169921875 0.39453125
0 0.4404296875 0.048828125 0.052734375 0.09765625
1 0.484375 0.03515625 0.01171875 0.0458984375
0 0.6982421875 0.755859375 0.1708984375 0.4462890625
0 0.28515625 0.4658203125 0.12109375 0.318359375
2 0.1904296875 0.7158203125 0.2255859375 0.5673828125
2 0.3759765625 0.0888671875 0.0625 0.169921875
0 0.6162109375 0.3759765625 0.0888671875 0.234375
0 0.5634765625 0.2060546875 0.0625 0.1396484375
0 0.5419921875 0.1162109375 0.0439453125 0.0546875
1 0.7431640625 0.029296875 0.0224609375 0.0439453125
2 0.482421875 0.5283203125 0.2060546875 0.484375
2 0.630859375 0.013671875 0.0927734375 0.02734375