1 0.3525390625 0.1865234375 0.025390625 0.0908203125
1 0.638671875 0.0869140625 0.0224609375 0.0537109375
1 0.724609375 0.1708984375 0.0263671875 0.0625
1 0.4130859375 0.0224609375 0.015625 0.041015625
0 0.5849609375 0.197265625 0.072265625 0.140625
0 0.5400390625 0.13671875 0.05859375 0.12109375
1 0.6474609375 0.033203125 0.01953125 0.0439453125
1 0.5615234375 0.0361328125 0.0146484375 0.046875
0 0.6787109375 0.0634765625 0.05859375 0.103515625
0 0.7685546875 0.208984375 0.0693359375 0.1123046875
1 0.375 0.7861328125 0.0595703125 0.21484375
0 0.6083984375 0.0986328125 0.048828125 0.083984375
0 0.8681640625 0.380859375 0.0830078125 0.1533203125
1 0.7470703125 0.1259765625 0.0244140625 0.0556640625
2 0.771484375 0.3876953125 0.1337890625 0.2587890625
0 0.484375 0.466796875 0.1181640625 0.2451171875
0 0.6806640625 0.224609375 0.06640625 0.158203125
1 0.6826171875 0.1279296875 0.033203125 0.0546875
2 0.634765625 0.4541015625 0.1337890625 0.3251953125
0 0.4833984375 0.71875 0.1455078125 0.3828125
0 0.271484375 0.681640625 0.14453125 0.3232421875
0 0.865234375 0.65625 0.1015625 0.40625
1 0.2021484375 0.5439453125 0.0478515625 0.1806640625
0 0.5380859375 0.0478515625 0.04296875 0.05859375
1 0.8212890625 0.267578125 0.0322265625 0.068359375
0 0.318359375 0.4638671875 0.1025390625 0.259765625
0 0.462890625 0.015625 0.03515625 0.03125
1 0.732421875 0.025390625 0.029296875 0.044921875