1 0.5634765625 0.0205078125 0.013671875 0.041015625
1 0.6904296875 0.0341796875 0.013671875 0.029296875
1 0.7158203125 0.18359375 0.0234375 0.048828125
1 0.4931640625 0.060546875 0.0185546875 0.0537109375
0 0.72265625 0.1337890625 0.0615234375 0.0947265625
0 0.5859375 0.1904296875 0.0732421875 0.1337890625
1 0.6484375 0.09375 0.0166015625 0.046875
0 0.5400390625 0.1376953125 0.0576171875 0.1201171875
0 0.6806640625 0.224609375 0.0673828125 0.1484375
1 0.396484375 0.51953125 0.0458984375 0.1318359375
1 0.7734375 0.2412109375 0.0263671875 0.0478515625
0 0.4853515625 0.4658203125 0.1162109375 0.236328125
2 0.7744140625 0.3994140625 0.1298828125 0.2744140625
0 0.607421875 0.0947265625 0.0498046875 0.08984375
0 0.5361328125 0.052734375 0.0458984375 0.0654296875
1 0.8125 0.232421875 0.021484375 0.0693359375
0 0.654296875 0.0322265625 0.048828125 0.060546875
1 0.6259765625 0.041015625 0.01171875 0.0322265625
2 0.3935546875 0.1025390625 0.06640625 0.1650390625
0 0.87109375 0.384765625 0.083984375 0.1650390625
1 0.787109375 0.1962890625 0.0244140625 0.056640625
0 0.470703125 0.1650390625 0.0712890625 0.1328125
2 0.640625 0.4609375 0.1357421875 0.31640625
0 0.4833984375 0.71484375 0.1474609375 0.3837890625
0 0.318359375 0.4697265625 0.1015625 0.26171875
2 0.76953125 0.720703125 0.2197265625 0.53515625
0 0.26953125 0.681640625 0.142578125 0.3232421875
1 0.783203125 0.1552734375 0.0166015625 0.044921875
1 0.1591796875 0.681640625 0.0576171875 0.2685546875
1 0.7109375 0.017578125 0.013671875 0.0322265625
1 0.09765625 0.0673828125 0.0146484375 0.0498046875
1 0.765625 0.1962890625 0.017578125 0.0390625
1 0.5146484375 0.095703125 0.009765625 0.0498046875
1 0.583984375 0.0751953125 0.009765625 0.0419921875
1 0.732421875 0.0185546875 0.01953125 0.037109375
2 0.8623046875 0.2412109375 0.0927734375 0.1474609375