0 0.5419921875 0.103515625 0.0517578125 0.1103515625
0 0.3505859375 0.28125 0.087890625 0.1669921875
1 0.67578125 0.2802734375 0.0234375 0.0751953125
0 0.6064453125 0.2587890625 0.083984375 0.1962890625
2 0.29296875 0.5556640625 0.1611328125 0.4912109375
0 0.6328125 0.029296875 0.0537109375 0.05859375
0 0.5029296875 0.06640625 0.0224609375 0.08203125
2 0.83203125 0.6259765625 0.169921875 0.623046875
0 0.625 0.13671875 0.0537109375 0.1083984375
1 0.587890625 0.0517578125 0.015625 0.044921875
0 0.646484375 0.5625 0.1328125 0.3583984375
0 0.4970703125 0.3291015625 0.0947265625 0.25
2 0.466796875 0.1201171875 0.0703125 0.2158203125
0 0.705078125 0.1826171875 0.06640625 0.1513671875
0 0.7294921875 0.419921875 0.0712890625 0.2314453125
0 0.5732421875 0.0166015625 0.0322265625 0.0322265625
1 0.435546875 0.2880859375 0.025390625 0.1005859375
2 0.384765625 0.0888671875 0.0634765625 0.1494140625
1 0.7158203125 0.0166015625 0.01171875 0.033203125
1 0.583984375 0.43359375 0.0224609375 0.099609375
1 0.4326171875 0.119140625 0.01171875 0.0615234375
0 0.53515625 0.0224609375 0.0400390625 0.044921875
0 0.4833984375 0.7744140625 0.1884765625 0.443359375
0 0.2529296875 0.9208984375 0.1650390625 0.1513671875
2 0.138671875 0.1513671875 0.12109375 0.302734375
1 0.60546875 0.017578125 0.015625 0.03515625