1 0.7880859375 0.2236328125 0.0224609375 0.0703125
1 0.7421875 0.2216796875 0.0244140625 0.07421875
1 0.84375 0.4052734375 0.0244140625 0.083984375
1 0.72265625 0.3466796875 0.02734375 0.072265625
1 0.73046875 0.1337890625 0.0205078125 0.052734375
1 0.62109375 0.40625 0.0322265625 0.1103515625
0 0.80078125 0.453125 0.11328125 0.23828125
0 0.4130859375 0.173828125 0.076171875 0.1337890625
0 0.62890625 0.2646484375 0.0791015625 0.177734375
0 0.4599609375 0.0947265625 0.0517578125 0.1015625
0 0.5361328125 0.3427734375 0.08984375 0.197265625
0 0.33203125 0.291015625 0.0927734375 0.1982421875
1 0.8603515625 0.3427734375 0.0263671875 0.0927734375
1 0.880859375 0.455078125 0.0458984375 0.0732421875
0 0.6845703125 0.4453125 0.08984375 0.2490234375
1 0.3779296875 0.1787109375 0.0205078125 0.076171875
0 0.498046875 0.1689453125 0.060546875 0.142578125
0 0.86328125 0.673828125 0.107421875 0.37890625
0 0.2421875 0.0400390625 0.048828125 0.0791015625
1 0.787109375 0.322265625 0.0322265625 0.0458984375
0 0.5927734375 0.712890625 0.1416015625 0.3662109375
0 0.236328125 0.68359375 0.1533203125 0.3740234375
0 0.5673828125 0.14453125 0.0703125 0.0732421875
0 0.5302734375 0.048828125 0.0693359375 0.0947265625
0 0.421875 0.52734375 0.1201171875 0.3134765625
1 0.71484375 0.0166015625 0.0146484375 0.033203125
0 0.7451171875 0.6884765625 0.1474609375 0.3388671875
1 0.328125 0.1748046875 0.021484375 0.0439453125
1 0.423828125 0.3359375 0.048828125 0.103515625
1 0.4814453125 0.4736328125 0.029296875 0.099609375
1 0.759765625 0.0263671875 0.0166015625 0.037109375