0 0.4228515625 0.2158203125 0.0693359375 0.173828125
1 0.5244140625 0.1328125 0.0224609375 0.0546875
0 0.2353515625 0.0625 0.0400390625 0.080078125
0 0.7294921875 0.3125 0.0859375 0.1611328125
1 0.705078125 0.1220703125 0.0205078125 0.046875
0 0.376953125 0.1396484375 0.0576171875 0.142578125
2 0.8046875 0.1767578125 0.1171875 0.2587890625
2 0.45703125 0.0703125 0.080078125 0.1396484375
0 0.5400390625 0.0595703125 0.0458984375 0.0927734375
0 0.486328125 0.1708984375 0.0634765625 0.130859375
0 0.5107421875 0.361328125 0.0927734375 0.2177734375
0 0.6025390625 0.1875 0.0673828125 0.138671875
0 0.6376953125 0.3212890625 0.0927734375 0.2138671875
0 0.1708984375 0.142578125 0.0732421875 0.1328125
0 0.71484375 0.201171875 0.0673828125 0.1162109375
1 0.8359375 0.330078125 0.02734375 0.0654296875
1 0.2900390625 0.2568359375 0.0244140625 0.0625
0 0.3291015625 0.30078125 0.0966796875 0.208984375
1 0.740234375 0.1416015625 0.01953125 0.052734375
1 0.5390625 0.5615234375 0.0546875 0.1748046875
2 0.65234375 0.1025390625 0.08203125 0.205078125
1 0.4990234375 0.0654296875 0.0146484375 0.046875
1 0.4169921875 0.4072265625 0.0390625 0.08984375
0 0.857421875 0.6357421875 0.115234375 0.3515625
0 0.3740234375 0.056640625 0.048828125 0.0546875
1 0.1396484375 0.0283203125 0.017578125 0.0498046875
1 0.6064453125 0.0341796875 0.013671875 0.0361328125
0 0.4267578125 0.62109375 0.1357421875 0.3701171875
1 0.33984375 0.1689453125 0.0205078125 0.0517578125
0 0.8134765625 0.423828125 0.1005859375 0.19921875
0 0.703125 0.818359375 0.171875 0.349609375
0 0.234375 0.009765625 0.029296875 0.01953125
1 0.5029296875 0.1015625 0.01171875 0.0283203125
1 0.744140625 0.0322265625 0.0107421875 0.0283203125
1 0.7177734375 0.01953125 0.01171875 0.0283203125
1 0.5029296875 0.029296875 0.013671875 0.0341796875
1 0.3046875 0.2109375 0.0224609375 0.046875
2 0.0927734375 0.119140625 0.0244140625 0.2197265625
1 0.548828125 0.09375 0.009765625 0.033203125
1 0.2021484375 0.2490234375 0.0126953125 0.052734375