1 0.6376953125 0.0361328125 0.015625 0.0341796875
1 0.4052734375 0.044921875 0.017578125 0.0517578125
1 0.4150390625 0.2041015625 0.0244140625 0.07421875
0 0.6083984375 0.052734375 0.0380859375 0.056640625
1 0.1689453125 0.150390625 0.0224609375 0.0556640625
0 0.54296875 0.1376953125 0.0576171875 0.1201171875
1 0.3974609375 0.4443359375 0.044921875 0.1513671875
0 0.703125 0.126953125 0.05078125 0.076171875
2 0.3486328125 0.279296875 0.1083984375 0.2470703125
0 0.109375 0.1396484375 0.0546875 0.111328125
1 0.646484375 0.29296875 0.0341796875 0.0419921875
1 0.869140625 0.27734375 0.044921875 0.0595703125
0 0.6328125 0.166015625 0.0615234375 0.1220703125
0 0.87109375 0.376953125 0.08203125 0.15234375
0 0.3720703125 0.1337890625 0.060546875 0.107421875
0 0.5166015625 0.02734375 0.0341796875 0.0546875
0 0.4873046875 0.4658203125 0.1201171875 0.2421875
1 0.58984375 0.083984375 0.0146484375 0.0625
2 0.6474609375 0.4638671875 0.1396484375 0.3125
0 0.8046875 0.2392578125 0.0859375 0.12109375
0 0.2265625 0.0791015625 0.0546875 0.109375
0 0.6806640625 0.224609375 0.0693359375 0.1494140625
2 0.4677734375 0.0830078125 0.060546875 0.140625
0 0.5712890625 0.033203125 0.03515625 0.0654296875
2 0.48046875 0.2861328125 0.0927734375 0.2109375
1 0.396484375 0.2841796875 0.0224609375 0.0732421875
0 0.2724609375 0.681640625 0.146484375 0.318359375
0 0.486328125 0.716796875 0.1474609375 0.376953125
2 0.7734375 0.369140625 0.1328125 0.228515625
1 0.6689453125 0.0341796875 0.01171875 0.0341796875
2 0.7734375 0.7236328125 0.220703125 0.53515625
1 0.353515625 0.0576171875 0.0166015625 0.064453125
0 0.6650390625 0.1005859375 0.03515625 0.0712890625
1 0.08984375 0.05078125 0.0166015625 0.060546875
0 0.736328125 0.19140625 0.0625 0.0859375
1 0.8466796875 0.216796875 0.0263671875 0.0634765625
0 0.583984375 0.2998046875 0.0849609375 0.1904296875
1 0.763671875 0.162109375 0.013671875 0.0517578125
1 0.3974609375 0.2041015625 0.0166015625 0.0595703125
1 0.7060546875 0.0654296875 0.0166015625 0.0400390625
1 0.140625 0.013671875 0.013671875 0.02734375
1 0.41015625 0.3466796875 0.0361328125 0.1025390625
1 0.9052734375 0.3193359375 0.0234375 0.068359375