1 0.548828125 0.060546875 0.017578125 0.0419921875
1 0.5634765625 0.0419921875 0.0126953125 0.044921875
1 0.8388671875 0.2900390625 0.02734375 0.1025390625
1 0.5048828125 0.017578125 0.0107421875 0.0341796875
1 0.5751953125 0.0283203125 0.013671875 0.048828125
2 0.7705078125 0.5888671875 0.2197265625 0.5703125
0 0.3505859375 0.171875 0.0693359375 0.130859375
0 0.5439453125 0.173828125 0.0615234375 0.1396484375
1 0.791015625 0.162109375 0.0244140625 0.0625
0 0.3837890625 0.0537109375 0.05078125 0.0654296875
0 0.705078125 0.0986328125 0.0537109375 0.0537109375
0 0.5908203125 0.271484375 0.0849609375 0.1826171875
0 0.419921875 0.296875 0.08203125 0.15234375
1 0.1591796875 0.10546875 0.017578125 0.048828125
1 0.7626953125 0.25390625 0.03515625 0.052734375
0 0.6943359375 0.240234375 0.0849609375 0.126953125
0 0.4365234375 0.1611328125 0.0654296875 0.1357421875
1 0.740234375 0.0302734375 0.009765625 0.0244140625
0 0.2880859375 0.4208984375 0.1171875 0.27734375
1 0.6083984375 0.0087890625 0.013671875 0.017578125
1 0.3525390625 0.3896484375 0.02734375 0.09375
0 0.634765625 0.4169921875 0.05859375 0.24609375
0 0.416015625 0.5498046875 0.126953125 0.3544921875
1 0.39453125 0.2001953125 0.01171875 0.0439453125
0 0.5966796875 0.67578125 0.1416015625 0.4228515625
1 0.650390625 0.1240234375 0.0205078125 0.060546875
1 0.478515625 0.326171875 0.0517578125 0.0986328125
1 0.5107421875 0.26171875 0.03125 0.076171875
1 0.7138671875 0.0166015625 0.0146484375 0.0322265625