1 0.89453125 0.3193359375 0.03125 0.078125
0 0.5400390625 0.1328125 0.05859375 0.1328125
0 0.5830078125 0.1787109375 0.0615234375 0.1025390625
1 0.3837890625 0.3671875 0.0322265625 0.10546875
1 0.7431640625 0.1904296875 0.0234375 0.06640625
0 0.67578125 0.228515625 0.0673828125 0.1513671875
1 0.6728515625 0.1201171875 0.0244140625 0.0634765625
0 0.607421875 0.1005859375 0.052734375 0.0869140625
1 0.71875 0.12890625 0.0205078125 0.060546875
1 0.6962890625 0.0224609375 0.0166015625 0.041015625
1 0.6279296875 0.0283203125 0.013671875 0.0419921875
1 0.8583984375 0.283203125 0.0234375 0.041015625
1 0.7294921875 0.0244140625 0.025390625 0.0390625
1 0.79296875 0.2509765625 0.0283203125 0.041015625
0 0.5810546875 0.296875 0.0869140625 0.1904296875
0 0.482421875 0.427734375 0.111328125 0.2333984375
0 0.79296875 0.419921875 0.091796875 0.193359375
0 0.2685546875 0.6826171875 0.142578125 0.328125
2 0.63671875 0.458984375 0.13671875 0.3056640625
2 0.7705078125 0.7197265625 0.22265625 0.5380859375
0 0.484375 0.708984375 0.1455078125 0.3837890625
1 0.634765625 0.2890625 0.0419921875 0.060546875
0 0.533203125 0.025390625 0.0537109375 0.05078125
0 0.4794921875 0.06640625 0.0595703125 0.119140625
0 0.3212890625 0.4638671875 0.09765625 0.2548828125
0 0.59765625 0.0283203125 0.044921875 0.056640625
1 0.5830078125 0.06640625 0.0146484375 0.0595703125
1 0.7470703125 0.0244140625 0.015625 0.046875
1 0.30859375 0.0146484375 0.01953125 0.029296875
1 0.669921875 0.072265625 0.0166015625 0.046875