2 0.3134765625 0.1953125 0.0390625 0.0888671875
0 0.3349609375 0.3857421875 0.0576171875 0.1025390625
0 0.3388671875 0.2392578125 0.0283203125 0.0419921875
0 0.2353515625 0.2646484375 0.037109375 0.0703125
1 0.2890625 0.2666015625 0.01171875 0.0390625
0 0.458984375 0.208984375 0.03125 0.0498046875
2 0.201171875 0.529296875 0.1728515625 0.1982421875
2 0.5947265625 0.89453125 0.2685546875 0.208984375
1 0.439453125 0.1953125 0.009765625 0.0302734375
1 0.9140625 0.541015625 0.0771484375 0.0927734375
1 0.546875 0.25 0.0146484375 0.0380859375
1 0.005859375 0.7177734375 0.01171875 0.068359375
1 0.291015625 0.44140625 0.0185546875 0.0595703125
1 0.5771484375 0.298828125 0.0390625 0.044921875
2 0.3408203125 0.19921875 0.025390625 0.044921875
1 0.4091796875 0.564453125 0.0322265625 0.1005859375
2 0.404296875 0.2060546875 0.04296875 0.0986328125
1 0.8662109375 0.8505859375 0.0673828125 0.1484375
1 0.9775390625 0.6083984375 0.0439453125 0.12109375
0 0.4560546875 0.3564453125 0.0537109375 0.123046875
0 0.3662109375 0.150390625 0.013671875 0.03515625
2 0.3388671875 0.1669921875 0.0185546875 0.0322265625
0 0.798828125 0.6337890625 0.12890625 0.2080078125
0 0.416015625 0.1611328125 0.017578125 0.0361328125
0 0.55859375 0.3564453125 0.060546875 0.1162109375
1 0.4248046875 0.197265625 0.0068359375 0.02734375
2 0.3564453125 0.1240234375 0.0126953125 0.0302734375
1 0.5107421875 0.3271484375 0.0146484375 0.048828125
0 0.380859375 0.1806640625 0.0205078125 0.046875
1 0.552734375 0.2822265625 0.0126953125 0.0439453125
0 0.3232421875 0.2734375 0.029296875 0.0546875
1 0.494140625 0.21875 0.02734375 0.0478515625
1 0.4765625 0.2109375 0.0107421875 0.0390625