0 0.8369140625 0.3115234375 0.1171875 0.1845703125
0 0.705078125 0.087890625 0.05078125 0.0986328125
0 0.60546875 0.0732421875 0.0595703125 0.1142578125
0 0.6591796875 0.1455078125 0.064453125 0.1318359375
0 0.6875 0.2958984375 0.0869140625 0.177734375
0 0.4677734375 0.0751953125 0.0498046875 0.107421875
0 0.560546875 0.271484375 0.0771484375 0.166015625
0 0.8857421875 0.4755859375 0.0595703125 0.1943359375
0 0.646484375 0.46484375 0.111328125 0.2607421875
0 0.650390625 0.8427734375 0.1923828125 0.291015625
0 0.3818359375 0.3740234375 0.099609375 0.244140625
0 0.453125 0.1796875 0.0673828125 0.1455078125
0 0.5693359375 0.0224609375 0.0263671875 0.044921875
2 0.7451171875 0.177734375 0.0703125 0.1455078125
1 0.33984375 0.9326171875 0.0791015625 0.126953125
2 0.509765625 0.03515625 0.0419921875 0.0673828125
0 0.435546875 0.0205078125 0.0322265625 0.041015625
1 0.1494140625 0.8037109375 0.0693359375 0.201171875
1 0.7333984375 0.0244140625 0.021484375 0.0458984375