1 0.927734375 0.54296875 0.0537109375 0.0927734375
1 0.578125 0.30078125 0.0400390625 0.041015625
0 0.2353515625 0.2646484375 0.0380859375 0.0693359375
0 0.3857421875 0.142578125 0.01171875 0.025390625
0 0.333984375 0.1875 0.021484375 0.0361328125
1 0.9228515625 0.92578125 0.0673828125 0.14453125
1 0.7626953125 0.740234375 0.044921875 0.1142578125
1 0.978515625 0.62109375 0.04296875 0.0986328125
0 0.431640625 0.189453125 0.0244140625 0.0498046875
0 0.400390625 0.2294921875 0.0302734375 0.0546875
1 0.3974609375 0.17578125 0.009765625 0.029296875
1 0.3154296875 0.15234375 0.0048828125 0.0205078125
1 0.6767578125 0.3759765625 0.0244140625 0.033203125
1 0.892578125 0.55078125 0.033203125 0.0576171875
0 0.525390625 0.525390625 0.0810546875 0.2001953125
1 0.296875 0.294921875 0.01171875 0.0361328125
1 0.5458984375 0.25 0.0087890625 0.0234375
2 0.45703125 0.2666015625 0.0712890625 0.1220703125
2 0.373046875 0.154296875 0.0205078125 0.041015625
1 0.3017578125 0.2216796875 0.0087890625 0.0263671875
1 0.50390625 0.283203125 0.013671875 0.04296875
1 0.4755859375 0.5 0.017578125 0.068359375
1 0.3037109375 0.1533203125 0.005859375 0.0205078125
2 0.330078125 0.142578125 0.025390625 0.056640625