1 0.9150390625 0.544921875 0.0732421875 0.091796875
1 0.9755859375 0.62890625 0.044921875 0.0751953125
0 0.3369140625 0.3447265625 0.044921875 0.08203125
2 0.3427734375 0.2568359375 0.0498046875 0.1123046875
1 0.279296875 0.388671875 0.0166015625 0.0517578125
1 0.0556640625 0.6396484375 0.0595703125 0.0947265625
1 0.578125 0.302734375 0.0390625 0.0439453125
0 0.6875 0.4892578125 0.0947265625 0.1748046875
2 0.337890625 0.12890625 0.0205078125 0.0419921875
0 0.380859375 0.1943359375 0.017578125 0.04296875
2 0.373046875 0.1474609375 0.0244140625 0.044921875
2 0.5009765625 0.4169921875 0.099609375 0.2236328125
2 0.4111328125 0.205078125 0.05078125 0.1318359375
0 0.3564453125 0.1337890625 0.01171875 0.0205078125
2 0.4716796875 0.26171875 0.0927734375 0.1220703125
0 0.43359375 0.630859375 0.17578125 0.1669921875
0 0.287109375 0.197265625 0.0205078125 0.0302734375