1 0.29296875 0.388671875 0.017578125 0.0517578125
1 0.2998046875 0.5478515625 0.025390625 0.0703125
1 0.2568359375 0.4755859375 0.01953125 0.0625
0 0.314453125 0.25390625 0.0322265625 0.0537109375
0 0.365234375 0.1298828125 0.0146484375 0.029296875
2 0.6611328125 0.59765625 0.16015625 0.2890625
0 0.4150390625 0.279296875 0.041015625 0.083984375
0 0.31640625 0.18359375 0.0205078125 0.04296875
1 0.3486328125 0.265625 0.01171875 0.03515625
1 0.3271484375 0.720703125 0.029296875 0.08203125
1 0.3330078125 0.4296875 0.0205078125 0.0751953125
0 0.330078125 0.1318359375 0.017578125 0.0283203125
1 0.4140625 0.205078125 0.01171875 0.033203125
0 0.4140625 0.1591796875 0.0224609375 0.0400390625
1 0.4501953125 0.2021484375 0.0107421875 0.033203125
2 0.4990234375 0.3447265625 0.107421875 0.1923828125
0 0.3544921875 0.125 0.0107421875 0.0244140625
0 0.9111328125 0.9033203125 0.1748046875 0.1845703125
0 0.2880859375 0.126953125 0.0166015625 0.0576171875