0 0.244140625 0.828125 0.21484375 0.2646484375
1 0.90234375 0.5380859375 0.0517578125 0.080078125
1 0.9765625 0.6259765625 0.04296875 0.0849609375
0 0.431640625 0.1943359375 0.0244140625 0.046875
1 0.1669921875 0.5419921875 0.0380859375 0.0859375
2 0.3330078125 0.1376953125 0.0224609375 0.046875
0 0.5341796875 0.89453125 0.16015625 0.2001953125
2 0.3232421875 0.2958984375 0.052734375 0.1201171875
0 0.333984375 0.1943359375 0.0244140625 0.0478515625
1 0.5771484375 0.302734375 0.037109375 0.0419921875
1 0.3115234375 0.203125 0.0087890625 0.02734375
1 0.3955078125 0.1875 0.0078125 0.0224609375
0 0.2353515625 0.2666015625 0.0361328125 0.0703125
1 0.3876953125 0.1494140625 0.005859375 0.0185546875
1 0.302734375 0.2216796875 0.01171875 0.03515625
1 0.544921875 0.2529296875 0.01171875 0.03515625
1 0.470703125 0.2041015625 0.0205078125 0.0263671875
0 0.30859375 0.1767578125 0.0185546875 0.041015625
0 0.4921875 0.21875 0.0244140625 0.0478515625
1 0.60546875 0.4384765625 0.021484375 0.0634765625
0 0.029296875 0.6962890625 0.05859375 0.119140625
0 0.4697265625 0.259765625 0.0439453125 0.0927734375
0 0.3623046875 0.138671875 0.01171875 0.0205078125
2 0.2890625 0.1220703125 0.0146484375 0.0419921875