1 0.9287109375 0.5419921875 0.0556640625 0.08984375
1 0.5751953125 0.3017578125 0.0400390625 0.0439453125
1 0.4775390625 0.208984375 0.0185546875 0.033203125
2 0.33203125 0.1396484375 0.0205078125 0.044921875
0 0.2353515625 0.2666015625 0.0361328125 0.0693359375
1 0.9765625 0.623046875 0.0439453125 0.0869140625
1 0.5439453125 0.25390625 0.013671875 0.03515625
1 0.892578125 0.5458984375 0.03125 0.064453125
1 0.349609375 0.1962890625 0.0087890625 0.025390625
0 0.3251953125 0.2724609375 0.033203125 0.0654296875
0 0.337890625 0.1767578125 0.021484375 0.0390625
0 0.490234375 0.306640625 0.0458984375 0.080078125
0 0.3193359375 0.201171875 0.0224609375 0.04296875
0 0.51953125 0.51953125 0.068359375 0.1552734375
1 0.6103515625 0.44140625 0.021484375 0.0634765625
1 0.2890625 0.28125 0.01171875 0.0400390625
1 0.3017578125 0.318359375 0.013671875 0.044921875
1 0.3134765625 0.16015625 0.0078125 0.0302734375
1 0.27734375 0.34765625 0.0166015625 0.05078125
0 0.408203125 0.158203125 0.0146484375 0.0341796875
1 0.447265625 0.189453125 0.0087890625 0.0322265625
1 0.4443359375 0.220703125 0.0087890625 0.0283203125
2 0.111328125 0.5830078125 0.216796875 0.259765625
2 0.2890625 0.1337890625 0.0205078125 0.0654296875
1 0.462890625 0.2041015625 0.0087890625 0.0244140625
0 0.427734375 0.6787109375 0.1240234375 0.203125
1 0.294921875 0.255859375 0.013671875 0.033203125
1 0.3388671875 0.2421875 0.0107421875 0.0322265625