1 0.9755859375 0.625 0.04296875 0.08203125
1 0.9208984375 0.5419921875 0.0419921875 0.091796875
1 0.2978515625 0.2548828125 0.01171875 0.0380859375
1 0.3203125 0.1953125 0.0078125 0.0224609375
0 0.3564453125 0.501953125 0.068359375 0.1181640625
0 0.498046875 0.2197265625 0.0302734375 0.048828125
1 0.3955078125 0.1962890625 0.0087890625 0.025390625
1 0.404296875 0.2236328125 0.009765625 0.033203125
1 0.3193359375 0.2666015625 0.0126953125 0.0341796875
1 0.2998046875 0.1572265625 0.0068359375 0.025390625
1 0.5771484375 0.30078125 0.0380859375 0.0517578125
0 0.380859375 0.1318359375 0.0146484375 0.0263671875
2 0.3642578125 0.1259765625 0.01953125 0.041015625
0 0.4599609375 0.78125 0.1376953125 0.216796875
1 0.3544921875 0.1298828125 0.0078125 0.0205078125
1 0.3076171875 0.205078125 0.0107421875 0.02734375
0 0.6923828125 0.6474609375 0.1259765625 0.205078125
1 0.4765625 0.208984375 0.0166015625 0.0283203125
0 0.3369140625 0.1103515625 0.013671875 0.015625
1 0.3232421875 0.1630859375 0.005859375 0.0234375
1 0.3232421875 0.1416015625 0.005859375 0.0185546875
1 0.3056640625 0.232421875 0.0107421875 0.0341796875
0 0.341796875 0.310546875 0.0400390625 0.0791015625
2 0.4013671875 0.1435546875 0.0244140625 0.056640625
2 0.3369140625 0.173828125 0.025390625 0.0537109375