0 0.41015625 0.6552734375 0.1015625 0.1640625
0 0.3359375 0.2314453125 0.0283203125 0.05078125
1 0.296875 0.271484375 0.0107421875 0.0400390625
0 0.5693359375 0.439453125 0.080078125 0.1337890625
2 0.0361328125 0.63671875 0.072265625 0.1943359375
1 0.4931640625 0.291015625 0.0146484375 0.0439453125
1 0.28515625 0.2890625 0.0107421875 0.037109375
1 0.3017578125 0.3798828125 0.0166015625 0.0458984375
1 0.541015625 0.265625 0.0185546875 0.0498046875
1 0.494140625 0.49609375 0.025390625 0.0791015625
1 0.9755859375 0.6220703125 0.044921875 0.0908203125
1 0.2529296875 0.5166015625 0.021484375 0.0634765625
0 0.5703125 0.9833984375 0.111328125 0.0302734375
1 0.2890625 0.451171875 0.0166015625 0.052734375
1 0.92578125 0.5419921875 0.052734375 0.0927734375
1 0.310546875 0.2861328125 0.0107421875 0.033203125
1 0.578125 0.302734375 0.0380859375 0.0400390625
1 0.33203125 0.5458984375 0.021484375 0.0673828125
1 0.2890625 0.607421875 0.02734375 0.087890625
1 0.4853515625 0.638671875 0.03125 0.0947265625
1 0.5380859375 0.65234375 0.0322265625 0.0927734375
0 0.2353515625 0.265625 0.037109375 0.0703125
1 0.3095703125 0.2197265625 0.0087890625 0.025390625
1 0.4775390625 0.2080078125 0.0166015625 0.033203125
2 0.3349609375 0.1279296875 0.0205078125 0.0361328125
1 0.3154296875 0.7294921875 0.033203125 0.109375
1 0.2822265625 0.2119140625 0.0078125 0.0322265625
2 0.3623046875 0.12890625 0.01953125 0.0419921875
0 0.3203125 0.1630859375 0.0185546875 0.0263671875
0 0.3330078125 0.3212890625 0.0400390625 0.0791015625
0 0.3349609375 0.1943359375 0.0224609375 0.029296875
1 0.4658203125 0.2021484375 0.01171875 0.025390625
0 0.3359375 0.171875 0.0146484375 0.0263671875