1 0.92578125 0.5419921875 0.052734375 0.0927734375
1 0.9765625 0.6142578125 0.0458984375 0.1064453125
0 0.4951171875 0.21875 0.021484375 0.0478515625
0 0.2353515625 0.2646484375 0.03515625 0.0712890625
1 0.576171875 0.302734375 0.041015625 0.041015625
0 0.3974609375 0.1962890625 0.02734375 0.044921875
0 0.533203125 0.310546875 0.0419921875 0.072265625
0 0.3408203125 0.3359375 0.041015625 0.080078125
1 0.892578125 0.55078125 0.033203125 0.056640625
0 0.4111328125 0.1669921875 0.0205078125 0.044921875
0 0.361328125 0.130859375 0.01171875 0.0224609375
2 0.4384765625 0.232421875 0.0654296875 0.1435546875
2 0.3701171875 0.4765625 0.1005859375 0.2216796875
2 0.3369140625 0.2373046875 0.052734375 0.1484375
0 0.2626953125 0.3388671875 0.0517578125 0.091796875
1 0.4033203125 0.3388671875 0.0185546875 0.05078125
0 0.470703125 0.8466796875 0.12890625 0.2080078125
2 0.4951171875 0.3896484375 0.0654296875 0.1357421875
0 0.3125 0.1796875 0.0166015625 0.052734375
2 0.3369140625 0.140625 0.02734375 0.056640625
0 0.37109375 0.14453125 0.0185546875 0.025390625