0 0.2353515625 0.267578125 0.0361328125 0.0693359375
1 0.916015625 0.544921875 0.08203125 0.0908203125
1 0.9755859375 0.626953125 0.04296875 0.0830078125
1 0.3515625 0.2119140625 0.0078125 0.025390625
0 0.4892578125 0.2177734375 0.0322265625 0.048828125
0 0.4521484375 0.255859375 0.037109375 0.064453125
1 0.576171875 0.3017578125 0.037109375 0.0419921875
1 0.271484375 0.3974609375 0.0185546875 0.0546875
1 0.306640625 0.203125 0.0068359375 0.029296875
0 0.337890625 0.1865234375 0.0244140625 0.04296875
0 0.404296875 0.154296875 0.0166015625 0.03515625
2 0.3330078125 0.142578125 0.0244140625 0.0478515625
0 0.3212890625 0.2119140625 0.0234375 0.0517578125
0 0.326171875 0.3037109375 0.0380859375 0.0849609375
1 0.5419921875 0.3447265625 0.015625 0.046875
1 0.3115234375 0.267578125 0.0107421875 0.0439453125
0 0.5185546875 0.4697265625 0.06640625 0.1259765625
1 0.2880859375 0.3232421875 0.0126953125 0.046875
1 0.5439453125 0.2548828125 0.0107421875 0.0322265625
2 0.38671875 0.158203125 0.01953125 0.04296875
2 0.3974609375 0.791015625 0.3134765625 0.41796875
1 0.462890625 0.2041015625 0.0087890625 0.0244140625
1 0.2919921875 0.2578125 0.0107421875 0.0419921875
1 0.4501953125 0.1923828125 0.0087890625 0.03515625
1 0.357421875 0.12890625 0.0107421875 0.0205078125
1 0.2822265625 0.2802734375 0.013671875 0.048828125
1 0.306640625 0.3681640625 0.0126953125 0.0400390625
2 0.2890625 0.1328125 0.0185546875 0.064453125
0 0.4775390625 0.568359375 0.0908203125 0.1162109375