0 0.2353515625 0.265625 0.0361328125 0.0693359375
1 0.9775390625 0.615234375 0.044921875 0.1083984375
1 0.576171875 0.3017578125 0.0390625 0.0419921875
1 0.9140625 0.5419921875 0.0712890625 0.0888671875
0 0.3203125 0.23046875 0.025390625 0.05078125
0 0.4248046875 0.216796875 0.029296875 0.052734375
1 0.2744140625 0.4853515625 0.01953125 0.0625
1 0.3076171875 0.1923828125 0.0078125 0.02734375
1 0.28515625 0.2958984375 0.009765625 0.02734375
1 0.3173828125 0.189453125 0.0068359375 0.0263671875
0 0.3388671875 0.1962890625 0.0234375 0.04296875
1 0.5439453125 0.2548828125 0.009765625 0.0302734375
1 0.2998046875 0.419921875 0.017578125 0.056640625
1 0.3525390625 0.228515625 0.009765625 0.029296875
1 0.26953125 0.330078125 0.017578125 0.0517578125
0 0.400390625 0.1494140625 0.015625 0.03125
2 0.3798828125 0.1484375 0.0185546875 0.0380859375
2 0.494140625 0.73828125 0.205078125 0.4248046875
1 0.490234375 0.28125 0.0126953125 0.041015625
1 0.3125 0.1650390625 0.0068359375 0.0234375
0 0.328125 0.3349609375 0.0419921875 0.099609375
2 0.3310546875 0.1484375 0.0205078125 0.046875
1 0.4775390625 0.208984375 0.0146484375 0.03125
1 0.2998046875 0.2255859375 0.0078125 0.03125
1 0.291015625 0.390625 0.013671875 0.0458984375
0 0.4990234375 0.416015625 0.0634765625 0.119140625
0 0.501953125 0.51953125 0.0654296875 0.1318359375