1 0.89453125 0.5458984375 0.0361328125 0.0634765625
0 0.2880859375 0.2568359375 0.0302734375 0.0556640625
0 0.345703125 0.32421875 0.041015625 0.07421875
1 0.466796875 0.5048828125 0.025390625 0.076171875
1 0.935546875 0.5439453125 0.048828125 0.0830078125
0 0.376953125 0.16015625 0.01953125 0.029296875
0 0.3388671875 0.181640625 0.0185546875 0.0263671875
0 0.3408203125 0.154296875 0.0166015625 0.03125
0 0.3154296875 0.1630859375 0.0205078125 0.0380859375
1 0.2919921875 0.2099609375 0.013671875 0.03515625
1 0.400390625 0.236328125 0.0185546875 0.0517578125
0 0.279296875 0.3359375 0.0400390625 0.0869140625
2 0.5556640625 0.3740234375 0.158203125 0.2900390625
0 0.3916015625 0.138671875 0.0146484375 0.03125
1 0.9775390625 0.62890625 0.0439453125 0.0830078125
0 0.4306640625 0.1767578125 0.0205078125 0.0439453125
2 0.359375 0.12890625 0.0146484375 0.0283203125
1 0.2314453125 0.4736328125 0.0166015625 0.0498046875
1 0.3232421875 0.185546875 0.0107421875 0.025390625
2 0.4384765625 0.2548828125 0.0595703125 0.1181640625