1 0.3037109375 0.220703125 0.009765625 0.02734375
1 0.3046875 0.27734375 0.0126953125 0.03515625
1 0.2822265625 0.357421875 0.0146484375 0.04296875
1 0.50390625 0.357421875 0.01953125 0.060546875
1 0.47265625 0.2080078125 0.0146484375 0.03125
1 0.2724609375 0.4404296875 0.01953125 0.05859375
1 0.2998046875 0.369140625 0.017578125 0.0517578125
0 0.4091796875 0.21484375 0.029296875 0.048828125
1 0.2861328125 0.5732421875 0.03125 0.09375
1 0.2880859375 0.4931640625 0.0234375 0.0556640625
0 0.341796875 0.11328125 0.0087890625 0.015625
1 0.5791015625 0.3037109375 0.037109375 0.0380859375
1 0.3193359375 0.2060546875 0.0087890625 0.0263671875
1 0.5654296875 0.4033203125 0.01953125 0.0693359375
1 0.978515625 0.6240234375 0.04296875 0.0908203125
2 0.3974609375 0.13671875 0.0224609375 0.05078125
0 0.333984375 0.115234375 0.0087890625 0.0166015625
1 0.4130859375 0.158203125 0.01171875 0.0244140625
1 0.4619140625 0.19921875 0.0068359375 0.025390625
0 0.4033203125 0.6376953125 0.1044921875 0.1845703125
1 0.9150390625 0.5458984375 0.0732421875 0.087890625
2 0.361328125 0.1240234375 0.0205078125 0.03515625
2 0.341796875 0.306640625 0.044921875 0.1162109375
0 0.3212890625 0.115234375 0.0107421875 0.017578125
0 0.5546875 0.9912109375 0.0869140625 0.0146484375