1 0.4189453125 0.1826171875 0.0068359375 0.0205078125
1 0.9130859375 0.5400390625 0.072265625 0.095703125
1 0.4775390625 0.20703125 0.015625 0.03515625
1 0.9765625 0.6171875 0.0439453125 0.1015625
0 0.236328125 0.2666015625 0.037109375 0.072265625
1 0.5771484375 0.3017578125 0.0390625 0.041015625
1 0.298828125 0.228515625 0.009765625 0.029296875
0 0.494140625 0.21875 0.0263671875 0.0498046875
2 0.361328125 0.12890625 0.017578125 0.03515625
1 0.384765625 0.2421875 0.01171875 0.0341796875
0 0.2158203125 0.4453125 0.072265625 0.1201171875
1 0.505859375 0.3359375 0.0146484375 0.044921875
1 0.318359375 0.1435546875 0.0068359375 0.017578125
1 0.3056640625 0.4072265625 0.0166015625 0.060546875
1 0.322265625 0.2255859375 0.0107421875 0.0322265625
1 0.3125 0.244140625 0.01171875 0.03515625
2 0.341796875 0.1767578125 0.0341796875 0.076171875
0 0.5322265625 0.306640625 0.044921875 0.072265625
2 0.3935546875 0.5087890625 0.171875 0.3837890625
0 0.2822265625 0.3076171875 0.0439453125 0.080078125
1 0.4638671875 0.205078125 0.0087890625 0.0224609375
0 0.3818359375 0.1328125 0.0166015625 0.025390625
2 0.3359375 0.1201171875 0.0185546875 0.033203125
0 0.7001953125 0.6943359375 0.13671875 0.2265625
0 0.376953125 0.1591796875 0.0205078125 0.0439453125
0 0.9677734375 0.9287109375 0.0634765625 0.1328125
0 0.57421875 0.966796875 0.1650390625 0.0654296875