2 0.7568359375 0.6669921875 0.162109375 0.3212890625
1 0.576171875 0.302734375 0.033203125 0.0341796875
0 0.470703125 0.44140625 0.0517578125 0.1181640625
1 0.4326171875 0.2646484375 0.013671875 0.0341796875
0 0.296875 0.2333984375 0.0302734375 0.046875
0 0.4013671875 0.16015625 0.0185546875 0.03125
1 0.4091796875 0.3115234375 0.01171875 0.04296875
0 0.5654296875 0.3759765625 0.06640625 0.1181640625
1 0.357421875 0.158203125 0.009765625 0.0302734375
1 0.2734375 0.3203125 0.0166015625 0.0478515625
1 0.41796875 0.21875 0.0146484375 0.0263671875
1 0.2890625 0.29296875 0.0126953125 0.0400390625
0 0.4736328125 0.3466796875 0.052734375 0.091796875
0 0.3798828125 0.1484375 0.0166015625 0.0361328125
2 0.3125 0.177734375 0.0244140625 0.0625
2 0.3369140625 0.1279296875 0.0263671875 0.0458984375
0 0.361328125 0.12890625 0.0166015625 0.02734375
0 0.3671875 0.578125 0.1025390625 0.2236328125
0 0.4140625 0.158203125 0.0068359375 0.0224609375
0 0.537109375 0.5224609375 0.1123046875 0.26171875