1 0.8955078125 0.5400390625 0.0400390625 0.078125
1 0.9775390625 0.615234375 0.044921875 0.10546875
1 0.5888671875 0.4013671875 0.01953125 0.05859375
1 0.7158203125 0.5810546875 0.0322265625 0.0859375
1 0.544921875 0.2548828125 0.009765625 0.0302734375
1 0.4677734375 0.45703125 0.0244140625 0.0732421875
2 0.3037109375 0.2783203125 0.064453125 0.140625
0 0.236328125 0.267578125 0.0361328125 0.0693359375
1 0.6572265625 0.5087890625 0.0263671875 0.072265625
1 0.4775390625 0.208984375 0.015625 0.03125
0 0.33984375 0.3857421875 0.048828125 0.1005859375
0 0.3896484375 0.1728515625 0.021484375 0.0458984375
0 0.4169921875 0.1640625 0.01953125 0.0390625
0 0.4326171875 0.26171875 0.0400390625 0.0673828125
2 0.337890625 0.1220703125 0.0185546875 0.0390625
2 0.2333984375 0.498046875 0.166015625 0.193359375
1 0.9365234375 0.5390625 0.0361328125 0.087890625
0 0.3232421875 0.8203125 0.208984375 0.3271484375
0 0.435546875 0.1884765625 0.0244140625 0.044921875
2 0.3662109375 0.138671875 0.0166015625 0.0439453125
1 0.453125 0.1923828125 0.0087890625 0.033203125
1 0.314453125 0.169921875 0.0087890625 0.0361328125
2 0.353515625 0.1279296875 0.009765625 0.0224609375
2 0.3212890625 0.126953125 0.0146484375 0.0341796875
0 0.373046875 0.16796875 0.013671875 0.0283203125
0 0.3798828125 0.134765625 0.01171875 0.0234375
0 0.4873046875 0.625 0.0947265625 0.193359375
2 0.3466796875 0.25390625 0.033203125 0.0830078125
2 0.29296875 0.1220703125 0.0224609375 0.0439453125
0 0.4013671875 0.15234375 0.0107421875 0.0244140625