0 0.3408203125 0.1982421875 0.0244140625 0.044921875
0 0.205078125 0.501953125 0.1064453125 0.1220703125
0 0.75390625 0.685546875 0.138671875 0.25
0 0.4462890625 0.294921875 0.041015625 0.0888671875
0 0.359375 0.4873046875 0.0615234375 0.1171875
0 0.421875 0.193359375 0.02734375 0.044921875
0 0.306640625 0.208984375 0.0244140625 0.041015625
0 0.46875 0.4375 0.0517578125 0.115234375
0 0.248046875 0.3818359375 0.0625 0.1025390625
0 0.3583984375 0.126953125 0.0126953125 0.029296875
2 0.51171875 0.3017578125 0.0625 0.130859375
0 0.3173828125 0.1728515625 0.017578125 0.041015625
0 0.541015625 0.525390625 0.11328125 0.267578125
0 0.390625 0.1650390625 0.0126953125 0.0263671875
2 0.439453125 0.6337890625 0.1552734375 0.373046875
0 0.34375 0.3369140625 0.068359375 0.15234375