1 0.3134765625 0.2275390625 0.0087890625 0.029296875
0 0.3408203125 0.3359375 0.0419921875 0.076171875
0 0.3447265625 0.263671875 0.033203125 0.056640625
0 0.515625 0.544921875 0.087890625 0.1591796875
1 0.578125 0.2998046875 0.03515625 0.0390625
0 0.7978515625 0.8505859375 0.16796875 0.27734375
0 0.5380859375 0.3701171875 0.0419921875 0.0888671875
0 0.359375 0.4697265625 0.0615234375 0.1064453125
1 0.9130859375 0.541015625 0.072265625 0.0888671875
1 0.3076171875 0.400390625 0.0146484375 0.0498046875
0 0.3408203125 0.2265625 0.0263671875 0.0380859375
1 0.978515625 0.6103515625 0.04296875 0.1123046875
0 0.4873046875 0.32421875 0.0498046875 0.0810546875
0 0.482421875 0.4091796875 0.0576171875 0.1240234375
1 0.2880859375 0.369140625 0.0166015625 0.0458984375
0 0.2998046875 0.19140625 0.0341796875 0.044921875
1 0.328125 0.171875 0.0068359375 0.017578125
2 0.3349609375 0.146484375 0.01953125 0.041015625
2 0.1884765625 0.4794921875 0.138671875 0.2021484375
1 0.4775390625 0.2080078125 0.0166015625 0.0302734375
1 0.3076171875 0.13671875 0.0078125 0.0234375
1 0.322265625 0.13671875 0.0068359375 0.0263671875
2 0.6982421875 0.5498046875 0.1591796875 0.357421875
0 0.4375 0.6513671875 0.1064453125 0.1904296875
2 0.37890625 0.1279296875 0.0126953125 0.02734375
2 0.5947265625 0.4306640625 0.0869140625 0.19140625
0 0.353515625 0.1259765625 0.009765625 0.015625
2 0.5263671875 0.3017578125 0.044921875 0.0771484375