1 0.9013671875 0.53515625 0.0498046875 0.0869140625
1 0.576171875 0.3017578125 0.0400390625 0.0419921875
0 0.404296875 0.1513671875 0.0166015625 0.03515625
1 0.9765625 0.6220703125 0.044921875 0.0927734375
1 0.388671875 0.169921875 0.0087890625 0.0205078125
0 0.4248046875 0.236328125 0.0341796875 0.06640625
1 0.341796875 0.3740234375 0.0166015625 0.0498046875
1 0.298828125 0.3642578125 0.0205078125 0.0546875
0 0.6181640625 0.4736328125 0.0888671875 0.150390625
1 0.3095703125 0.8095703125 0.037109375 0.119140625
0 0.484375 0.78515625 0.142578125 0.205078125
0 0.404296875 0.193359375 0.025390625 0.0419921875
1 0.3681640625 0.1337890625 0.005859375 0.0205078125
1 0.4814453125 0.2109375 0.0234375 0.0341796875
2 0.337890625 0.12109375 0.01953125 0.03515625
0 0.4609375 0.3671875 0.052734375 0.1201171875
1 0.9384765625 0.541015625 0.0400390625 0.0849609375
2 0.3583984375 0.126953125 0.015625 0.02734375
1 0.298828125 0.296875 0.015625 0.044921875
0 0.515625 0.546875 0.08984375 0.166015625
1 0.583984375 0.3857421875 0.0205078125 0.0498046875
0 0.357421875 0.5849609375 0.087890625 0.1689453125
1 0.4619140625 0.2001953125 0.0068359375 0.0234375
0 0.3427734375 0.2607421875 0.0341796875 0.0712890625
0 0.3056640625 0.1845703125 0.0234375 0.041015625
2 0.33984375 0.1748046875 0.0322265625 0.0869140625
2 0.2890625 0.125 0.0146484375 0.0498046875