1 0.296875 0.2392578125 0.01171875 0.037109375
0 0.453125 0.3564453125 0.0390625 0.0849609375
0 0.341796875 0.33984375 0.044921875 0.080078125
0 0.5458984375 0.6904296875 0.0888671875 0.2109375
0 0.353515625 0.5078125 0.0751953125 0.12890625
1 0.3115234375 0.169921875 0.0087890625 0.02734375
2 0.3740234375 0.1328125 0.0283203125 0.078125
1 0.3046875 0.1533203125 0.0068359375 0.0224609375
2 0.416015625 0.2353515625 0.0439453125 0.1142578125
0 0.390625 0.2392578125 0.0126953125 0.0498046875
1 0.2998046875 0.38671875 0.0205078125 0.0625
2 0.6767578125 0.4794921875 0.134765625 0.2724609375
1 0.29296875 0.298828125 0.0126953125 0.0380859375
1 0.29296875 0.1611328125 0.0068359375 0.0244140625
2 0.3349609375 0.1513671875 0.0263671875 0.0556640625
2 0.337890625 0.2080078125 0.0283203125 0.0654296875
2 0.505859375 0.4130859375 0.087890625 0.197265625
0 0.5126953125 0.3095703125 0.04296875 0.0634765625
0 0.4111328125 0.1650390625 0.01953125 0.0361328125
0 0.0146484375 0.69921875 0.0283203125 0.09375