1 0.537109375 0.65234375 0.0322265625 0.09375
1 0.92578125 0.5419921875 0.048828125 0.0947265625
1 0.9765625 0.626953125 0.044921875 0.080078125
1 0.2861328125 0.306640625 0.013671875 0.0439453125
1 0.486328125 0.642578125 0.0341796875 0.09765625
0 0.333984375 0.265625 0.033203125 0.05859375
1 0.4404296875 0.3701171875 0.0205078125 0.064453125
2 0.34765625 0.31640625 0.0400390625 0.080078125
1 0.578125 0.30078125 0.037109375 0.04296875
1 0.544921875 0.25 0.01171875 0.037109375
0 0.2353515625 0.2666015625 0.037109375 0.0693359375
1 0.3037109375 0.375 0.017578125 0.0546875
1 0.2802734375 0.35546875 0.015625 0.0537109375
1 0.2626953125 0.3896484375 0.0166015625 0.0556640625
1 0.4404296875 0.220703125 0.01171875 0.0341796875
0 0.3193359375 0.1953125 0.01953125 0.0400390625
1 0.3251953125 0.6845703125 0.033203125 0.1044921875
1 0.33203125 0.8583984375 0.0458984375 0.130859375
1 0.3408203125 0.2001953125 0.01171875 0.02734375
0 0.45703125 0.2734375 0.041015625 0.0703125
1 0.3251953125 0.5791015625 0.0263671875 0.076171875
1 0.4775390625 0.2080078125 0.0146484375 0.03125
1 0.4140625 0.8359375 0.04296875 0.138671875
1 0.2900390625 0.2626953125 0.0126953125 0.04296875
0 0.322265625 0.1669921875 0.017578125 0.02734375
2 0.36328125 0.12890625 0.0205078125 0.0341796875
0 0.3408203125 0.4482421875 0.0595703125 0.12109375
2 0.3408203125 0.16796875 0.017578125 0.03515625
2 0.330078125 0.1435546875 0.013671875 0.021484375
0 0.384765625 0.1376953125 0.0126953125 0.017578125