0 0.4267578125 0.26953125 0.0361328125 0.0751953125
0 0.5009765625 0.5947265625 0.076171875 0.16796875
1 0.86328125 0.76953125 0.05859375 0.1259765625
1 0.7919921875 0.849609375 0.044921875 0.1318359375
1 0.41015625 0.1552734375 0.0087890625 0.0263671875
1 0.6923828125 0.630859375 0.03515625 0.09765625
1 0.572265625 0.302734375 0.0361328125 0.03515625
0 0.4853515625 0.3935546875 0.0595703125 0.1298828125
1 0.453125 0.466796875 0.0224609375 0.064453125
0 0.9755859375 0.939453125 0.0478515625 0.1142578125
0 0.3916015625 0.181640625 0.021484375 0.037109375
1 0.423828125 0.158203125 0.0126953125 0.0283203125
0 0.3876953125 0.1396484375 0.017578125 0.0322265625
0 0.365234375 0.1396484375 0.015625 0.0322265625
0 0.4521484375 0.2265625 0.02734375 0.048828125
0 0.314453125 0.1728515625 0.0224609375 0.0458984375
0 0.3388671875 0.3271484375 0.04296875 0.0986328125