1 0.916015625 0.5400390625 0.0810546875 0.091796875
1 0.9765625 0.619140625 0.044921875 0.0966796875
1 0.5146484375 0.62109375 0.029296875 0.0966796875
1 0.248046875 0.3662109375 0.0185546875 0.0478515625
1 0.2421875 0.59765625 0.0244140625 0.0791015625
0 0.3408203125 0.2666015625 0.033203125 0.0546875
1 0.2978515625 0.52734375 0.0224609375 0.072265625
1 0.3037109375 0.2490234375 0.0126953125 0.041015625
2 0.4296875 0.65625 0.1337890625 0.267578125
1 0.3115234375 0.2275390625 0.0126953125 0.033203125
0 0.3388671875 0.1923828125 0.0185546875 0.037109375
1 0.2890625 0.2265625 0.01171875 0.0439453125
0 0.3193359375 0.142578125 0.013671875 0.0224609375
0 0.376953125 0.1318359375 0.0107421875 0.0244140625
1 0.3701171875 0.1845703125 0.0068359375 0.029296875
1 0.2734375 0.4248046875 0.021484375 0.060546875
1 0.4912109375 0.5712890625 0.02734375 0.08203125
1 0.4111328125 0.3056640625 0.0146484375 0.064453125
0 0.3916015625 0.181640625 0.017578125 0.046875
2 0.5048828125 0.3134765625 0.12890625 0.232421875
2 0.4208984375 0.220703125 0.052734375 0.1142578125
0 0.3134765625 0.1708984375 0.0244140625 0.0302734375
0 0.4365234375 0.35546875 0.0537109375 0.1171875
2 0.3466796875 0.4111328125 0.060546875 0.1533203125
2 0.2890625 0.123046875 0.015625 0.0439453125
0 0.3037109375 0.1416015625 0.0166015625 0.0205078125