1 0.9140625 0.5380859375 0.0751953125 0.09765625
1 0.2822265625 0.271484375 0.01171875 0.033203125
1 0.4697265625 0.3046875 0.0166015625 0.044921875
0 0.3486328125 0.3994140625 0.05078125 0.0908203125
0 0.3671875 0.552734375 0.0810546875 0.138671875
1 0.2646484375 0.580078125 0.0263671875 0.08984375
1 0.57421875 0.3017578125 0.0341796875 0.0400390625
0 0.4345703125 0.23828125 0.03515625 0.05859375
1 0.3779296875 0.1982421875 0.0087890625 0.0341796875
1 0.4248046875 0.1806640625 0.0087890625 0.025390625
1 0.271484375 0.3388671875 0.013671875 0.0458984375
1 0.4833984375 0.61328125 0.0263671875 0.0966796875
1 0.3193359375 0.6630859375 0.03515625 0.095703125
1 0.2939453125 0.4208984375 0.0166015625 0.0546875
0 0.384765625 0.1552734375 0.01953125 0.04296875
0 0.365234375 0.1337890625 0.0185546875 0.0439453125
1 0.318359375 0.3330078125 0.0166015625 0.0595703125
0 0.3408203125 0.310546875 0.0380859375 0.0751953125
1 0.2275390625 0.4404296875 0.0185546875 0.052734375
0 0.466796875 0.4013671875 0.044921875 0.0966796875
1 0.4189453125 0.287109375 0.0146484375 0.041015625
1 0.0419921875 0.6201171875 0.0615234375 0.08203125
1 0.6494140625 0.4716796875 0.02734375 0.0771484375
1 0.2958984375 0.3408203125 0.0166015625 0.0576171875
1 0.9775390625 0.591796875 0.044921875 0.14453125
1 0.1875 0.509765625 0.03125 0.068359375
0 0.41015625 0.154296875 0.021484375 0.041015625
1 0.2529296875 0.4755859375 0.01953125 0.0615234375
2 0.3154296875 0.228515625 0.0390625 0.072265625
1 0.3154296875 0.16015625 0.005859375 0.0283203125
1 0.3046875 0.1513671875 0.0068359375 0.0244140625
1 0.5595703125 0.470703125 0.0185546875 0.08203125
2 0.3359375 0.1611328125 0.029296875 0.103515625
0 0.5322265625 0.36328125 0.064453125 0.1015625
1 0.3076171875 0.1337890625 0.0078125 0.025390625
2 0.552734375 0.8486328125 0.21484375 0.30078125
2 0.748046875 0.61328125 0.1298828125 0.166015625
0 0.55078125 0.5927734375 0.0947265625 0.1962890625