0 0.2353515625 0.263671875 0.037109375 0.0703125
1 0.916015625 0.5439453125 0.0791015625 0.087890625
1 0.978515625 0.62109375 0.04296875 0.0947265625
0 0.529296875 0.90625 0.169921875 0.1826171875
0 0.4013671875 0.228515625 0.0380859375 0.0693359375
0 0.333984375 0.1572265625 0.0185546875 0.02734375
1 0.4931640625 0.595703125 0.025390625 0.080078125
0 0.490234375 0.443359375 0.07421875 0.1103515625
0 0.4052734375 0.1748046875 0.0224609375 0.0390625
1 0.296875 0.541015625 0.0234375 0.064453125
0 0.5537109375 0.6455078125 0.1005859375 0.2490234375
2 0.4033203125 0.5986328125 0.146484375 0.27734375
1 0.51953125 0.330078125 0.015625 0.044921875
1 0.3134765625 0.1875 0.0068359375 0.02734375
0 0.4794921875 0.25 0.0380859375 0.0693359375
1 0.578125 0.3046875 0.033203125 0.0341796875
0 0.4228515625 0.2060546875 0.01953125 0.0439453125
2 0.7314453125 0.626953125 0.25 0.37109375
2 0.3193359375 0.1318359375 0.0185546875 0.044921875
0 0.3583984375 0.1201171875 0.0126953125 0.0166015625
0 0.244140625 0.197265625 0.0224609375 0.0478515625
2 0.2900390625 0.1337890625 0.01953125 0.06640625
0 0.1865234375 0.166015625 0.0244140625 0.02734375