1 0.48046875 0.58203125 0.02734375 0.080078125
0 0.4423828125 0.2255859375 0.02734375 0.0439453125
1 0.4775390625 0.208984375 0.017578125 0.033203125
1 0.92578125 0.5439453125 0.056640625 0.09375
2 0.333984375 0.1396484375 0.0234375 0.0615234375
2 0.3427734375 0.318359375 0.05859375 0.1572265625
0 0.3896484375 0.1376953125 0.013671875 0.0283203125
1 0.427734375 0.3154296875 0.0166015625 0.0478515625
1 0.578125 0.3017578125 0.0390625 0.041015625
0 0.2353515625 0.2666015625 0.037109375 0.0703125
1 0.5341796875 0.6640625 0.0322265625 0.1015625
1 0.9755859375 0.6181640625 0.044921875 0.0986328125
2 0.3642578125 0.4755859375 0.099609375 0.2548828125
2 0.36328125 0.1279296875 0.0185546875 0.0380859375
1 0.4130859375 0.203125 0.009765625 0.029296875
0 0.51953125 0.9296875 0.1728515625 0.1337890625
0 0.494140625 0.21875 0.0234375 0.048828125
0 0.38671875 0.19921875 0.025390625 0.0556640625
1 0.8779296875 0.8115234375 0.0595703125 0.12890625
1 0.37890625 0.1611328125 0.0068359375 0.0224609375
1 0.3974609375 0.2373046875 0.009765625 0.0341796875
1 0.892578125 0.55078125 0.0322265625 0.0576171875
1 0.3212890625 0.171875 0.005859375 0.0205078125
1 0.39453125 0.1640625 0.0048828125 0.0205078125
2 0.333984375 0.2236328125 0.0341796875 0.0400390625
1 0.28125 0.626953125 0.0283203125 0.091796875
1 0.544921875 0.25 0.0087890625 0.0263671875
1 0.365234375 0.1591796875 0.0068359375 0.0263671875
1 0.322265625 0.140625 0.0087890625 0.0185546875
1 0.4462890625 0.17578125 0.0087890625 0.0224609375
1 0.462890625 0.2041015625 0.0068359375 0.0234375
1 0.51171875 0.2470703125 0.0107421875 0.0380859375
0 0.3193359375 0.123046875 0.0107421875 0.0263671875