0 0.234375 0.2666015625 0.0380859375 0.068359375
1 0.9169921875 0.5439453125 0.0791015625 0.0927734375
1 0.2900390625 0.48046875 0.01953125 0.0673828125
2 0.52734375 0.4873046875 0.087890625 0.2392578125
0 0.4453125 0.75 0.13671875 0.2138671875
0 0.3359375 0.3125 0.0400390625 0.0625
2 0.3212890625 0.130859375 0.0166015625 0.044921875
2 0.337890625 0.13671875 0.0224609375 0.0556640625
1 0.4677734375 0.2373046875 0.013671875 0.044921875
1 0.326171875 0.416015625 0.0205078125 0.05859375
1 0.9775390625 0.6142578125 0.0439453125 0.1064453125
1 0.306640625 0.2109375 0.0107421875 0.029296875
1 0.2998046875 0.701171875 0.029296875 0.0927734375
1 0.416015625 0.17578125 0.0078125 0.025390625
0 0.3701171875 0.15234375 0.0185546875 0.0302734375
1 0.5458984375 0.25 0.0078125 0.02734375
1 0.4541015625 0.240234375 0.013671875 0.0517578125
0 0.4814453125 0.3134765625 0.0498046875 0.0927734375
1 0.3232421875 0.1689453125 0.0107421875 0.0263671875
2 0.2861328125 0.3359375 0.0595703125 0.150390625
0 0.361328125 0.5068359375 0.083984375 0.142578125
1 0.29296875 0.2421875 0.009765625 0.0400390625
2 0.3935546875 0.185546875 0.0361328125 0.0703125
1 0.4677734375 0.5927734375 0.0361328125 0.1025390625
2 0.3388671875 0.232421875 0.048828125 0.103515625
1 0.4931640625 0.228515625 0.0126953125 0.044921875
1 0.5771484375 0.3046875 0.0361328125 0.0400390625
1 0.4765625 0.2099609375 0.013671875 0.0302734375
2 0.6689453125 0.53125 0.1396484375 0.208984375
2 0.2890625 0.125 0.0166015625 0.05078125
0 0.361328125 0.1357421875 0.01171875 0.0244140625