1 0.9765625 0.6240234375 0.0458984375 0.0888671875
1 0.92578125 0.54296875 0.052734375 0.0908203125
0 0.3466796875 0.41796875 0.05078125 0.095703125
1 0.29296875 0.2109375 0.009765625 0.033203125
0 0.234375 0.2666015625 0.0361328125 0.0732421875
0 0.44921875 0.2080078125 0.029296875 0.05859375
1 0.4990234375 0.56640625 0.02734375 0.0859375
0 0.4072265625 0.171875 0.01953125 0.04296875
1 0.30859375 0.4794921875 0.0244140625 0.0712890625
1 0.57421875 0.3017578125 0.0302734375 0.0439453125
1 0.4013671875 0.2275390625 0.0107421875 0.03515625
0 0.3134765625 0.162109375 0.0185546875 0.0341796875
0 0.498046875 0.3115234375 0.0478515625 0.0888671875
1 0.3349609375 0.302734375 0.0205078125 0.0546875
0 0.494140625 0.21875 0.0244140625 0.0498046875
1 0.2724609375 0.1962890625 0.0185546875 0.03515625
1 0.4775390625 0.208984375 0.0166015625 0.037109375
1 0.4111328125 0.765625 0.05078125 0.130859375
0 0.3388671875 0.1845703125 0.01953125 0.0234375
2 0.3359375 0.2333984375 0.0341796875 0.0888671875
1 0.341796875 0.5732421875 0.0537109375 0.0966796875
1 0.318359375 0.3388671875 0.0146484375 0.0498046875
0 0.2998046875 0.296875 0.0439453125 0.0888671875
0 0.3251953125 0.1572265625 0.0087890625 0.02734375
0 0.359375 0.1220703125 0.009765625 0.0205078125
2 0.4755859375 0.82421875 0.2001953125 0.3408203125
0 0.3935546875 0.19921875 0.025390625 0.0419921875