0 0.373046875 0.1494140625 0.017578125 0.033203125
0 0.333984375 0.1552734375 0.01953125 0.0380859375
0 0.486328125 0.4443359375 0.0595703125 0.1064453125
0 0.4443359375 0.349609375 0.0517578125 0.111328125
0 0.5224609375 0.3095703125 0.0478515625 0.0927734375
2 0.4375 0.7119140625 0.2294921875 0.4208984375
2 0.42578125 0.240234375 0.0478515625 0.09375
2 0.3369140625 0.1240234375 0.0146484375 0.0263671875
2 0.2978515625 0.33203125 0.0556640625 0.1162109375
0 0.3896484375 0.1962890625 0.03125 0.05859375
0 0.3994140625 0.263671875 0.01171875 0.0576171875
2 0.4716796875 0.2470703125 0.056640625 0.1171875
0 0.3564453125 0.125 0.0107421875 0.0205078125
2 0.2890625 0.1240234375 0.0166015625 0.0478515625