1 0.9765625 0.6142578125 0.044921875 0.109375
1 0.9140625 0.541015625 0.0771484375 0.095703125
1 0.5771484375 0.30078125 0.0390625 0.044921875
1 0.544921875 0.2548828125 0.01171875 0.0302734375
1 0.4775390625 0.2119140625 0.0166015625 0.0322265625
1 0.4287109375 0.2138671875 0.009765625 0.0283203125
1 0.4501953125 0.818359375 0.0537109375 0.1357421875
0 0.2353515625 0.2685546875 0.0361328125 0.072265625
1 0.3271484375 0.7177734375 0.0322265625 0.1103515625
0 0.396484375 0.142578125 0.017578125 0.033203125
1 0.279296875 0.546875 0.0263671875 0.0654296875
1 0.3681640625 0.1611328125 0.0068359375 0.0234375
1 0.451171875 0.6220703125 0.03125 0.08984375
2 0.337890625 0.173828125 0.0283203125 0.080078125
0 0.361328125 0.4755859375 0.064453125 0.1162109375
0 0.447265625 0.3359375 0.05078125 0.109375
1 0.4482421875 0.232421875 0.0107421875 0.0341796875
0 0.5009765625 0.47265625 0.07421875 0.1650390625
0 0.380859375 0.6015625 0.083984375 0.1484375
1 0.4052734375 0.1962890625 0.0087890625 0.0263671875
0 0.3212890625 0.1220703125 0.013671875 0.0234375
1 0.5869140625 0.6220703125 0.03125 0.1123046875
2 0.2666015625 0.3779296875 0.09375 0.1953125
1 0.3017578125 0.1923828125 0.009765625 0.025390625
1 0.3076171875 0.64453125 0.0302734375 0.111328125
0 0.3837890625 0.1513671875 0.017578125 0.03515625
0 0.3095703125 0.2578125 0.0263671875 0.0517578125
1 0.419921875 0.1923828125 0.0087890625 0.0302734375
2 0.361328125 0.130859375 0.0166015625 0.0322265625
1 0.462890625 0.2001953125 0.0087890625 0.0283203125
1 0.314453125 0.1748046875 0.0126953125 0.0322265625
1 0.47265625 0.5673828125 0.025390625 0.087890625
1 0.2724609375 0.263671875 0.013671875 0.033203125
2 0.337890625 0.1240234375 0.0185546875 0.03515625
2 0.2890625 0.1240234375 0.015625 0.044921875
0 0.1279296875 0.5625 0.13671875 0.1689453125