1 0.42578125 0.35546875 0.017578125 0.0546875
1 0.9169921875 0.541015625 0.078125 0.09765625
1 0.5771484375 0.3828125 0.0166015625 0.0537109375
1 0.4638671875 0.232421875 0.0107421875 0.0283203125
1 0.392578125 0.2578125 0.01171875 0.03515625
1 0.37890625 0.203125 0.009765625 0.0341796875
1 0.478515625 0.2099609375 0.013671875 0.0302734375
1 0.419921875 0.1806640625 0.0087890625 0.025390625
1 0.3193359375 0.16015625 0.0087890625 0.0283203125
1 0.576171875 0.3056640625 0.0341796875 0.0322265625
2 0.5224609375 0.4892578125 0.09375 0.2666015625
1 0.4443359375 0.26171875 0.013671875 0.0419921875
1 0.3037109375 0.2021484375 0.0107421875 0.029296875
1 0.4296875 0.8515625 0.04296875 0.111328125
1 0.25 0.70703125 0.03515625 0.107421875
1 0.4072265625 0.17578125 0.0068359375 0.025390625
0 0.3984375 0.2060546875 0.0244140625 0.048828125
0 0.4384765625 0.228515625 0.0263671875 0.0458984375
0 0.3388671875 0.2236328125 0.025390625 0.044921875
1 0.978515625 0.6240234375 0.04296875 0.091796875
0 0.8232421875 0.8212890625 0.1689453125 0.2880859375
0 0.470703125 0.3115234375 0.04296875 0.099609375
0 0.6630859375 0.537109375 0.095703125 0.1513671875
1 0.4814453125 0.2587890625 0.0126953125 0.033203125
1 0.5380859375 0.341796875 0.013671875 0.04296875
2 0.359375 0.12890625 0.0107421875 0.02734375
2 0.38671875 0.1630859375 0.0244140625 0.0419921875
0 0.40234375 0.14453125 0.013671875 0.0263671875