0 0.2353515625 0.267578125 0.03515625 0.0693359375
1 0.9267578125 0.5419921875 0.0537109375 0.08984375
1 0.5771484375 0.30078125 0.0419921875 0.04296875
1 0.544921875 0.2529296875 0.0107421875 0.0341796875
1 0.51953125 0.7041015625 0.0341796875 0.107421875
1 0.9775390625 0.6171875 0.044921875 0.1005859375
1 0.5244140625 0.8720703125 0.06640625 0.1455078125
1 0.4814453125 0.6650390625 0.03515625 0.11328125
1 0.572265625 0.5400390625 0.0283203125 0.08984375
0 0.4404296875 0.3203125 0.0478515625 0.1015625
0 0.396484375 0.14453125 0.017578125 0.03515625
1 0.36328125 0.1533203125 0.0068359375 0.0205078125
0 0.369140625 0.51171875 0.0703125 0.123046875
1 0.412109375 0.1904296875 0.0078125 0.0263671875
1 0.4775390625 0.2060546875 0.017578125 0.037109375
0 0.3466796875 0.228515625 0.0244140625 0.0576171875
0 0.498046875 0.4765625 0.0751953125 0.158203125
1 0.3330078125 0.7587890625 0.0380859375 0.1181640625
0 0.3974609375 0.669921875 0.1005859375 0.1689453125
1 0.392578125 0.173828125 0.0068359375 0.0234375
0 0.3037109375 0.271484375 0.03125 0.0546875
0 0.3798828125 0.14453125 0.0146484375 0.0341796875
1 0.4033203125 0.8828125 0.0458984375 0.1337890625
0 0.4150390625 0.2587890625 0.0380859375 0.0703125
1 0.3125 0.1904296875 0.009765625 0.02734375
1 0.4599609375 0.58984375 0.0322265625 0.0966796875
1 0.2890625 0.66015625 0.0322265625 0.0888671875
1 0.3212890625 0.1435546875 0.0087890625 0.0244140625
2 0.3603515625 0.126953125 0.0185546875 0.03125
2 0.25 0.4111328125 0.1142578125 0.2177734375
1 0.423828125 0.2021484375 0.0087890625 0.0322265625
0 0.494140625 0.2197265625 0.025390625 0.0498046875
0 0.3212890625 0.1240234375 0.013671875 0.021484375
1 0.4619140625 0.193359375 0.009765625 0.0400390625
1 0.294921875 0.193359375 0.0107421875 0.02734375
2 0.2880859375 0.12109375 0.013671875 0.0400390625
2 0.3388671875 0.12109375 0.0146484375 0.0244140625