1 0.5771484375 0.30078125 0.0341796875 0.041015625
1 0.9150390625 0.544921875 0.07421875 0.0869140625
1 0.978515625 0.625 0.04296875 0.095703125
1 0.712890625 0.5634765625 0.0380859375 0.08984375
0 0.458984375 0.365234375 0.056640625 0.1259765625
1 0.474609375 0.2080078125 0.009765625 0.029296875
2 0.3408203125 0.22265625 0.0341796875 0.080078125
1 0.4013671875 0.24609375 0.01171875 0.044921875
0 0.5224609375 0.5810546875 0.0791015625 0.21875
0 0.3935546875 0.14453125 0.017578125 0.0322265625
2 0.3388671875 0.15625 0.01953125 0.0419921875
0 0.330078125 0.8212890625 0.189453125 0.26953125
1 0.4951171875 0.220703125 0.0185546875 0.044921875
0 0.3125 0.201171875 0.021484375 0.044921875
0 0.318359375 0.146484375 0.0185546875 0.0322265625
0 0.373046875 0.1455078125 0.0244140625 0.0439453125
0 0.255859375 0.466796875 0.0830078125 0.111328125
2 0.2919921875 0.1279296875 0.01953125 0.05859375
0 0.306640625 0.1552734375 0.0107421875 0.029296875