1 0.916015625 0.54296875 0.076171875 0.08984375
1 0.576171875 0.2998046875 0.0361328125 0.0419921875
1 0.9775390625 0.5888671875 0.0439453125 0.15234375
1 0.7021484375 0.63671875 0.0400390625 0.1162109375
1 0.279296875 0.361328125 0.0146484375 0.0498046875
1 0.4775390625 0.20703125 0.017578125 0.033203125
2 0.3681640625 0.1416015625 0.0234375 0.046875
1 0.314453125 0.1513671875 0.0068359375 0.0234375
0 0.3876953125 0.16015625 0.0234375 0.0400390625
0 0.3388671875 0.2158203125 0.0283203125 0.0673828125
0 0.4189453125 0.1630859375 0.0224609375 0.0439453125
0 0.3994140625 0.7861328125 0.1884765625 0.3095703125
0 0.4912109375 0.5986328125 0.095703125 0.212890625
0 0.490234375 0.3720703125 0.056640625 0.08984375