1 0.9150390625 0.5439453125 0.076171875 0.091796875
1 0.4189453125 0.2060546875 0.0087890625 0.0361328125
2 0.3154296875 0.1552734375 0.0283203125 0.064453125
2 0.3408203125 0.251953125 0.0537109375 0.1123046875
0 0.443359375 0.2236328125 0.03515625 0.060546875
0 0.2392578125 0.263671875 0.0419921875 0.0703125
0 0.4150390625 0.162109375 0.0224609375 0.0380859375
1 0.197265625 0.5 0.02734375 0.0751953125
1 0.97265625 0.6357421875 0.0380859375 0.06640625
0 0.390625 0.2109375 0.0283203125 0.0517578125
0 0.4912109375 0.4775390625 0.0791015625 0.16015625
0 0.2802734375 0.3720703125 0.044921875 0.083984375
1 0.40625 0.203125 0.0087890625 0.029296875
0 0.341796875 0.3876953125 0.0498046875 0.087890625
1 0.2451171875 0.3916015625 0.017578125 0.05078125
0 0.2939453125 0.2607421875 0.03515625 0.064453125
0 0.318359375 0.8251953125 0.2177734375 0.328125
0 0.31640625 0.197265625 0.0205078125 0.037109375
0 0.4580078125 0.357421875 0.052734375 0.123046875
2 0.3408203125 0.1708984375 0.0283203125 0.056640625
2 0.568359375 0.37109375 0.076171875 0.1455078125
0 0.357421875 0.1318359375 0.0126953125 0.0244140625
0 0.49609375 0.6416015625 0.1005859375 0.2021484375
2 0.3349609375 0.1279296875 0.021484375 0.0400390625