1 0.90234375 0.5361328125 0.0498046875 0.083984375
1 0.5380859375 0.6513671875 0.0302734375 0.09375
0 0.236328125 0.267578125 0.0361328125 0.06640625
1 0.9775390625 0.615234375 0.044921875 0.1064453125
1 0.4052734375 0.2802734375 0.013671875 0.0439453125
1 0.576171875 0.3017578125 0.0400390625 0.0419921875
1 0.4755859375 0.2119140625 0.013671875 0.0322265625
1 0.48828125 0.6357421875 0.033203125 0.1015625
0 0.3466796875 0.3173828125 0.0380859375 0.06640625
1 0.4033203125 0.1982421875 0.009765625 0.0302734375
0 0.353515625 0.376953125 0.0498046875 0.08203125
0 0.3447265625 0.25390625 0.033203125 0.056640625
1 0.291015625 0.3779296875 0.0166015625 0.0517578125
1 0.3193359375 0.40234375 0.0224609375 0.0625
0 0.48828125 0.4482421875 0.06640625 0.154296875
1 0.3134765625 0.2001953125 0.009765625 0.02734375
0 0.2333984375 0.4658203125 0.076171875 0.103515625
1 0.3212890625 0.1669921875 0.0068359375 0.025390625
0 0.3720703125 0.134765625 0.0205078125 0.02734375
2 0.4091796875 0.5888671875 0.11328125 0.263671875
0 0.3798828125 0.169921875 0.0205078125 0.041015625
1 0.255859375 0.208984375 0.0068359375 0.0244140625
1 0.435546875 0.3017578125 0.0185546875 0.0419921875
1 0.6318359375 0.3798828125 0.0361328125 0.0625
0 0.322265625 0.142578125 0.0126953125 0.021484375
0 0.3583984375 0.138671875 0.009765625 0.017578125
2 0.296875 0.2587890625 0.0576171875 0.1298828125
2 0.3369140625 0.1806640625 0.03515625 0.0986328125
2 0.337890625 0.126953125 0.01953125 0.03125
2 0.095703125 0.5986328125 0.1865234375 0.314453125
0 0.2939453125 0.1943359375 0.0126953125 0.0205078125