1 0.3203125 0.1962890625 0.0107421875 0.0302734375
1 0.2890625 0.3720703125 0.017578125 0.0576171875
1 0.3076171875 0.2255859375 0.009765625 0.0380859375
0 0.556640625 0.537109375 0.0771484375 0.140625
1 0.43359375 0.25 0.0107421875 0.0341796875
1 0.4072265625 0.6572265625 0.0244140625 0.07421875
1 0.4765625 0.208984375 0.01171875 0.02734375
0 0.458984375 0.41015625 0.05859375 0.1025390625
1 0.3369140625 0.1884765625 0.0126953125 0.0322265625
0 0.3662109375 0.720703125 0.095703125 0.2177734375
1 0.5126953125 0.7685546875 0.0380859375 0.1171875
0 0.3720703125 0.1611328125 0.01953125 0.0322265625
0 0.3564453125 0.126953125 0.0126953125 0.0263671875
1 0.41796875 0.3349609375 0.017578125 0.044921875
1 0.4462890625 0.7587890625 0.033203125 0.111328125
1 0.296875 0.3134765625 0.0126953125 0.0380859375
2 0.353515625 0.3740234375 0.0732421875 0.19140625
2 0.1220703125 0.5546875 0.2431640625 0.3310546875
1 0.306640625 0.185546875 0.009765625 0.029296875
1 0.2822265625 0.2578125 0.01171875 0.0322265625
2 0.396484375 0.1787109375 0.0419921875 0.1357421875
0 0.318359375 0.15234375 0.015625 0.0322265625
2 0.333984375 0.1572265625 0.017578125 0.0380859375