1 0.927734375 0.5419921875 0.0576171875 0.08984375
1 0.4072265625 0.26171875 0.01171875 0.0400390625
1 0.9775390625 0.61328125 0.0439453125 0.115234375
0 0.3916015625 0.1474609375 0.017578125 0.03125
1 0.44140625 0.3779296875 0.0166015625 0.0625
1 0.0732421875 0.6171875 0.056640625 0.08984375
1 0.3134765625 0.1806640625 0.0087890625 0.0302734375
0 0.333984375 0.1396484375 0.0166015625 0.0322265625
1 0.478515625 0.2109375 0.015625 0.0302734375
0 0.33984375 0.203125 0.0263671875 0.046875
1 0.328125 0.1787109375 0.0078125 0.0263671875
0 0.341796875 0.2998046875 0.037109375 0.0634765625
1 0.39453125 0.232421875 0.009765625 0.0390625
0 0.3515625 0.4404296875 0.060546875 0.10546875
1 0.3212890625 0.138671875 0.0078125 0.0205078125
1 0.29296875 0.169921875 0.005859375 0.0244140625
1 0.568359375 0.2998046875 0.0234375 0.037109375
1 0.4443359375 0.1748046875 0.0078125 0.0224609375
2 0.3662109375 0.1337890625 0.0224609375 0.0478515625
2 0.416015625 0.162109375 0.0283203125 0.0625
0 0.341796875 0.1103515625 0.0087890625 0.0166015625
2 0.2890625 0.12109375 0.015625 0.0390625
0 0.4970703125 0.21875 0.0283203125 0.0478515625
0 0.380859375 0.138671875 0.009765625 0.0224609375
0 0.40625 0.6123046875 0.1025390625 0.1767578125