1 0.9267578125 0.5419921875 0.052734375 0.08984375
2 0.4248046875 0.26953125 0.0576171875 0.1279296875
1 0.5771484375 0.302734375 0.037109375 0.0390625
0 0.2412109375 0.263671875 0.046875 0.0703125
1 0.9765625 0.6142578125 0.0439453125 0.1083984375
1 0.1015625 0.5869140625 0.0439453125 0.0830078125
0 0.19140625 0.5419921875 0.1025390625 0.11328125
0 0.2509765625 0.3974609375 0.0478515625 0.083984375
0 0.318359375 0.4580078125 0.0625 0.1181640625
0 0.466796875 0.2607421875 0.033203125 0.0634765625
2 0.326171875 0.34765625 0.0703125 0.1494140625
2 0.3486328125 0.205078125 0.0341796875 0.0625
0 0.6083984375 0.412109375 0.068359375 0.126953125
0 0.865234375 0.8125 0.173828125 0.283203125
0 0.4951171875 0.21875 0.0244140625 0.048828125
0 0.3671875 0.560546875 0.0830078125 0.142578125
0 0.380859375 0.158203125 0.017578125 0.041015625
1 0.5244140625 0.314453125 0.0166015625 0.0341796875
0 0.365234375 0.1455078125 0.01171875 0.025390625
0 0.517578125 0.3662109375 0.0595703125 0.0947265625
2 0.2900390625 0.25390625 0.0390625 0.0830078125
0 0.580078125 0.693359375 0.103515625 0.271484375
1 0.4189453125 0.384765625 0.017578125 0.0712890625
0 0.4033203125 0.6884765625 0.1123046875 0.1875
0 0.3935546875 0.1494140625 0.01171875 0.0263671875
0 0.33203125 0.181640625 0.015625 0.041015625
1 0.2626953125 0.34375 0.021484375 0.0537109375
1 0.3154296875 0.22265625 0.01171875 0.0341796875
0 0.28515625 0.6865234375 0.12109375 0.2177734375
0 0.5048828125 0.5595703125 0.0673828125 0.1708984375
0 0.6455078125 0.5537109375 0.099609375 0.1650390625
0 0.4951171875 0.935546875 0.19140625 0.12890625
0 0.46875 0.3857421875 0.060546875 0.109375
2 0.306640625 0.1875 0.033203125 0.0751953125
2 0.2890625 0.12109375 0.013671875 0.0400390625