1 0.412109375 0.2861328125 0.01171875 0.04296875
1 0.978515625 0.623046875 0.0419921875 0.08203125
1 0.2802734375 0.3271484375 0.0146484375 0.0478515625
1 0.6796875 0.7001953125 0.033203125 0.1044921875
0 0.3994140625 0.1904296875 0.0263671875 0.0498046875
0 0.337890625 0.27734375 0.033203125 0.056640625
1 0.6298828125 0.7490234375 0.03515625 0.1123046875
1 0.4853515625 0.61328125 0.02734375 0.099609375
1 0.3046875 0.150390625 0.0087890625 0.0234375
0 0.3427734375 0.3359375 0.041015625 0.044921875
0 0.4228515625 0.173828125 0.021484375 0.044921875
1 0.4345703125 0.404296875 0.0205078125 0.0654296875
0 0.470703125 0.4326171875 0.0302734375 0.0986328125
1 0.3056640625 0.2705078125 0.0107421875 0.037109375
0 0.8017578125 0.7353515625 0.169921875 0.265625
1 0.46484375 0.234375 0.0107421875 0.0302734375
1 0.2490234375 0.3623046875 0.0166015625 0.044921875
1 0.9140625 0.54296875 0.072265625 0.0869140625
1 0.3173828125 0.26953125 0.013671875 0.0458984375
1 0.484375 0.8974609375 0.048828125 0.154296875
2 0.3916015625 0.1533203125 0.0185546875 0.0458984375
0 0.564453125 0.4072265625 0.060546875 0.11328125
2 0.3359375 0.16796875 0.0263671875 0.0634765625
2 0.3779296875 0.146484375 0.0126953125 0.0419921875
0 0.55078125 0.599609375 0.0966796875 0.1953125
0 0.3408203125 0.2294921875 0.029296875 0.0498046875
2 0.3623046875 0.1455078125 0.0107421875 0.0361328125
2 0.291015625 0.1259765625 0.0185546875 0.0517578125
2 0.0986328125 0.6083984375 0.1923828125 0.33984375