1 0.9150390625 0.5419921875 0.0751953125 0.09375
2 0.322265625 0.2470703125 0.0537109375 0.115234375
0 0.2353515625 0.2666015625 0.0361328125 0.0703125
1 0.9765625 0.6162109375 0.044921875 0.1025390625
0 0.4423828125 0.1982421875 0.0283203125 0.041015625
1 0.2001953125 0.6220703125 0.0595703125 0.0947265625
1 0.2587890625 0.3427734375 0.0185546875 0.0537109375
1 0.576171875 0.302734375 0.037109375 0.0400390625
1 0.3935546875 0.1689453125 0.0068359375 0.0244140625
1 0.2822265625 0.6962890625 0.0517578125 0.1044921875
1 0.3779296875 0.1884765625 0.009765625 0.02734375
1 0.310546875 0.1796875 0.01171875 0.02734375
1 0.5439453125 0.2548828125 0.0087890625 0.029296875
0 0.3798828125 0.15625 0.0166015625 0.0400390625
0 0.341796875 0.3427734375 0.041015625 0.0927734375
0 0.2783203125 0.2783203125 0.0380859375 0.0576171875
2 0.3359375 0.140625 0.0244140625 0.0537109375
0 0.384765625 0.806640625 0.1884765625 0.3369140625
2 0.3642578125 0.1396484375 0.017578125 0.037109375
1 0.4248046875 0.22265625 0.0087890625 0.03125
1 0.291015625 0.1689453125 0.009765625 0.0224609375
1 0.4970703125 0.2333984375 0.01953125 0.037109375
0 0.501953125 0.4130859375 0.052734375 0.1240234375
0 0.9287109375 0.9287109375 0.142578125 0.126953125
2 0.3369140625 0.1806640625 0.025390625 0.0439453125
2 0.302734375 0.427734375 0.1142578125 0.1708984375
2 0.4775390625 0.3291015625 0.0673828125 0.103515625
2 0.2880859375 0.1220703125 0.0146484375 0.0439453125
0 0.46484375 0.224609375 0.033203125 0.041015625
0 0.3642578125 0.111328125 0.0126953125 0.021484375
0 0.3896484375 0.1416015625 0.013671875 0.0185546875
0 0.41015625 0.173828125 0.021484375 0.0439453125