1 0.4345703125 0.2109375 0.0087890625 0.0263671875
2 0.337890625 0.123046875 0.0185546875 0.0302734375
1 0.9794921875 0.6220703125 0.041015625 0.095703125
2 0.333984375 0.3369140625 0.056640625 0.14453125
1 0.9150390625 0.5439453125 0.0732421875 0.083984375
0 0.5146484375 0.5478515625 0.087890625 0.158203125
1 0.572265625 0.5244140625 0.025390625 0.0810546875
0 0.298828125 0.2705078125 0.033203125 0.0634765625
0 0.4814453125 0.416015625 0.056640625 0.1142578125
1 0.4755859375 0.208984375 0.0126953125 0.029296875
0 0.7568359375 0.6494140625 0.1240234375 0.1875
0 0.62109375 0.40625 0.0654296875 0.09375
1 0.5771484375 0.3046875 0.0361328125 0.0341796875
0 0.6337890625 0.5146484375 0.08984375 0.1416015625
1 0.365234375 0.41796875 0.021484375 0.060546875
1 0.3271484375 0.25 0.009765625 0.037109375
0 0.3466796875 0.2314453125 0.02734375 0.052734375
1 0.3515625 0.259765625 0.01171875 0.0302734375
0 0.068359375 0.6494140625 0.1337890625 0.166015625
2 0.4267578125 0.66015625 0.1689453125 0.306640625
0 0.4033203125 0.1494140625 0.0185546875 0.037109375
2 0.3056640625 0.2080078125 0.03515625 0.072265625
0 0.36328125 0.1376953125 0.0146484375 0.01953125
0 0.33984375 0.1884765625 0.021484375 0.041015625
2 0.3369140625 0.15234375 0.017578125 0.0322265625
2 0.287109375 0.123046875 0.015625 0.0458984375