1 0.576171875 0.3017578125 0.0380859375 0.0419921875
1 0.4677734375 0.4052734375 0.021484375 0.068359375
0 0.345703125 0.3203125 0.0400390625 0.06640625
0 0.3701171875 0.1552734375 0.0166015625 0.0283203125
1 0.419921875 0.3349609375 0.0146484375 0.0556640625
1 0.3046875 0.6630859375 0.0322265625 0.0927734375
1 0.1298828125 0.560546875 0.037109375 0.0888671875
1 0.9130859375 0.541015625 0.0751953125 0.095703125
0 0.4287109375 0.1748046875 0.01953125 0.044921875
0 0.3916015625 0.1962890625 0.0263671875 0.0380859375
1 0.2734375 0.6142578125 0.0224609375 0.064453125
1 0.5234375 0.3173828125 0.013671875 0.0498046875
0 0.33984375 0.166015625 0.017578125 0.03125
2 0.6416015625 0.544921875 0.173828125 0.3251953125
2 0.369140625 0.5185546875 0.1357421875 0.2958984375
1 0.443359375 0.1748046875 0.0087890625 0.025390625
0 0.39453125 0.150390625 0.0166015625 0.037109375
1 0.298828125 0.21484375 0.0107421875 0.037109375
0 0.3193359375 0.142578125 0.0166015625 0.01953125
1 0.978515625 0.6201171875 0.04296875 0.095703125
0 0.33984375 0.140625 0.0126953125 0.0224609375
1 0.5107421875 0.2880859375 0.013671875 0.0478515625
1 0.4765625 0.2099609375 0.0166015625 0.03125
1 0.4619140625 0.2001953125 0.0068359375 0.0224609375
2 0.3642578125 0.1240234375 0.0205078125 0.05078125
1 0.2880859375 0.2138671875 0.0107421875 0.0234375
1 0.3095703125 0.2060546875 0.0146484375 0.03125
1 0.4833984375 0.5634765625 0.029296875 0.08203125
0 0.3251953125 0.12890625 0.01171875 0.0166015625
2 0.4765625 0.3046875 0.0615234375 0.1396484375
0 0.541015625 0.5986328125 0.0830078125 0.1982421875
2 0.2890625 0.2509765625 0.02734375 0.0537109375
0 0.3798828125 0.1337890625 0.0107421875 0.0263671875
0 0.5078125 0.912109375 0.166015625 0.169921875