1 0.916015625 0.541015625 0.0771484375 0.091796875
2 0.515625 0.4599609375 0.0859375 0.228515625
0 0.2353515625 0.265625 0.037109375 0.0712890625
1 0.333984375 0.2041015625 0.0078125 0.0263671875
1 0.2861328125 0.375 0.0166015625 0.0498046875
1 0.3076171875 0.1875 0.0078125 0.0234375
1 0.9736328125 0.6357421875 0.041015625 0.064453125
1 0.275390625 0.439453125 0.01953125 0.068359375
0 0.3466796875 0.46875 0.0625 0.099609375
1 0.3896484375 0.1591796875 0.009765625 0.0224609375
1 0.3251953125 0.2109375 0.0107421875 0.03125
0 0.396484375 0.19140625 0.025390625 0.046875
1 0.4521484375 0.4912109375 0.025390625 0.08203125
1 0.2890625 0.306640625 0.013671875 0.037109375
1 0.4072265625 0.1640625 0.0068359375 0.0205078125
1 0.2685546875 0.3544921875 0.0146484375 0.044921875
1 0.3193359375 0.1884765625 0.0078125 0.025390625
1 0.7041015625 0.51953125 0.0283203125 0.0869140625
0 0.513671875 0.8720703125 0.1884765625 0.244140625
2 0.3671875 0.142578125 0.021484375 0.0439453125
0 0.3203125 0.1435546875 0.0146484375 0.0263671875
2 0.337890625 0.1416015625 0.0244140625 0.05078125
0 0.5791015625 0.43359375 0.0673828125 0.1259765625
0 0.9482421875 0.91015625 0.1025390625 0.1630859375
1 0.32421875 0.791015625 0.0361328125 0.103515625
2 0.3427734375 0.302734375 0.068359375 0.1669921875
1 0.578125 0.306640625 0.0361328125 0.033203125
2 0.474609375 0.255859375 0.0517578125 0.0966796875