0 0.2353515625 0.265625 0.037109375 0.0703125
1 0.4375 0.38671875 0.0185546875 0.060546875
0 0.421875 0.2275390625 0.0322265625 0.0537109375
1 0.2939453125 0.404296875 0.0166015625 0.0478515625
0 0.443359375 0.1982421875 0.029296875 0.052734375
1 0.578125 0.3017578125 0.041015625 0.04296875
0 0.4970703125 0.369140625 0.0595703125 0.1103515625
1 0.3896484375 0.2353515625 0.0107421875 0.0302734375
1 0.4765625 0.5556640625 0.025390625 0.0810546875
0 0.37890625 0.1416015625 0.0166015625 0.029296875
1 0.1962890625 0.49609375 0.0205078125 0.05859375
0 0.3408203125 0.3701171875 0.04296875 0.0791015625
1 0.5458984375 0.25 0.009765625 0.0263671875
0 0.33203125 0.2109375 0.0263671875 0.029296875
1 0.478515625 0.2080078125 0.017578125 0.03515625
2 0.333984375 0.2626953125 0.0439453125 0.107421875
0 0.2919921875 0.2392578125 0.0302734375 0.05859375
0 0.5849609375 0.4072265625 0.0634765625 0.10546875
2 0.8515625 0.7177734375 0.29296875 0.5419921875
0 0.31640625 0.1513671875 0.01171875 0.025390625
2 0.5703125 0.56640625 0.08984375 0.2119140625
2 0.0380859375 0.63671875 0.076171875 0.171875
0 0.3671875 0.1328125 0.009765625 0.0224609375
0 0.390625 0.142578125 0.01171875 0.0205078125
2 0.4169921875 0.62890625 0.1669921875 0.318359375
0 0.3388671875 0.1181640625 0.021484375 0.025390625