1 0.896484375 0.544921875 0.0390625 0.068359375
1 0.279296875 0.3486328125 0.0146484375 0.04296875
0 0.3935546875 0.185546875 0.0244140625 0.033203125
0 0.3623046875 0.134765625 0.0126953125 0.0185546875
1 0.9736328125 0.6357421875 0.037109375 0.0634765625
0 0.494140625 0.2177734375 0.0224609375 0.046875
1 0.2265625 0.51171875 0.02734375 0.0693359375
1 0.578125 0.3037109375 0.037109375 0.037109375
0 0.3173828125 0.146484375 0.0166015625 0.025390625
0 0.2353515625 0.2646484375 0.0361328125 0.0712890625
2 0.392578125 0.1435546875 0.017578125 0.04296875
1 0.3271484375 0.7568359375 0.03515625 0.1142578125
2 0.4384765625 0.27734375 0.0546875 0.119140625
1 0.3056640625 0.3955078125 0.01953125 0.060546875
1 0.396484375 0.259765625 0.01171875 0.03515625
1 0.2998046875 0.5205078125 0.0244140625 0.072265625
1 0.2900390625 0.6474609375 0.0322265625 0.0869140625
1 0.3798828125 0.9130859375 0.0439453125 0.126953125
2 0.3388671875 0.1552734375 0.0244140625 0.0517578125
2 0.2890625 0.1259765625 0.0166015625 0.052734375
2 0.453125 0.6416015625 0.2431640625 0.48046875
0 0.3779296875 0.134765625 0.0068359375 0.017578125