1 0.9755859375 0.6318359375 0.04296875 0.0732421875
1 0.7626953125 0.615234375 0.0400390625 0.1005859375
1 0.9287109375 0.5419921875 0.0576171875 0.091796875
1 0.646484375 0.4892578125 0.0244140625 0.0712890625
1 0.8994140625 0.865234375 0.06640625 0.1533203125
1 0.576171875 0.3017578125 0.0361328125 0.037109375
1 0.53515625 0.3173828125 0.0166015625 0.044921875
0 0.5654296875 0.3837890625 0.052734375 0.0869140625
1 0.3017578125 0.224609375 0.0087890625 0.029296875
1 0.5927734375 0.6630859375 0.0341796875 0.1015625
0 0.3212890625 0.421875 0.0498046875 0.1181640625
2 0.3359375 0.130859375 0.025390625 0.0654296875
1 0.4453125 0.4892578125 0.0234375 0.0751953125
2 0.5205078125 0.4765625 0.0966796875 0.275390625
1 0.318359375 0.14453125 0.0068359375 0.0224609375
1 0.8935546875 0.548828125 0.0302734375 0.05859375
0 0.4443359375 0.3330078125 0.0458984375 0.11328125
2 0.4326171875 0.6689453125 0.142578125 0.283203125
1 0.435546875 0.4423828125 0.0205078125 0.0556640625
1 0.26171875 0.3642578125 0.0126953125 0.0458984375
1 0.408203125 0.3232421875 0.015625 0.048828125
1 0.2724609375 0.3271484375 0.0126953125 0.0419921875
2 0.4169921875 0.205078125 0.0380859375 0.080078125
1 0.2490234375 0.505859375 0.0244140625 0.078125
1 0.478515625 0.2099609375 0.0146484375 0.0283203125
2 0.361328125 0.1279296875 0.017578125 0.041015625
2 0.333984375 0.26171875 0.052734375 0.138671875