0 0.390625 0.20703125 0.029296875 0.0556640625
1 0.576171875 0.302734375 0.033203125 0.0390625
1 0.9150390625 0.544921875 0.0791015625 0.087890625
0 0.3359375 0.28125 0.0341796875 0.0595703125
1 0.29296875 0.2978515625 0.013671875 0.0380859375
0 0.36328125 0.544921875 0.087890625 0.15234375
2 0.4306640625 0.251953125 0.0556640625 0.08203125
0 0.337890625 0.20703125 0.02734375 0.072265625
2 0.5107421875 0.564453125 0.099609375 0.328125
0 0.5224609375 0.32421875 0.0517578125 0.1005859375
1 0.9716796875 0.6357421875 0.03515625 0.060546875
0 0.3408203125 0.3720703125 0.0458984375 0.0771484375
2 0.361328125 0.1181640625 0.0185546875 0.0390625
0 0.416015625 0.1650390625 0.017578125 0.0380859375
1 0.466796875 0.25 0.0107421875 0.0380859375
0 0.4033203125 0.1513671875 0.0146484375 0.037109375
0 0.3193359375 0.1787109375 0.015625 0.0419921875
1 0.4765625 0.2109375 0.013671875 0.0283203125
2 0.447265625 0.3505859375 0.0517578125 0.1220703125
1 0.3359375 0.95703125 0.0927734375 0.080078125
1 0.4345703125 0.2001953125 0.0107421875 0.02734375
1 0.4619140625 0.4375 0.01953125 0.0703125
2 0.626953125 0.451171875 0.1083984375 0.2216796875
1 0.451171875 0.48828125 0.0244140625 0.07421875
2 0.8701171875 0.78515625 0.2431640625 0.3837890625
0 0.427734375 0.162109375 0.0087890625 0.0224609375