1 0.576171875 0.302734375 0.0341796875 0.0390625
1 0.916015625 0.54296875 0.0751953125 0.087890625
1 0.4326171875 0.3955078125 0.021484375 0.06640625
0 0.3056640625 0.2021484375 0.025390625 0.0478515625
1 0.39453125 0.9375 0.041015625 0.111328125
1 0.28515625 0.2314453125 0.009765625 0.037109375
1 0.2529296875 0.5361328125 0.0244140625 0.080078125
0 0.42578125 0.177734375 0.0263671875 0.044921875
1 0.298828125 0.3212890625 0.0146484375 0.0419921875
0 0.34375 0.2138671875 0.0224609375 0.0419921875
1 0.2607421875 0.3583984375 0.013671875 0.05078125
1 0.283203125 0.50390625 0.0205078125 0.0654296875
1 0.318359375 0.28515625 0.0126953125 0.0361328125
1 0.51953125 0.6005859375 0.0283203125 0.09375
1 0.3154296875 0.8115234375 0.0419921875 0.1162109375
1 0.3056640625 0.2607421875 0.013671875 0.0361328125
0 0.3935546875 0.2109375 0.0263671875 0.0595703125
1 0.2802734375 0.708984375 0.0361328125 0.103515625
1 0.326171875 0.6376953125 0.0322265625 0.0908203125
1 0.453125 0.62890625 0.025390625 0.0888671875
0 0.3798828125 0.5712890625 0.0830078125 0.1328125
0 0.34375 0.1796875 0.01953125 0.0390625
1 0.5068359375 0.2666015625 0.0146484375 0.0361328125
1 0.30078125 0.3916015625 0.0185546875 0.0576171875
0 0.318359375 0.1513671875 0.017578125 0.0302734375
1 0.322265625 0.400390625 0.01953125 0.05859375
1 0.4755859375 0.208984375 0.0107421875 0.02734375
1 0.9765625 0.625 0.0419921875 0.08203125
1 0.427734375 0.6953125 0.044921875 0.1044921875
1 0.2666015625 0.322265625 0.0146484375 0.0400390625
2 0.3798828125 0.1533203125 0.0439453125 0.09375
0 0.337890625 0.12109375 0.0185546875 0.0263671875
2 0.3193359375 0.1259765625 0.017578125 0.0263671875