1 0.9140625 0.541015625 0.076171875 0.0966796875
1 0.3369140625 0.2529296875 0.0107421875 0.0322265625
1 0.302734375 0.1552734375 0.0087890625 0.025390625
1 0.578125 0.3037109375 0.037109375 0.037109375
1 0.3203125 0.15234375 0.0078125 0.02734375
0 0.43359375 0.2041015625 0.02734375 0.0546875
1 0.306640625 0.2216796875 0.0087890625 0.0283203125
1 0.3232421875 0.2294921875 0.009765625 0.03125
1 0.3505859375 0.4814453125 0.0205078125 0.0615234375
1 0.4755859375 0.208984375 0.0126953125 0.029296875
1 0.318359375 0.404296875 0.01953125 0.0546875
1 0.4619140625 0.244140625 0.0146484375 0.04296875
0 0.396484375 0.1455078125 0.02734375 0.037109375
2 0.138671875 0.5390625 0.271484375 0.3193359375
1 0.978515625 0.6064453125 0.0419921875 0.119140625
0 0.43359375 0.8291015625 0.177734375 0.275390625
1 0.4599609375 0.640625 0.029296875 0.1005859375
1 0.53515625 0.3505859375 0.017578125 0.0615234375
0 0.3642578125 0.1455078125 0.0166015625 0.037109375
0 0.435546875 0.30859375 0.041015625 0.0908203125
2 0.3369140625 0.134765625 0.015625 0.05078125
1 0.345703125 0.302734375 0.013671875 0.0390625
0 0.390625 0.2099609375 0.02734375 0.0478515625
0 0.376953125 0.1455078125 0.013671875 0.0322265625
2 0.2880859375 0.125 0.0146484375 0.048828125