0 0.240234375 0.2646484375 0.04296875 0.06640625
0 0.4599609375 0.21875 0.0263671875 0.0478515625
2 0.30859375 0.1689453125 0.029296875 0.072265625
0 0.39453125 0.21484375 0.0322265625 0.048828125
2 0.138671875 0.5107421875 0.173828125 0.234375
1 0.44921875 0.6923828125 0.037109375 0.115234375
2 0.353515625 0.3642578125 0.0634765625 0.1337890625
0 0.455078125 0.3642578125 0.0556640625 0.1123046875
0 0.322265625 0.2255859375 0.0244140625 0.046875
0 0.58203125 0.6953125 0.103515625 0.2763671875
2 0.4267578125 0.1796875 0.021484375 0.046875
0 0.3388671875 0.1875 0.025390625 0.0400390625
1 0.2900390625 0.36328125 0.01171875 0.044921875
0 0.3876953125 0.1630859375 0.0234375 0.0439453125
1 0.6474609375 0.498046875 0.0263671875 0.078125
0 0.5009765625 0.50390625 0.0673828125 0.15625
0 0.36328125 0.1533203125 0.01953125 0.0419921875
0 0.341796875 0.2724609375 0.0400390625 0.0576171875
0 0.421875 0.8544921875 0.1337890625 0.2548828125
2 0.3349609375 0.1318359375 0.0205078125 0.0400390625
0 0.4482421875 0.2841796875 0.03515625 0.0546875
2 0.2900390625 0.123046875 0.017578125 0.044921875
0 0.275390625 0.30859375 0.0390625 0.056640625
2 0.3486328125 0.2236328125 0.0361328125 0.056640625