1 0.3095703125 0.22265625 0.0107421875 0.0341796875
0 0.5185546875 0.548828125 0.0849609375 0.162109375
1 0.5400390625 0.359375 0.0146484375 0.05078125
0 0.4033203125 0.1494140625 0.017578125 0.03515625
1 0.5771484375 0.30078125 0.0361328125 0.0439453125
0 0.279296875 0.28125 0.037109375 0.0732421875
1 0.2470703125 0.482421875 0.0205078125 0.0625
1 0.9775390625 0.6171875 0.044921875 0.1015625
2 0.337890625 0.130859375 0.01953125 0.0400390625
0 0.484375 0.4150390625 0.0556640625 0.1123046875
1 0.9140625 0.541015625 0.07421875 0.08984375
1 0.4208984375 0.1611328125 0.0126953125 0.025390625
0 0.3818359375 0.1640625 0.0205078125 0.046875
0 0.2353515625 0.419921875 0.060546875 0.1015625
0 0.9013671875 0.875 0.19140625 0.2431640625
0 0.3662109375 0.138671875 0.0126953125 0.0205078125
2 0.3173828125 0.1611328125 0.025390625 0.0546875
0 0.3388671875 0.1572265625 0.0185546875 0.0224609375
2 0.384765625 0.5712890625 0.1162109375 0.2412109375
0 0.744140625 0.5703125 0.099609375 0.16796875
1 0.322265625 0.4580078125 0.0185546875 0.0625
0 0.341796875 0.298828125 0.0498046875 0.099609375
2 0.35546875 0.126953125 0.0126953125 0.029296875
0 0.3779296875 0.1337890625 0.009765625 0.017578125