1 0.916015625 0.54296875 0.0771484375 0.087890625
2 0.3779296875 0.158203125 0.0263671875 0.05859375
1 0.529296875 0.8603515625 0.0556640625 0.13671875
0 0.3369140625 0.3232421875 0.0400390625 0.0693359375
2 0.3583984375 0.12109375 0.017578125 0.03515625
1 0.4169921875 0.1875 0.0087890625 0.0244140625
2 0.5234375 0.5185546875 0.09765625 0.283203125
1 0.44140625 0.21484375 0.009765625 0.0400390625
1 0.3154296875 0.154296875 0.005859375 0.0234375
0 0.412109375 0.162109375 0.017578125 0.03515625
1 0.970703125 0.634765625 0.0302734375 0.0654296875
0 0.3486328125 0.443359375 0.0556640625 0.0947265625
1 0.3037109375 0.1875 0.0087890625 0.029296875
0 0.400390625 0.1484375 0.0146484375 0.033203125
0 0.40625 0.6962890625 0.1279296875 0.2060546875
0 0.3388671875 0.2431640625 0.0302734375 0.0625
1 0.4541015625 0.5 0.0283203125 0.1025390625
2 0.4111328125 0.232421875 0.0458984375 0.076171875
2 0.4755859375 0.26953125 0.0576171875 0.1181640625
1 0.2783203125 0.3623046875 0.017578125 0.04296875
1 0.4638671875 0.435546875 0.0244140625 0.0732421875
2 0.3388671875 0.1240234375 0.017578125 0.0322265625
0 0.3193359375 0.1865234375 0.0146484375 0.041015625
2 0.447265625 0.3447265625 0.0478515625 0.1103515625
0 0.501953125 0.3798828125 0.0537109375 0.0986328125