1 0.9248046875 0.541015625 0.052734375 0.087890625
0 0.435546875 0.6923828125 0.1220703125 0.17578125
1 0.97265625 0.6337890625 0.037109375 0.0703125
1 0.4521484375 0.4248046875 0.01953125 0.0615234375
1 0.396484375 0.17578125 0.0087890625 0.02734375
0 0.2353515625 0.265625 0.037109375 0.072265625
1 0.3017578125 0.4345703125 0.021484375 0.064453125
1 0.3173828125 0.2021484375 0.0087890625 0.03125
0 0.376953125 0.16015625 0.0185546875 0.0380859375
1 0.28515625 0.576171875 0.0283203125 0.09375
0 0.443359375 0.19921875 0.029296875 0.0546875
1 0.505859375 0.580078125 0.0283203125 0.0810546875
2 0.33203125 0.3037109375 0.05078125 0.119140625
1 0.3515625 0.4287109375 0.017578125 0.0546875
1 0.2783203125 0.267578125 0.01171875 0.03515625
1 0.466796875 0.583984375 0.03125 0.080078125
1 0.267578125 0.4736328125 0.0283203125 0.0703125
1 0.478515625 0.208984375 0.015625 0.033203125
0 0.3408203125 0.2236328125 0.0244140625 0.0439453125
0 0.41015625 0.20703125 0.0263671875 0.0498046875
1 0.2529296875 0.263671875 0.009765625 0.0439453125
1 0.580078125 0.3046875 0.03515625 0.0390625
0 0.634765625 0.5078125 0.08203125 0.1220703125
0 0.734375 0.6640625 0.1474609375 0.228515625
2 0.2568359375 0.3896484375 0.068359375 0.1220703125
2 0.5771484375 0.587890625 0.087890625 0.2197265625
2 0.3330078125 0.13671875 0.025390625 0.0615234375
0 0.326171875 0.17578125 0.0068359375 0.033203125
0 0.318359375 0.138671875 0.0107421875 0.0322265625