1 0.9140625 0.5419921875 0.0751953125 0.091796875
0 0.3388671875 0.3125 0.041015625 0.0732421875
1 0.3095703125 0.255859375 0.0126953125 0.0390625
1 0.3984375 0.85546875 0.0380859375 0.109375
0 0.3408203125 0.201171875 0.0224609375 0.05078125
1 0.9755859375 0.634765625 0.041015625 0.064453125
0 0.4140625 0.2958984375 0.04296875 0.09375
1 0.5771484375 0.298828125 0.0400390625 0.0458984375
0 0.3369140625 0.248046875 0.0283203125 0.0498046875
1 0.517578125 0.609375 0.0283203125 0.091796875
1 0.2080078125 0.490234375 0.0263671875 0.0693359375
0 0.341796875 0.1669921875 0.0166015625 0.0322265625
1 0.2998046875 0.3017578125 0.0146484375 0.0517578125
1 0.2841796875 0.255859375 0.0126953125 0.037109375
1 0.3037109375 0.67578125 0.03515625 0.1044921875
2 0.767578125 0.61328125 0.2763671875 0.5146484375
0 0.318359375 0.1455078125 0.0146484375 0.0244140625
1 0.2978515625 0.2587890625 0.0107421875 0.041015625
1 0.318359375 0.2236328125 0.013671875 0.033203125
1 0.3935546875 0.2646484375 0.01171875 0.0478515625
1 0.4814453125 0.5029296875 0.033203125 0.0791015625
2 0.3828125 0.55859375 0.099609375 0.2177734375
2 0.6201171875 0.90625 0.25 0.181640625
0 0.3603515625 0.12890625 0.013671875 0.0263671875
0 0.3134765625 0.173828125 0.0244140625 0.0361328125
2 0.2880859375 0.123046875 0.0146484375 0.044921875