1 0.9169921875 0.5439453125 0.08203125 0.08984375
1 0.576171875 0.3037109375 0.03515625 0.03515625
2 0.3447265625 0.2373046875 0.05078125 0.123046875
0 0.345703125 0.3125 0.0419921875 0.0634765625
2 0.3154296875 0.146484375 0.025390625 0.0478515625
0 0.294921875 0.2529296875 0.033203125 0.0546875
0 0.23828125 0.265625 0.0400390625 0.0712890625
0 0.4697265625 0.2607421875 0.0390625 0.060546875
0 0.28125 0.3720703125 0.044921875 0.080078125
1 0.2265625 0.4462890625 0.01953125 0.0625
0 0.470703125 0.390625 0.0615234375 0.1318359375
1 0.43359375 0.236328125 0.009765625 0.0400390625
0 0.4033203125 0.2412109375 0.0341796875 0.0615234375
1 0.4228515625 0.236328125 0.0107421875 0.0361328125
1 0.302734375 0.18359375 0.0107421875 0.0283203125
1 0.375 0.1767578125 0.0078125 0.0263671875
0 0.416015625 0.1669921875 0.0205078125 0.037109375
2 0.658203125 0.505859375 0.12109375 0.2333984375
0 0.3154296875 0.193359375 0.0205078125 0.0361328125
0 0.5048828125 0.5244140625 0.0771484375 0.18359375
0 0.455078125 0.712890625 0.140625 0.2392578125
1 0.978515625 0.5908203125 0.04296875 0.1416015625
2 0.3408203125 0.1611328125 0.0263671875 0.0419921875
0 0.3681640625 0.158203125 0.0146484375 0.0263671875
0 0.1904296875 0.865234375 0.271484375 0.2626953125
2 0.357421875 0.1279296875 0.013671875 0.0244140625
0 0.287109375 0.298828125 0.0400390625 0.0615234375
2 0.3349609375 0.1328125 0.0185546875 0.029296875