1 0.916015625 0.5439453125 0.0751953125 0.08984375
0 0.4609375 0.224609375 0.02734375 0.0517578125
1 0.5302734375 0.322265625 0.0146484375 0.04296875
1 0.5732421875 0.302734375 0.0322265625 0.0390625
0 0.322265625 0.2255859375 0.0244140625 0.046875
0 0.4296875 0.185546875 0.0224609375 0.044921875
0 0.2412109375 0.2646484375 0.0458984375 0.0712890625
2 0.3662109375 0.1416015625 0.02734375 0.0625
1 0.28125 0.314453125 0.013671875 0.0390625
1 0.2890625 0.1875 0.009765625 0.03125
0 0.3798828125 0.1748046875 0.0146484375 0.0380859375
1 0.4287109375 0.3544921875 0.017578125 0.0517578125
1 0.9765625 0.6279296875 0.04296875 0.0751953125
0 0.4306640625 0.2412109375 0.0390625 0.0634765625
1 0.15625 0.525390625 0.0322265625 0.0703125
1 0.365234375 0.5078125 0.029296875 0.06640625
1 0.544921875 0.255859375 0.01171875 0.0283203125
0 0.337890625 0.1787109375 0.0234375 0.0390625
1 0.443359375 0.4248046875 0.01953125 0.0654296875
2 0.3486328125 0.3310546875 0.056640625 0.1376953125
2 0.224609375 0.3984375 0.08984375 0.1826171875
1 0.2939453125 0.7890625 0.041015625 0.111328125
1 0.3115234375 0.203125 0.0078125 0.0263671875
0 0.3916015625 0.1611328125 0.0185546875 0.0283203125
0 0.5419921875 0.94140625 0.19140625 0.1103515625
0 0.51953125 0.3828125 0.052734375 0.09765625
1 0.294921875 0.2900390625 0.01171875 0.0361328125
1 0.2705078125 0.298828125 0.01171875 0.037109375
0 0.3623046875 0.6259765625 0.0888671875 0.169921875
1 0.4560546875 0.4091796875 0.0146484375 0.052734375
1 0.302734375 0.185546875 0.0087890625 0.029296875
0 0.4892578125 0.3095703125 0.044921875 0.078125
1 0.373046875 0.21484375 0.0107421875 0.037109375
1 0.630859375 0.4873046875 0.0224609375 0.0771484375
1 0.2626953125 0.2236328125 0.017578125 0.0302734375
2 0.3349609375 0.1376953125 0.021484375 0.05078125
0 0.5859375 0.693359375 0.103515625 0.2724609375
0 0.4033203125 0.2001953125 0.03125 0.060546875
0 0.49609375 0.21875 0.02734375 0.0498046875
0 0.50390625 0.5556640625 0.06640625 0.169921875
2 0.2890625 0.1220703125 0.015625 0.04296875
0 0.3408203125 0.25 0.03515625 0.029296875