1 0.9248046875 0.5400390625 0.0537109375 0.09375
1 0.892578125 0.548828125 0.029296875 0.0595703125
0 0.2412109375 0.2626953125 0.0458984375 0.0693359375
0 0.7939453125 0.80859375 0.173828125 0.2861328125
2 0.3359375 0.294921875 0.05859375 0.1279296875
0 0.26171875 0.365234375 0.046875 0.076171875
1 0.974609375 0.6298828125 0.04296875 0.076171875
0 0.3154296875 0.3828125 0.0478515625 0.095703125
0 0.357421875 0.4853515625 0.06640625 0.1181640625
0 0.3349609375 0.1650390625 0.017578125 0.0302734375
0 0.3876953125 0.1884765625 0.0205078125 0.041015625
2 0.44140625 0.3046875 0.06640625 0.142578125
0 0.2958984375 0.259765625 0.0302734375 0.0498046875
1 0.7431640625 0.6240234375 0.0361328125 0.087890625
0 0.384765625 0.13671875 0.01171875 0.021484375
0 0.380859375 0.6162109375 0.099609375 0.162109375
0 0.5087890625 0.5986328125 0.0751953125 0.1904296875
2 0.3076171875 0.1748046875 0.0322265625 0.0703125
0 0.4033203125 0.2236328125 0.02734375 0.0595703125
0 0.373046875 0.1650390625 0.0185546875 0.0322265625
0 0.4970703125 0.857421875 0.20703125 0.275390625
0 0.3046875 0.734375 0.130859375 0.1767578125
0 0.3037109375 0.224609375 0.02734375 0.037109375
2 0.3681640625 0.1357421875 0.01953125 0.0283203125
2 0.5849609375 0.376953125 0.1064453125 0.234375
0 0.1396484375 0.5595703125 0.1240234375 0.1513671875
2 0.2890625 0.125 0.015625 0.05078125
0 0.3447265625 0.2119140625 0.029296875 0.0263671875
0 0.4365234375 0.205078125 0.02734375 0.03125