0 0.5166015625 0.5478515625 0.0859375 0.162109375
0 0.345703125 0.2978515625 0.0361328125 0.056640625
0 0.341796875 0.2509765625 0.0322265625 0.05078125
1 0.29296875 0.2666015625 0.01171875 0.0341796875
0 0.505859375 0.3466796875 0.0517578125 0.087890625
1 0.978515625 0.615234375 0.04296875 0.1005859375
0 0.560546875 0.3955078125 0.0556640625 0.09765625
0 0.3837890625 0.134765625 0.015625 0.0263671875
1 0.322265625 0.1796875 0.0068359375 0.025390625
1 0.31640625 0.267578125 0.0107421875 0.03125
2 0.3369140625 0.130859375 0.021484375 0.0498046875
1 0.3232421875 0.470703125 0.0205078125 0.0693359375
2 0.255859375 0.3681640625 0.072265625 0.142578125
0 0.3427734375 0.2119140625 0.0244140625 0.041015625
1 0.478515625 0.802734375 0.0390625 0.1015625
1 0.3759765625 0.7705078125 0.0302734375 0.0849609375
0 0.3583984375 0.392578125 0.046875 0.1005859375
0 0.275390625 0.1884765625 0.0478515625 0.044921875
0 0.4033203125 0.599609375 0.0908203125 0.169921875
0 0.4599609375 0.3623046875 0.0537109375 0.1162109375
1 0.3076171875 0.154296875 0.0087890625 0.0224609375
1 0.2216796875 0.490234375 0.0302734375 0.060546875
2 0.8056640625 0.7001953125 0.2236328125 0.4794921875
2 0.642578125 0.51171875 0.1142578125 0.23828125
0 0.150390625 0.5888671875 0.130859375 0.1630859375
2 0.2880859375 0.1201171875 0.0146484375 0.04296875
0 0.357421875 0.126953125 0.013671875 0.025390625
0 0.4228515625 0.1572265625 0.0166015625 0.0234375