1 0.5751953125 0.30078125 0.037109375 0.0390625
1 0.9248046875 0.5400390625 0.0556640625 0.087890625
1 0.3427734375 0.80078125 0.04296875 0.1142578125
0 0.341796875 0.208984375 0.0244140625 0.044921875
1 0.796875 0.6650390625 0.0478515625 0.1064453125
1 0.3828125 0.1982421875 0.009765625 0.0322265625
1 0.978515625 0.6201171875 0.0419921875 0.0947265625
1 0.2587890625 0.6494140625 0.0595703125 0.091796875
1 0.15625 0.853515625 0.0830078125 0.126953125
1 0.6943359375 0.625 0.037109375 0.1025390625
1 0.5263671875 0.318359375 0.015625 0.0439453125
1 0.326171875 0.1865234375 0.0087890625 0.0322265625
1 0.318359375 0.2294921875 0.009765625 0.033203125
0 0.4423828125 0.7197265625 0.125 0.208984375
0 0.419921875 0.1826171875 0.01953125 0.0283203125
2 0.4267578125 0.2353515625 0.0439453125 0.0966796875
0 0.3193359375 0.1455078125 0.013671875 0.0234375
0 0.3369140625 0.1708984375 0.0166015625 0.03125
1 0.4775390625 0.208984375 0.0146484375 0.03125
2 0.384765625 0.1484375 0.0205078125 0.041015625
0 0.361328125 0.1337890625 0.013671875 0.0244140625
0 0.4052734375 0.1484375 0.0146484375 0.033203125
0 0.2900390625 0.1337890625 0.0146484375 0.033203125
0 0.2470703125 0.20703125 0.0263671875 0.0732421875
0 0.3359375 0.138671875 0.0146484375 0.0224609375
0 0.3076171875 0.189453125 0.0205078125 0.0322265625