0 0.23828125 0.2646484375 0.0419921875 0.068359375
1 0.7890625 0.6962890625 0.0478515625 0.111328125
1 0.544921875 0.2568359375 0.01171875 0.0302734375
0 0.40234375 0.23828125 0.0322265625 0.0556640625
1 0.0966796875 0.5712890625 0.0478515625 0.0859375
1 0.2919921875 0.318359375 0.0126953125 0.0380859375
1 0.4013671875 0.560546875 0.029296875 0.0859375
0 0.322265625 0.2265625 0.0244140625 0.0498046875
1 0.9736328125 0.62890625 0.03515625 0.064453125
0 0.4599609375 0.2216796875 0.0263671875 0.0478515625
1 0.923828125 0.544921875 0.0537109375 0.0830078125
2 0.1865234375 0.455078125 0.1220703125 0.20703125
2 0.3505859375 0.3505859375 0.0595703125 0.1318359375
1 0.4169921875 0.306640625 0.013671875 0.0439453125
2 0.3095703125 0.1669921875 0.0302734375 0.072265625
0 0.4287109375 0.1806640625 0.0205078125 0.046875
0 0.3388671875 0.1826171875 0.0244140625 0.0439453125
1 0.267578125 0.345703125 0.0146484375 0.0439453125
0 0.583984375 0.697265625 0.103515625 0.2734375
0 0.5029296875 0.5439453125 0.06640625 0.169921875
2 0.396484375 0.1826171875 0.0283203125 0.052734375
0 0.4638671875 0.2724609375 0.0390625 0.0576171875
2 0.3681640625 0.16015625 0.0263671875 0.0625
2 0.3349609375 0.1337890625 0.021484375 0.044921875
0 0.3876953125 0.716796875 0.1025390625 0.203125
1 0.5615234375 0.3828125 0.0185546875 0.0712890625
0 0.28515625 0.283203125 0.0341796875 0.052734375
0 0.4755859375 0.4091796875 0.0634765625 0.1298828125
2 0.2890625 0.1240234375 0.017578125 0.0458984375
0 0.341796875 0.263671875 0.04296875 0.0546875