1 0.9765625 0.625 0.044921875 0.0849609375
1 0.927734375 0.5419921875 0.0556640625 0.09375
2 0.3330078125 0.1376953125 0.0224609375 0.044921875
1 0.5771484375 0.298828125 0.0400390625 0.0458984375
1 0.544921875 0.25390625 0.0107421875 0.0341796875
0 0.3251953125 0.25 0.03125 0.0673828125
1 0.478515625 0.2080078125 0.017578125 0.033203125
1 0.744140625 0.6201171875 0.03515625 0.095703125
1 0.8935546875 0.55078125 0.0341796875 0.0546875
0 0.2353515625 0.265625 0.037109375 0.0703125
0 0.3212890625 0.783203125 0.197265625 0.25390625
1 0.34375 0.20703125 0.0087890625 0.03515625
1 0.3046875 0.2314453125 0.0126953125 0.0361328125
2 0.2060546875 0.484375 0.1689453125 0.224609375
0 0.41015625 0.1845703125 0.02734375 0.052734375
0 0.4873046875 0.5986328125 0.0986328125 0.1796875
1 0.298828125 0.275390625 0.0107421875 0.0390625
1 0.314453125 0.1552734375 0.0068359375 0.0234375
0 0.31640625 0.193359375 0.0302734375 0.048828125
1 0.4658203125 0.2529296875 0.009765625 0.0322265625
1 0.3046875 0.1533203125 0.005859375 0.017578125
1 0.2841796875 0.3046875 0.01171875 0.0380859375
0 0.5498046875 0.392578125 0.0634765625 0.1123046875
2 0.2900390625 0.125 0.017578125 0.048828125