1 0.978515625 0.6181640625 0.04296875 0.099609375
1 0.46875 0.2373046875 0.0126953125 0.044921875
1 0.3369140625 0.1650390625 0.0068359375 0.025390625
0 0.3193359375 0.15234375 0.0166015625 0.037109375
0 0.3388671875 0.2587890625 0.0302734375 0.0556640625
0 0.341796875 0.197265625 0.0205078125 0.0439453125
1 0.4306640625 0.1923828125 0.0078125 0.02734375
1 0.5 0.5791015625 0.033203125 0.0859375
0 0.3212890625 0.7744140625 0.212890625 0.2939453125
0 0.3076171875 0.2099609375 0.021484375 0.044921875
1 0.5498046875 0.365234375 0.017578125 0.060546875
0 0.3359375 0.1279296875 0.0185546875 0.037109375
0 0.380859375 0.1396484375 0.0166015625 0.0361328125
1 0.5693359375 0.3017578125 0.0283203125 0.041015625
0 0.4189453125 0.1640625 0.0185546875 0.0361328125
0 0.5078125 0.873046875 0.162109375 0.2451171875
2 0.404296875 0.208984375 0.0537109375 0.099609375
0 0.404296875 0.146484375 0.0146484375 0.0302734375
0 0.3662109375 0.1337890625 0.01171875 0.03125
0 0.357421875 0.1279296875 0.0107421875 0.0263671875