1 0.9140625 0.544921875 0.0771484375 0.0908203125
1 0.29296875 0.28125 0.0126953125 0.0439453125
0 0.240234375 0.263671875 0.0458984375 0.068359375
1 0.0966796875 0.5849609375 0.0498046875 0.087890625
1 0.544921875 0.255859375 0.01171875 0.0302734375
0 0.517578125 0.306640625 0.0439453125 0.080078125
1 0.27734375 0.2724609375 0.01171875 0.03515625
1 0.4169921875 0.1796875 0.0107421875 0.02734375
2 0.326171875 0.3701171875 0.07421875 0.1728515625
0 0.3369140625 0.1787109375 0.021484375 0.029296875
1 0.291015625 0.814453125 0.0419921875 0.1220703125
0 0.3662109375 0.5625 0.08203125 0.14453125
1 0.978515625 0.625 0.0419921875 0.087890625
1 0.19921875 0.5048828125 0.0302734375 0.0712890625
1 0.5791015625 0.3017578125 0.041015625 0.0439453125
2 0.6220703125 0.49609375 0.130859375 0.2001953125
0 0.2763671875 0.5927734375 0.0830078125 0.1328125
1 0.4482421875 0.2373046875 0.0107421875 0.03515625
1 0.2705078125 0.357421875 0.0166015625 0.05078125
0 0.42578125 0.2421875 0.0322265625 0.05078125
2 0.3154296875 0.1455078125 0.025390625 0.060546875
0 0.4755859375 0.2451171875 0.03515625 0.068359375
0 0.359375 0.1337890625 0.0146484375 0.0205078125
1 0.7060546875 0.5380859375 0.03125 0.0849609375
1 0.279296875 0.31640625 0.013671875 0.0478515625
0 0.4384765625 0.79296875 0.1376953125 0.2275390625
0 0.583984375 0.6962890625 0.103515625 0.267578125
1 0.4189453125 0.337890625 0.0205078125 0.0673828125
0 0.466796875 0.380859375 0.060546875 0.1015625
2 0.3359375 0.1298828125 0.01953125 0.044921875
0 0.3427734375 0.244140625 0.037109375 0.03515625
2 0.3916015625 0.193359375 0.0380859375 0.0927734375
0 0.5048828125 0.5595703125 0.0654296875 0.1767578125
2 0.3017578125 0.2294921875 0.04296875 0.09375
2 0.388671875 0.1337890625 0.0302734375 0.02734375
2 0.8330078125 0.8359375 0.22265625 0.310546875
2 0.2880859375 0.126953125 0.0146484375 0.0517578125