1 0.92578125 0.54296875 0.0537109375 0.0947265625
1 0.9775390625 0.62109375 0.0439453125 0.095703125
1 0.478515625 0.2109375 0.015625 0.0322265625
0 0.3896484375 0.1376953125 0.015625 0.029296875
0 0.2353515625 0.2666015625 0.0361328125 0.0712890625
1 0.576171875 0.2998046875 0.0400390625 0.04296875
1 0.3056640625 0.1865234375 0.0087890625 0.02734375
1 0.701171875 0.57421875 0.0322265625 0.091796875
0 0.4404296875 0.7412109375 0.12890625 0.1953125
1 0.337890625 0.2451171875 0.0107421875 0.0400390625
1 0.4443359375 0.2255859375 0.009765625 0.037109375
1 0.30859375 0.8359375 0.0361328125 0.1142578125
2 0.3544921875 0.40234375 0.111328125 0.283203125
0 0.53125 0.30859375 0.044921875 0.072265625
1 0.3935546875 0.27734375 0.0126953125 0.0439453125
0 0.388671875 0.1884765625 0.0244140625 0.052734375
1 0.318359375 0.21875 0.0107421875 0.0361328125
1 0.306640625 0.13671875 0.0107421875 0.021484375
2 0.365234375 0.1298828125 0.0224609375 0.052734375
2 0.341796875 0.1669921875 0.0283203125 0.0703125
1 0.892578125 0.5517578125 0.0322265625 0.05859375
0 0.3017578125 0.2431640625 0.029296875 0.0615234375
0 0.2744140625 0.3193359375 0.0439453125 0.080078125
0 0.1259765625 0.5576171875 0.138671875 0.1611328125
0 0.908203125 0.9287109375 0.18359375 0.130859375
1 0.314453125 0.1875 0.0087890625 0.0244140625
2 0.2890625 0.125 0.0146484375 0.046875
0 0.3271484375 0.1591796875 0.009765625 0.0400390625
2 0.3388671875 0.1181640625 0.0146484375 0.0263671875
0 0.32421875 0.1357421875 0.0107421875 0.01953125