1 0.92578125 0.5419921875 0.0556640625 0.09375
1 0.9775390625 0.619140625 0.044921875 0.0986328125
0 0.3984375 0.6298828125 0.099609375 0.158203125
1 0.478515625 0.2099609375 0.017578125 0.0341796875
1 0.8916015625 0.7998046875 0.0546875 0.13671875
0 0.3935546875 0.140625 0.015625 0.0302734375
1 0.4658203125 0.2685546875 0.0107421875 0.03515625
1 0.3310546875 0.20703125 0.0087890625 0.0302734375
0 0.2353515625 0.2666015625 0.03515625 0.072265625
1 0.314453125 0.15625 0.005859375 0.025390625
1 0.05859375 0.6201171875 0.0654296875 0.091796875
2 0.349609375 0.365234375 0.09765625 0.2509765625
1 0.2939453125 0.61328125 0.0263671875 0.080078125
1 0.314453125 0.1845703125 0.0068359375 0.02734375
0 0.396484375 0.2060546875 0.029296875 0.060546875
0 0.3056640625 0.2197265625 0.02734375 0.05078125
0 0.16796875 0.515625 0.1171875 0.146484375
2 0.3720703125 0.1376953125 0.0283203125 0.064453125
1 0.5771484375 0.302734375 0.0419921875 0.0390625
0 0.53125 0.3076171875 0.04296875 0.0712890625
2 0.3408203125 0.1630859375 0.02734375 0.0654296875
1 0.3984375 0.302734375 0.0146484375 0.0400390625
1 0.3056640625 0.1337890625 0.0078125 0.0205078125
0 0.2900390625 0.2763671875 0.0341796875 0.06640625
2 0.3388671875 0.119140625 0.017578125 0.0283203125
0 0.3271484375 0.1572265625 0.0087890625 0.037109375
0 0.322265625 0.1328125 0.01171875 0.0224609375