1 0.537109375 0.65234375 0.033203125 0.091796875
1 0.9287109375 0.5419921875 0.0556640625 0.091796875
1 0.9765625 0.626953125 0.0439453125 0.0791015625
1 0.544921875 0.251953125 0.01171875 0.03515625
0 0.236328125 0.2646484375 0.0361328125 0.0712890625
1 0.787109375 0.6806640625 0.046875 0.107421875
1 0.4072265625 0.2763671875 0.0146484375 0.044921875
1 0.4794921875 0.2080078125 0.0185546875 0.033203125
1 0.486328125 0.6416015625 0.0341796875 0.0947265625
1 0.2744140625 0.361328125 0.017578125 0.0537109375
2 0.353515625 0.40625 0.052734375 0.111328125
1 0.1376953125 0.5703125 0.0439453125 0.07421875
1 0.578125 0.3017578125 0.0361328125 0.0400390625
1 0.892578125 0.5517578125 0.03125 0.05859375
2 0.333984375 0.1298828125 0.0205078125 0.044921875
0 0.4111328125 0.2001953125 0.02734375 0.046875
1 0.3486328125 0.2236328125 0.01171875 0.033203125
1 0.283203125 0.4541015625 0.0185546875 0.05859375
0 0.328125 0.267578125 0.0361328125 0.064453125
0 0.3330078125 0.3212890625 0.0380859375 0.0693359375
0 0.3134765625 0.216796875 0.0263671875 0.0439453125
1 0.265625 0.5185546875 0.0224609375 0.078125
1 0.2998046875 0.2587890625 0.01171875 0.033203125
0 0.3291015625 0.1552734375 0.013671875 0.01953125
1 0.34375 0.55078125 0.0244140625 0.0771484375
0 0.3212890625 0.185546875 0.021484375 0.03515625
0 0.3388671875 0.169921875 0.01953125 0.0400390625
2 0.359375 0.1240234375 0.0185546875 0.03125
1 0.3388671875 0.2109375 0.01171875 0.0390625
0 0.3857421875 0.134765625 0.01171875 0.021484375
1 0.4638671875 0.2021484375 0.0087890625 0.0244140625
2 0.2880859375 0.1240234375 0.0146484375 0.048828125
0 0.2470703125 0.1953125 0.0263671875 0.0458984375
0 0.3251953125 0.138671875 0.0078125 0.0185546875