0 0.3447265625 0.4169921875 0.0517578125 0.0986328125
0 0.5146484375 0.5478515625 0.087890625 0.166015625
0 0.341796875 0.2587890625 0.0302734375 0.044921875
0 0.345703125 0.310546875 0.0380859375 0.072265625
0 0.482421875 0.4150390625 0.0546875 0.1171875
0 0.4765625 0.314453125 0.0478515625 0.080078125
1 0.3076171875 0.51953125 0.025390625 0.0830078125
2 0.3369140625 0.1552734375 0.021484375 0.0478515625
0 0.4072265625 0.6142578125 0.0947265625 0.1435546875
0 0.53515625 0.36328125 0.044921875 0.0888671875
1 0.3037109375 0.2724609375 0.0126953125 0.033203125
1 0.3017578125 0.462890625 0.021484375 0.052734375
2 0.6708984375 0.505859375 0.134765625 0.314453125
2 0.1162109375 0.5439453125 0.2197265625 0.234375
0 0.740234375 0.7578125 0.1416015625 0.2294921875
0 0.30859375 0.197265625 0.0224609375 0.044921875
1 0.3330078125 0.18359375 0.009765625 0.0263671875
1 0.978515625 0.634765625 0.041015625 0.0771484375
0 0.5263671875 0.2958984375 0.0419921875 0.0703125
2 0.2890625 0.125 0.0166015625 0.0537109375
0 0.353515625 0.1240234375 0.0087890625 0.0166015625
0 0.5908203125 0.4482421875 0.03515625 0.1220703125