1 0.9150390625 0.5419921875 0.080078125 0.0927734375
1 0.576171875 0.298828125 0.037109375 0.0458984375
1 0.4384765625 0.33203125 0.0166015625 0.052734375
1 0.322265625 0.2197265625 0.009765625 0.029296875
0 0.41015625 0.7734375 0.1943359375 0.3115234375
2 0.33984375 0.1904296875 0.0283203125 0.0732421875
0 0.40234375 0.1552734375 0.01953125 0.037109375
2 0.3779296875 0.1474609375 0.033203125 0.078125
0 0.3017578125 0.3515625 0.0458984375 0.0830078125
1 0.2978515625 0.154296875 0.0048828125 0.0224609375
0 0.5205078125 0.5361328125 0.0732421875 0.205078125
2 0.3212890625 0.1494140625 0.017578125 0.0341796875
0 0.3076171875 0.193359375 0.0205078125 0.0419921875
2 0.2900390625 0.1259765625 0.017578125 0.0546875
0 0.3916015625 0.1474609375 0.0087890625 0.0224609375
0 0.06640625 0.9345703125 0.130859375 0.1240234375