0 0.552734375 0.931640625 0.1943359375 0.1328125
0 0.5458984375 0.642578125 0.083984375 0.193359375
0 0.4462890625 0.3447265625 0.04296875 0.087890625
1 0.2998046875 0.31640625 0.0126953125 0.0439453125
1 0.326171875 0.166015625 0.0087890625 0.033203125
1 0.3330078125 0.6279296875 0.03125 0.08203125
0 0.40625 0.25 0.03515625 0.0703125
2 0.36328125 0.130859375 0.021484375 0.041015625
1 0.3447265625 0.1796875 0.0087890625 0.02734375
2 0.2646484375 0.3564453125 0.0693359375 0.1396484375
2 0.5029296875 0.4052734375 0.0830078125 0.1953125
1 0.3115234375 0.1943359375 0.0068359375 0.025390625
2 0.3330078125 0.25 0.048828125 0.1083984375
0 0.5166015625 0.3076171875 0.0478515625 0.0712890625
2 0.4423828125 0.2158203125 0.04296875 0.09375
2 0.3583984375 0.443359375 0.0732421875 0.1748046875
2 0.3876953125 0.1884765625 0.029296875 0.060546875
0 0.3212890625 0.1318359375 0.0146484375 0.0244140625
0 0.37109375 0.181640625 0.0087890625 0.0361328125
0 0.7529296875 0.689453125 0.140625 0.1904296875