0 0.34375 0.3330078125 0.0419921875 0.080078125
1 0.3955078125 0.1513671875 0.005859375 0.021484375
0 0.3076171875 0.4775390625 0.05859375 0.1240234375
0 0.3974609375 0.2109375 0.0263671875 0.0458984375
1 0.912109375 0.5419921875 0.0712890625 0.0869140625
0 0.4169921875 0.2626953125 0.0361328125 0.0625
2 0.541015625 0.5390625 0.10546875 0.2763671875
2 0.31640625 0.2158203125 0.0302734375 0.0810546875
1 0.578125 0.30078125 0.03515625 0.04296875
0 0.447265625 0.7783203125 0.1474609375 0.2548828125
0 0.2353515625 0.2646484375 0.0361328125 0.0703125
1 0.2998046875 0.3955078125 0.017578125 0.0380859375
1 0.2822265625 0.3037109375 0.0126953125 0.0380859375
1 0.2666015625 0.5830078125 0.025390625 0.08203125
1 0.2119140625 0.583984375 0.0224609375 0.06640625
0 0.341796875 0.2734375 0.0341796875 0.056640625
1 0.2900390625 0.2451171875 0.0107421875 0.03515625
0 0.3662109375 0.1357421875 0.0126953125 0.0224609375
1 0.478515625 0.2451171875 0.013671875 0.0380859375
1 0.779296875 0.619140625 0.044921875 0.115234375
1 0.4638671875 0.5986328125 0.03125 0.09765625
2 0.3388671875 0.1689453125 0.033203125 0.0732421875
1 0.296875 0.263671875 0.0107421875 0.033203125
1 0.9775390625 0.6279296875 0.044921875 0.083984375
1 0.314453125 0.1552734375 0.005859375 0.0244140625
0 0.3837890625 0.1337890625 0.017578125 0.0263671875
0 0.333984375 0.2099609375 0.009765625 0.03515625
2 0.638671875 0.53125 0.1171875 0.2060546875
2 0.2890625 0.123046875 0.0166015625 0.0439453125