1 0.8984375 0.5361328125 0.044921875 0.0849609375
0 0.515625 0.5419921875 0.083984375 0.162109375
1 0.3115234375 0.19140625 0.009765625 0.0263671875
0 0.3359375 0.142578125 0.0146484375 0.0283203125
0 0.46484375 0.365234375 0.0517578125 0.1015625
0 0.3369140625 0.1826171875 0.0205078125 0.037109375
1 0.5771484375 0.3037109375 0.0322265625 0.0341796875
0 0.41015625 0.2451171875 0.033203125 0.0712890625
0 0.375 0.1728515625 0.0205078125 0.029296875
0 0.580078125 0.4912109375 0.0849609375 0.1318359375
1 0.4775390625 0.208984375 0.017578125 0.0322265625
2 0.44140625 0.2138671875 0.0458984375 0.0966796875
1 0.2880859375 0.3408203125 0.0146484375 0.0439453125
1 0.0849609375 0.6279296875 0.0615234375 0.09375
0 0.927734375 0.9111328125 0.14453125 0.1650390625
0 0.32421875 0.451171875 0.064453125 0.1240234375
0 0.759765625 0.67578125 0.1220703125 0.1884765625
1 0.978515625 0.59375 0.04296875 0.140625
0 0.404296875 0.1806640625 0.0244140625 0.052734375
2 0.525390625 0.302734375 0.0693359375 0.17578125
2 0.3388671875 0.2919921875 0.0458984375 0.0869140625
2 0.2880859375 0.126953125 0.0146484375 0.0517578125
2 0.322265625 0.1357421875 0.0126953125 0.0234375