1 0.978515625 0.6201171875 0.04296875 0.0986328125
1 0.9140625 0.5419921875 0.0771484375 0.095703125
0 0.2353515625 0.265625 0.0380859375 0.0703125
1 0.5771484375 0.3017578125 0.0390625 0.041015625
0 0.3330078125 0.228515625 0.0283203125 0.0380859375
1 0.41796875 0.3193359375 0.0126953125 0.0498046875
1 0.1240234375 0.5712890625 0.0419921875 0.0693359375
0 0.404296875 0.19921875 0.02734375 0.044921875
1 0.3798828125 0.208984375 0.0107421875 0.03125
0 0.345703125 0.421875 0.0498046875 0.0849609375
0 0.4423828125 0.1982421875 0.0302734375 0.0546875
1 0.3037109375 0.51171875 0.0224609375 0.0595703125
2 0.3349609375 0.296875 0.0498046875 0.1171875
1 0.46875 0.203125 0.013671875 0.0361328125
1 0.4794921875 0.2080078125 0.0126953125 0.03515625
1 0.466796875 0.5205078125 0.021484375 0.0693359375
2 0.7119140625 0.5439453125 0.2275390625 0.412109375
0 0.2880859375 0.251953125 0.033203125 0.0634765625
0 0.4716796875 0.3271484375 0.05078125 0.09375
1 0.52734375 0.4111328125 0.0185546875 0.056640625
1 0.30859375 0.1962890625 0.0078125 0.02734375
1 0.390625 0.1376953125 0.005859375 0.0205078125
0 0.3720703125 0.13671875 0.01953125 0.0302734375
0 0.5615234375 0.37109375 0.056640625 0.09765625
0 0.31640625 0.15625 0.0126953125 0.029296875
2 0.5732421875 0.564453125 0.087890625 0.2138671875
2 0.4775390625 0.75 0.21484375 0.412109375