1 0.9267578125 0.54296875 0.052734375 0.08984375
1 0.578125 0.3017578125 0.0390625 0.0419921875
1 0.974609375 0.6298828125 0.041015625 0.078125
1 0.478515625 0.2080078125 0.0166015625 0.033203125
1 0.2919921875 0.2568359375 0.0107421875 0.0322265625
0 0.2353515625 0.265625 0.0361328125 0.0712890625
1 0.4609375 0.271484375 0.0107421875 0.0380859375
1 0.3837890625 0.2294921875 0.01171875 0.033203125
1 0.31640625 0.1474609375 0.0048828125 0.0166015625
0 0.5322265625 0.3056640625 0.0439453125 0.0712890625
1 0.408203125 0.16796875 0.005859375 0.0185546875
1 0.3115234375 0.291015625 0.013671875 0.041015625
1 0.7841796875 0.8388671875 0.05078125 0.12890625
0 0.2607421875 0.3583984375 0.056640625 0.0986328125
0 0.1494140625 0.5302734375 0.1103515625 0.1474609375
2 0.4248046875 0.5830078125 0.2099609375 0.46484375
1 0.3310546875 0.275390625 0.0126953125 0.0400390625
2 0.3369140625 0.12109375 0.0185546875 0.0361328125
2 0.34375 0.185546875 0.033203125 0.078125
0 0.578125 0.517578125 0.08984375 0.15234375
2 0.359375 0.12890625 0.0166015625 0.029296875
1 0.302734375 0.1533203125 0.005859375 0.01953125
2 0.375 0.1376953125 0.01953125 0.0341796875
1 0.439453125 0.169921875 0.0068359375 0.0244140625
0 0.839583333984375 0.914814814453125 0.846875 0.916666666015625 0.8484375 0.921296296875 0.860416666015625 0.92037037109375 0.8625 0.928703703125 0.901041666015625 0.991666666015625 0.917708333984375 0.99907407421875 0.999479166015625 0.99907407421875 0.999479166015625 0.834259259765625 0.957291666015625 0.778703703125 0.907291666015625 0.7194444453125 0.871875 0.7194444453125 0.8515625 0.725 0.845833333984375 0.72962962890625 0.835416666015625 0.77407407421875 0.827083333984375 0.832407408203125 0.8265625 0.862037037109375 0.8359375 0.889814814453125 0.836979166015625 0.910185185546875 0.839583333984375 0.914814814453125