0 0.345703125 0.318359375 0.0400390625 0.0615234375
0 0.37109375 0.1474609375 0.0166015625 0.0263671875
1 0.5751953125 0.3017578125 0.037109375 0.041015625
0 0.4296875 0.1767578125 0.01953125 0.044921875
0 0.3388671875 0.1826171875 0.01953125 0.02734375
0 0.2880859375 0.248046875 0.03125 0.046875
1 0.33984375 0.8349609375 0.0400390625 0.1162109375
1 0.04296875 0.6318359375 0.0576171875 0.09765625
0 0.3876953125 0.185546875 0.0244140625 0.0322265625
1 0.40234375 0.2880859375 0.013671875 0.04296875
1 0.48046875 0.26953125 0.0107421875 0.0419921875
1 0.2890625 0.3486328125 0.015625 0.044921875
2 0.3955078125 0.5908203125 0.169921875 0.3603515625
0 0.3955078125 0.1435546875 0.0166015625 0.0322265625
2 0.5615234375 0.4150390625 0.1259765625 0.21484375
1 0.4462890625 0.3544921875 0.017578125 0.0537109375
1 0.3017578125 0.734375 0.033203125 0.0869140625
1 0.3095703125 0.2109375 0.0126953125 0.03515625
1 0.2958984375 0.2099609375 0.017578125 0.0361328125
0 0.490234375 0.21875 0.029296875 0.0517578125
1 0.921875 0.5341796875 0.0400390625 0.0810546875
2 0.32421875 0.130859375 0.013671875 0.0224609375
2 0.8408203125 0.7294921875 0.314453125 0.541015625
0 0.400390625 0.169921875 0.015625 0.02734375
0 0.3408203125 0.146484375 0.013671875 0.02734375
2 0.4521484375 0.267578125 0.0537109375 0.1123046875
0 0.31640625 0.1533203125 0.0205078125 0.03125
0 0.5439453125 0.58984375 0.0830078125 0.1962890625