0 0.38671875 0.1865234375 0.021484375 0.0380859375
0 0.234375 0.265625 0.0361328125 0.0712890625
0 0.34765625 0.3759765625 0.048828125 0.091796875
2 0.53515625 0.5224609375 0.103515625 0.2626953125
1 0.9130859375 0.5419921875 0.0712890625 0.0849609375
2 0.3154296875 0.2314453125 0.033203125 0.0908203125
0 0.4072265625 0.23046875 0.0302734375 0.048828125
1 0.23046875 0.7890625 0.0341796875 0.09765625
1 0.7490234375 0.666015625 0.046875 0.1083984375
0 0.3232421875 0.5712890625 0.0771484375 0.162109375
0 0.341796875 0.294921875 0.0400390625 0.0751953125
1 0.576171875 0.302734375 0.03515625 0.0390625
1 0.978515625 0.63671875 0.04296875 0.068359375
1 0.2841796875 0.2734375 0.0126953125 0.041015625
1 0.46484375 0.6005859375 0.03125 0.1044921875
1 0.3896484375 0.140625 0.0078125 0.0234375
1 0.890625 0.765625 0.060546875 0.1337890625
0 0.3349609375 0.2216796875 0.0126953125 0.041015625
2 0.337890625 0.126953125 0.021484375 0.0322265625
1 0.26953125 0.359375 0.0146484375 0.046875
1 0.4697265625 0.23046875 0.0126953125 0.0419921875
2 0.341796875 0.1767578125 0.033203125 0.080078125
0 0.3662109375 0.1357421875 0.017578125 0.01953125
1 0.65234375 0.466796875 0.0302734375 0.0712890625
0 0.53515625 0.8984375 0.2021484375 0.2001953125
0 0.4931640625 0.21875 0.02734375 0.0498046875