0 0.3466796875 0.3212890625 0.0380859375 0.0693359375
1 0.9169921875 0.5400390625 0.080078125 0.0927734375
1 0.978515625 0.6123046875 0.04296875 0.115234375
0 0.392578125 0.140625 0.015625 0.0322265625
0 0.287109375 0.2548828125 0.0302734375 0.05078125
2 0.6376953125 0.474609375 0.2021484375 0.4013671875
0 0.3388671875 0.1787109375 0.01953125 0.0302734375
1 0.3828125 0.2265625 0.009765625 0.033203125
1 0.40625 0.2685546875 0.013671875 0.046875
0 0.4296875 0.1748046875 0.0205078125 0.041015625
0 0.3798828125 0.16796875 0.0185546875 0.02734375
0 0.33984375 0.1494140625 0.015625 0.0263671875
2 0.4990234375 0.779296875 0.2919921875 0.4375
0 0.3212890625 0.130859375 0.013671875 0.0224609375
0 0.314453125 0.158203125 0.0205078125 0.03515625
1 0.443359375 0.212890625 0.01171875 0.0234375
1 0.4169921875 0.1630859375 0.0087890625 0.0224609375
1 0.4765625 0.2080078125 0.013671875 0.03125
1 0.287109375 0.1640625 0.0126953125 0.0302734375
0 0.3603515625 0.1279296875 0.0166015625 0.02734375
1 0.3056640625 0.21875 0.0205078125 0.0390625
0 0.369140625 0.1376953125 0.0087890625 0.0224609375
2 0.2841796875 0.31640625 0.03515625 0.07421875
0 0.533203125 0.5576171875 0.0751953125 0.1806640625