0 0.34765625 0.396484375 0.0498046875 0.0830078125
0 0.3095703125 0.34375 0.041015625 0.0849609375
0 0.259765625 0.4794921875 0.0537109375 0.103515625
0 0.0771484375 0.6689453125 0.154296875 0.1630859375
0 0.349609375 0.4833984375 0.064453125 0.1171875
0 0.2373046875 0.2646484375 0.0390625 0.064453125
2 0.3369140625 0.2783203125 0.052734375 0.1201171875
0 0.494140625 0.4306640625 0.0751953125 0.1318359375
0 0.4931640625 0.6513671875 0.1064453125 0.23046875
0 0.2978515625 0.2607421875 0.03125 0.05078125
2 0.4501953125 0.3232421875 0.08203125 0.1572265625
0 0.380859375 0.1708984375 0.01953125 0.046875
0 0.3974609375 0.216796875 0.0283203125 0.0517578125
0 0.3046875 0.2158203125 0.025390625 0.0419921875
0 0.271484375 0.3134765625 0.041015625 0.0859375
0 0.404296875 0.1533203125 0.0185546875 0.0322265625
1 0.5107421875 0.2998046875 0.013671875 0.0537109375
2 0.34375 0.1962890625 0.041015625 0.0625
2 0.3623046875 0.12890625 0.0146484375 0.0322265625
1 0.365234375 0.6259765625 0.068359375 0.099609375
1 0.548828125 0.3544921875 0.0185546875 0.0546875
0 0.5986328125 0.44921875 0.072265625 0.10546875
0 0.25390625 0.3984375 0.0556640625 0.0908203125
0 0.408203125 0.2822265625 0.0185546875 0.0849609375
0 0.1630859375 0.91015625 0.2646484375 0.177734375