1 0.89453125 0.5498046875 0.033203125 0.0546875
0 0.361328125 0.51953125 0.0791015625 0.13671875
1 0.2783203125 0.517578125 0.0224609375 0.07421875
1 0.384765625 0.134765625 0.005859375 0.0205078125
0 0.396484375 0.1982421875 0.025390625 0.0419921875
1 0.9326171875 0.5390625 0.048828125 0.0908203125
1 0.326171875 0.1875 0.0087890625 0.02734375
1 0.37109375 0.1552734375 0.0068359375 0.0205078125
0 0.3193359375 0.1357421875 0.015625 0.029296875
1 0.310546875 0.193359375 0.009765625 0.0263671875
1 0.404296875 0.2529296875 0.013671875 0.044921875
0 0.3408203125 0.177734375 0.01953125 0.0361328125
1 0.4560546875 0.2275390625 0.01171875 0.03125
0 0.4150390625 0.18359375 0.0224609375 0.0400390625
1 0.2080078125 0.4912109375 0.021484375 0.068359375
2 0.337890625 0.1220703125 0.0146484375 0.037109375
1 0.9775390625 0.6201171875 0.044921875 0.1025390625
1 0.578125 0.30078125 0.0380859375 0.041015625
1 0.353515625 0.150390625 0.005859375 0.0234375
1 0.3466796875 0.4375 0.015625 0.0302734375
1 0.478515625 0.2099609375 0.017578125 0.03125
1 0.39453125 0.1650390625 0.01171875 0.02734375
2 0.4892578125 0.33984375 0.0654296875 0.1435546875
1 0.4287109375 0.169921875 0.0078125 0.0224609375
2 0.5732421875 0.4814453125 0.166015625 0.2529296875
0 0.3623046875 0.1396484375 0.017578125 0.041015625