1 0.9775390625 0.615234375 0.044921875 0.10546875
1 0.380859375 0.177734375 0.0068359375 0.0263671875
1 0.92578125 0.5419921875 0.0537109375 0.0927734375
1 0.4765625 0.208984375 0.0166015625 0.033203125
1 0.39453125 0.2138671875 0.0087890625 0.0263671875
1 0.3046875 0.228515625 0.0107421875 0.0283203125
1 0.3251953125 0.2294921875 0.01171875 0.033203125
1 0.57421875 0.298828125 0.0361328125 0.044921875
0 0.3447265625 0.4189453125 0.052734375 0.09765625
1 0.3193359375 0.169921875 0.0068359375 0.0244140625
1 0.2978515625 0.1630859375 0.0068359375 0.0263671875
0 0.4072265625 0.6328125 0.1044921875 0.1650390625
1 0.3125 0.1845703125 0.0087890625 0.021484375
1 0.310546875 0.205078125 0.0087890625 0.02734375
0 0.3427734375 0.267578125 0.0341796875 0.06640625
0 0.337890625 0.109375 0.013671875 0.017578125
2 0.40625 0.1484375 0.02734375 0.05859375
2 0.2890625 0.1240234375 0.0146484375 0.0458984375
0 0.3349609375 0.1572265625 0.0205078125 0.0478515625
2 0.3671875 0.1298828125 0.0244140625 0.044921875
0 0.546875 0.908203125 0.1708984375 0.1748046875
0 0.38671875 0.1328125 0.0146484375 0.0205078125