1 0.927734375 0.541015625 0.0517578125 0.0947265625
1 0.892578125 0.541015625 0.033203125 0.07421875
1 0.5771484375 0.302734375 0.0380859375 0.0400390625
0 0.3427734375 0.2431640625 0.02734375 0.0546875
1 0.8427734375 0.734375 0.048828125 0.115234375
1 0.3876953125 0.240234375 0.0126953125 0.037109375
1 0.970703125 0.6337890625 0.0341796875 0.072265625
0 0.3154296875 0.20703125 0.0244140625 0.046875
0 0.2939453125 0.2412109375 0.041015625 0.0615234375
0 0.3466796875 0.193359375 0.01953125 0.0322265625
1 0.5205078125 0.5927734375 0.029296875 0.091796875
0 0.51171875 0.4033203125 0.068359375 0.1201171875
1 0.3818359375 0.625 0.0361328125 0.087890625
1 0.2646484375 0.291015625 0.0126953125 0.0390625
1 0.4443359375 0.5888671875 0.0615234375 0.0849609375
1 0.35546875 0.484375 0.02734375 0.0732421875
1 0.29296875 0.701171875 0.03515625 0.095703125
1 0.544921875 0.2568359375 0.0107421875 0.0263671875
1 0.3291015625 0.6474609375 0.0341796875 0.0947265625
0 0.416015625 0.1640625 0.01953125 0.033203125
0 0.3857421875 0.181640625 0.0224609375 0.048828125
0 0.3154296875 0.1513671875 0.021484375 0.0322265625
1 0.3349609375 0.9169921875 0.0361328125 0.1142578125
1 0.48046875 0.208984375 0.01953125 0.0322265625
1 0.4375 0.162109375 0.0107421875 0.0283203125
1 0.40625 0.1533203125 0.0068359375 0.0263671875
1 0.361328125 0.8154296875 0.0322265625 0.10546875
2 0.373046875 0.13671875 0.0302734375 0.0673828125
1 0.4140625 0.943359375 0.0439453125 0.1123046875
1 0.2880859375 0.1669921875 0.013671875 0.0263671875
0 0.5302734375 0.931640625 0.16015625 0.1337890625
0 0.6796875 0.6484375 0.1201171875 0.2080078125