1 0.333984375 0.40234375 0.017578125 0.0556640625
1 0.978515625 0.6201171875 0.04296875 0.087890625
1 0.330078125 0.2734375 0.0126953125 0.0400390625
1 0.2998046875 0.3154296875 0.0146484375 0.0458984375
1 0.4443359375 0.7705078125 0.0673828125 0.158203125
1 0.3076171875 0.240234375 0.0087890625 0.0283203125
1 0.314453125 0.3388671875 0.015625 0.046875
1 0.302734375 0.150390625 0.0068359375 0.021484375
0 0.53515625 0.5751953125 0.080078125 0.1689453125
1 0.91796875 0.544921875 0.078125 0.0849609375
1 0.408203125 0.1865234375 0.0068359375 0.0263671875
0 0.3857421875 0.1806640625 0.0205078125 0.0380859375
0 0.4296875 0.1884765625 0.021484375 0.0439453125
1 0.2939453125 0.400390625 0.01953125 0.0595703125
0 0.3681640625 0.166015625 0.0166015625 0.03125
1 0.2978515625 0.263671875 0.0126953125 0.0390625
0 0.3369140625 0.189453125 0.0244140625 0.0341796875
1 0.373046875 0.9423828125 0.052734375 0.1123046875
0 0.681640625 0.580078125 0.1005859375 0.1513671875
0 0.3369140625 0.1357421875 0.01171875 0.0185546875
0 0.326171875 0.158203125 0.017578125 0.02734375
0 0.318359375 0.1328125 0.013671875 0.0234375
2 0.455078125 0.3154296875 0.0673828125 0.1513671875
1 0.2685546875 0.4912109375 0.025390625 0.08984375
2 0.3779296875 0.1416015625 0.0126953125 0.0263671875
2 0.353515625 0.1279296875 0.009765625 0.0224609375