1 0.9150390625 0.5380859375 0.072265625 0.091796875
1 0.388671875 0.1533203125 0.0068359375 0.0185546875
1 0.296875 0.2431640625 0.0107421875 0.03125
0 0.4189453125 0.208984375 0.02734375 0.0458984375
0 0.4443359375 0.2080078125 0.02734375 0.048828125
0 0.38671875 0.1943359375 0.0224609375 0.0400390625
1 0.279296875 0.4130859375 0.0185546875 0.0537109375
0 0.46875 0.8095703125 0.1416015625 0.205078125
1 0.4423828125 0.248046875 0.0126953125 0.041015625
1 0.3154296875 0.1630859375 0.0078125 0.021484375
0 0.3330078125 0.1640625 0.017578125 0.0341796875
0 0.5146484375 0.54296875 0.087890625 0.1640625
1 0.3974609375 0.232421875 0.0107421875 0.0302734375
0 0.3017578125 0.3291015625 0.0419921875 0.0849609375
0 0.478515625 0.4013671875 0.0537109375 0.119140625
0 0.3369140625 0.1376953125 0.0126953125 0.0224609375
0 0.4326171875 0.306640625 0.0439453125 0.09765625
0 0.8232421875 0.7822265625 0.1494140625 0.2294921875
2 0.5068359375 0.2958984375 0.0673828125 0.1328125
0 0.640625 0.5908203125 0.1015625 0.1689453125
2 0.5927734375 0.3876953125 0.0947265625 0.2255859375
2 0.3408203125 0.2392578125 0.0361328125 0.072265625
0 0.3759765625 0.130859375 0.0107421875 0.017578125
0 0.9560546875 0.947265625 0.087890625 0.09765625