1 0.92578125 0.541015625 0.0556640625 0.0888671875
1 0.974609375 0.634765625 0.0419921875 0.068359375
0 0.39453125 0.15625 0.0185546875 0.0322265625
1 0.4189453125 0.2275390625 0.0107421875 0.0302734375
2 0.552734375 0.841796875 0.2783203125 0.31640625
0 0.236328125 0.265625 0.037109375 0.0712890625
1 0.6181640625 0.625 0.037109375 0.1171875
0 0.333984375 0.16796875 0.01953125 0.0302734375
0 0.431640625 0.31640625 0.0458984375 0.080078125
1 0.478515625 0.28125 0.0126953125 0.0380859375
1 0.435546875 0.2041015625 0.0087890625 0.0263671875
0 0.451171875 0.212890625 0.0302734375 0.0595703125
0 0.41015625 0.1767578125 0.021484375 0.041015625
0 0.4931640625 0.2177734375 0.01953125 0.046875
1 0.4775390625 0.2080078125 0.0166015625 0.03125
1 0.3056640625 0.2216796875 0.009765625 0.037109375
2 0.5458984375 0.380859375 0.1220703125 0.1875
2 0.3251953125 0.13671875 0.01953125 0.046875
0 0.5400390625 0.587890625 0.0927734375 0.21484375
0 0.3837890625 0.1826171875 0.0234375 0.046875
0 0.244140625 0.1982421875 0.021484375 0.0576171875
0 0.3544921875 0.1083984375 0.0126953125 0.021484375