1 0.57421875 0.2998046875 0.03515625 0.041015625
1 0.3837890625 0.1611328125 0.0078125 0.0224609375
1 0.978515625 0.615234375 0.04296875 0.1044921875
1 0.4609375 0.5810546875 0.0478515625 0.08984375
1 0.291015625 0.38671875 0.0166015625 0.0498046875
0 0.3173828125 0.3447265625 0.0400390625 0.083984375
1 0.2373046875 0.462890625 0.01953125 0.0595703125
1 0.3974609375 0.240234375 0.01171875 0.033203125
1 0.4814453125 0.7431640625 0.0537109375 0.134765625
1 0.283203125 0.44140625 0.017578125 0.0546875
1 0.30078125 0.2236328125 0.009765625 0.029296875
1 0.3134765625 0.16015625 0.0068359375 0.0205078125
0 0.548828125 0.5595703125 0.0810546875 0.2041015625
1 0.388671875 0.205078125 0.009765625 0.0302734375
1 0.916015625 0.5458984375 0.0751953125 0.0888671875
0 0.365234375 0.1318359375 0.0166015625 0.04296875
0 0.2578125 0.3271484375 0.0458984375 0.0859375
0 0.3544921875 0.4072265625 0.048828125 0.0869140625
1 0.3134765625 0.4609375 0.0185546875 0.0498046875
0 0.419921875 0.1669921875 0.0185546875 0.0361328125
0 0.3916015625 0.6201171875 0.09765625 0.1552734375
0 0.404296875 0.1474609375 0.0166015625 0.0341796875
0 0.3330078125 0.1376953125 0.013671875 0.0244140625
1 0.13671875 0.548828125 0.04296875 0.080078125
1 0.685546875 0.5029296875 0.0322265625 0.09765625
2 0.5087890625 0.3291015625 0.0634765625 0.1318359375
0 0.3408203125 0.1787109375 0.0263671875 0.0537109375
0 0.3212890625 0.142578125 0.01171875 0.0224609375