1 0.923828125 0.5419921875 0.046875 0.08984375
1 0.9765625 0.6298828125 0.0439453125 0.0810546875
1 0.3359375 0.1513671875 0.0078125 0.0244140625
1 0.318359375 0.1513671875 0.0068359375 0.0263671875
1 0.5751953125 0.302734375 0.0322265625 0.03515625
0 0.7080078125 0.5126953125 0.09765625 0.1669921875
1 0.4462890625 0.1982421875 0.0185546875 0.0341796875
1 0.3095703125 0.1875 0.0078125 0.0263671875
1 0.4501953125 0.2958984375 0.01171875 0.0458984375
1 0.5693359375 0.3720703125 0.0166015625 0.0693359375
0 0.3544921875 0.12109375 0.0107421875 0.0263671875
2 0.5078125 0.3544921875 0.1064453125 0.24609375
2 0.3310546875 0.71875 0.2646484375 0.4072265625
0 0.669921875 0.66796875 0.1328125 0.20703125
0 0.369140625 0.1435546875 0.0126953125 0.03515625
2 0.41796875 0.2392578125 0.04296875 0.091796875
0 0.876953125 0.8984375 0.2265625 0.203125
0 0.0576171875 0.6708984375 0.11328125 0.1650390625
0 0.2578125 0.3671875 0.0517578125 0.0908203125
0 0.3935546875 0.1767578125 0.033203125 0.0625