1 0.9169921875 0.5400390625 0.0771484375 0.0986328125
1 0.099609375 0.5908203125 0.048828125 0.083984375
1 0.3916015625 0.146484375 0.0087890625 0.0263671875
0 0.3994140625 0.673828125 0.1083984375 0.1708984375
1 0.576171875 0.298828125 0.0380859375 0.04296875
1 0.2666015625 0.3095703125 0.0126953125 0.0400390625
1 0.439453125 0.2587890625 0.0126953125 0.037109375
1 0.294921875 0.4013671875 0.0166015625 0.0546875
1 0.486328125 0.6162109375 0.029296875 0.09765625
0 0.3515625 0.4560546875 0.0576171875 0.103515625
1 0.5810546875 0.390625 0.01953125 0.05859375
0 0.4072265625 0.15234375 0.017578125 0.0390625
1 0.9765625 0.6337890625 0.0439453125 0.06640625
1 0.30078125 0.51171875 0.021484375 0.0771484375
1 0.3759765625 0.8798828125 0.0517578125 0.1376953125
1 0.162109375 0.5947265625 0.0400390625 0.0810546875
1 0.4033203125 0.2490234375 0.013671875 0.037109375
0 0.4150390625 0.2119140625 0.029296875 0.0478515625
1 0.181640625 0.5087890625 0.0302734375 0.0712890625
1 0.3203125 0.3955078125 0.0185546875 0.056640625
1 0.419921875 0.1748046875 0.0078125 0.021484375
1 0.314453125 0.1787109375 0.0078125 0.0302734375
0 0.4580078125 0.3740234375 0.052734375 0.087890625
1 0.37109375 0.1865234375 0.0068359375 0.02734375
1 0.302734375 0.7607421875 0.033203125 0.1005859375
1 0.2587890625 0.3916015625 0.0166015625 0.052734375
0 0.380859375 0.154296875 0.0166015625 0.03515625
1 0.3046875 0.150390625 0.005859375 0.0234375
2 0.337890625 0.16015625 0.0302734375 0.0673828125
0 0.341796875 0.3505859375 0.0458984375 0.08984375
0 0.4912109375 0.30859375 0.0517578125 0.0859375
1 0.4453125 0.1748046875 0.0078125 0.0205078125
2 0.3642578125 0.1328125 0.0185546875 0.0478515625
2 0.3037109375 0.2568359375 0.0439453125 0.0869140625
2 0.515625 0.4560546875 0.0712890625 0.18359375
1 0.462890625 0.2001953125 0.0068359375 0.0234375
0 0.498046875 0.2197265625 0.0302734375 0.0498046875
1 0.4765625 0.2158203125 0.0107421875 0.0390625
0 0.548828125 0.5869140625 0.0947265625 0.1904296875
2 0.2880859375 0.123046875 0.013671875 0.044921875
2 0.6357421875 0.4736328125 0.08984375 0.12109375
2 0.3525390625 0.1142578125 0.009765625 0.029296875