1 0.27734375 0.380859375 0.0146484375 0.0537109375
0 0.453125 0.357421875 0.041015625 0.087890625
0 0.349609375 0.408203125 0.052734375 0.099609375
0 0.5478515625 0.6767578125 0.0849609375 0.2041015625
0 0.40234375 0.658203125 0.1201171875 0.181640625
1 0.3095703125 0.1845703125 0.009765625 0.03515625
0 0.4853515625 0.27734375 0.0341796875 0.0625
1 0.447265625 0.45703125 0.0224609375 0.068359375
1 0.478515625 0.5771484375 0.0283203125 0.08984375
2 0.41015625 0.2236328125 0.041015625 0.1044921875
1 0.302734375 0.1513671875 0.0078125 0.025390625
1 0.66796875 0.384765625 0.0224609375 0.0537109375
1 0.294921875 0.2861328125 0.01171875 0.0341796875
1 0.3115234375 0.265625 0.0107421875 0.033203125
0 0.5224609375 0.4541015625 0.0615234375 0.134765625
0 0.3876953125 0.2255859375 0.01171875 0.046875
2 0.373046875 0.1328125 0.02734375 0.072265625
0 0.4248046875 0.3056640625 0.04296875 0.0869140625
2 0.3359375 0.1640625 0.03125 0.0673828125
2 0.4072265625 0.158203125 0.0166015625 0.0341796875
0 0.60546875 0.421875 0.0615234375 0.1298828125
2 0.337890625 0.232421875 0.0322265625 0.07421875