1 0.916015625 0.5419921875 0.08203125 0.095703125
1 0.578125 0.3017578125 0.0400390625 0.0419921875
0 0.4169921875 0.2587890625 0.037109375 0.0556640625
0 0.4296875 0.17578125 0.0205078125 0.044921875
0 0.421875 0.212890625 0.0302734375 0.0478515625
2 0.3369140625 0.4140625 0.0966796875 0.2236328125
1 0.3076171875 0.1962890625 0.009765625 0.025390625
1 0.7197265625 0.5537109375 0.0283203125 0.080078125
1 0.4580078125 0.26171875 0.01171875 0.0341796875
0 0.294921875 0.23046875 0.0263671875 0.044921875
2 0.341796875 0.1728515625 0.02734375 0.0390625
0 0.365234375 0.5654296875 0.08203125 0.158203125
1 0.4794921875 0.2099609375 0.021484375 0.033203125
0 0.404296875 0.173828125 0.0205078125 0.048828125
0 0.3896484375 0.1435546875 0.0126953125 0.0263671875
0 0.4912109375 0.2958984375 0.0458984375 0.07421875
1 0.3173828125 0.2529296875 0.0107421875 0.0419921875
1 0.9794921875 0.6318359375 0.041015625 0.07421875
1 0.2763671875 0.392578125 0.013671875 0.0419921875
1 0.5048828125 0.2412109375 0.013671875 0.03125
1 0.4912109375 0.248046875 0.009765625 0.029296875
0 0.5458984375 0.5888671875 0.0810546875 0.173828125
0 0.3388671875 0.1455078125 0.013671875 0.029296875
2 0.3720703125 0.1357421875 0.02734375 0.0673828125
2 0.5556640625 0.828125 0.291015625 0.34375
2 0.3427734375 0.251953125 0.0458984375 0.1201171875