0 0.462890625 0.248046875 0.03125 0.052734375
0 0.4501953125 0.3525390625 0.0361328125 0.0791015625
1 0.427734375 0.41796875 0.021484375 0.0615234375
0 0.5458984375 0.6572265625 0.0859375 0.197265625
0 0.359375 0.48828125 0.0673828125 0.1220703125
2 0.3701171875 0.1376953125 0.021484375 0.04296875
0 0.544921875 0.3515625 0.048828125 0.0966796875
2 0.4033203125 0.212890625 0.0380859375 0.1005859375
0 0.4208984375 0.291015625 0.041015625 0.0859375
1 0.2880859375 0.3408203125 0.013671875 0.04296875
2 0.3349609375 0.107421875 0.0224609375 0.0439453125
1 0.3134765625 0.6220703125 0.0322265625 0.08984375
1 0.2646484375 0.474609375 0.0244140625 0.0654296875
1 0.3056640625 0.3037109375 0.01171875 0.0341796875
1 0.576171875 0.3017578125 0.033203125 0.0380859375
0 0.4931640625 0.8447265625 0.1884765625 0.2646484375
1 0.3544921875 0.6044921875 0.025390625 0.0771484375
0 0.3837890625 0.212890625 0.0126953125 0.0439453125
2 0.3408203125 0.2626953125 0.0390625 0.0888671875
2 0.3359375 0.1767578125 0.0322265625 0.07421875
0 0.4013671875 0.150390625 0.017578125 0.02734375
0 0.8193359375 0.7294921875 0.15234375 0.2587890625
0 0.5205078125 0.44921875 0.0634765625 0.13671875
2 0.2880859375 0.12109375 0.0166015625 0.044921875