1 0.537109375 0.6533203125 0.0322265625 0.0927734375
0 0.236328125 0.2646484375 0.0361328125 0.072265625
1 0.3974609375 0.2431640625 0.0126953125 0.037109375
1 0.578125 0.3037109375 0.037109375 0.0380859375
1 0.9765625 0.6240234375 0.0439453125 0.08984375
1 0.48828125 0.6416015625 0.0341796875 0.09765625
1 0.9150390625 0.5400390625 0.0751953125 0.09375
0 0.3408203125 0.361328125 0.0478515625 0.083984375
1 0.287109375 0.3046875 0.0146484375 0.04296875
1 0.603515625 0.4404296875 0.025390625 0.0732421875
1 0.27734375 0.642578125 0.0302734375 0.0927734375
1 0.2666015625 0.4365234375 0.021484375 0.0673828125
0 0.3095703125 0.232421875 0.0302734375 0.048828125
1 0.5439453125 0.2509765625 0.0107421875 0.0361328125
0 0.3310546875 0.287109375 0.0400390625 0.0673828125
1 0.404296875 0.6962890625 0.037109375 0.103515625
0 0.3212890625 0.1884765625 0.0234375 0.0390625
2 0.3642578125 0.4619140625 0.064453125 0.1337890625
1 0.322265625 0.5693359375 0.0283203125 0.0810546875
0 0.3427734375 0.203125 0.0244140625 0.0576171875
2 0.7763671875 0.7177734375 0.2158203125 0.3837890625
0 0.3974609375 0.1806640625 0.0244140625 0.0419921875
2 0.384765625 0.1328125 0.0126953125 0.02734375
2 0.3359375 0.1298828125 0.01953125 0.04296875
0 0.337890625 0.166015625 0.0205078125 0.0341796875
1 0.3369140625 0.24609375 0.0205078125 0.0390625
1 0.44140625 0.1826171875 0.0078125 0.0263671875
1 0.4794921875 0.2119140625 0.0185546875 0.0341796875
1 0.4970703125 0.25 0.009765625 0.03125
2 0.3583984375 0.1259765625 0.0126953125 0.0283203125
2 0.2890625 0.125 0.0166015625 0.048828125
2 0.3212890625 0.1298828125 0.0166015625 0.04296875
0 0.5263671875 0.9189453125 0.1669921875 0.154296875