0 0.3818359375 0.666015625 0.1181640625 0.1787109375
2 0.34765625 0.3974609375 0.0810546875 0.1875
0 0.5263671875 0.5322265625 0.080078125 0.1396484375
1 0.5556640625 0.765625 0.03515625 0.1181640625
1 0.455078125 0.5791015625 0.044921875 0.1005859375
1 0.4912109375 0.716796875 0.0361328125 0.1064453125
1 0.861328125 0.7275390625 0.05078125 0.115234375
2 0.3876953125 0.1630859375 0.03125 0.0869140625
2 0.4384765625 0.296875 0.0625 0.177734375
0 0.365234375 0.1591796875 0.0107421875 0.0361328125
0 0.509765625 0.279296875 0.044921875 0.087890625
2 0.3388671875 0.146484375 0.025390625 0.0625
0 0.3408203125 0.1826171875 0.0185546875 0.0283203125
2 0.3271484375 0.248046875 0.05078125 0.12109375
0 0.54296875 0.9130859375 0.2119140625 0.166015625
0 0.7197265625 0.69140625 0.138671875 0.193359375