1 0.427734375 0.591796875 0.0634765625 0.0908203125
0 0.3369140625 0.2890625 0.0380859375 0.068359375
0 0.0673828125 0.640625 0.130859375 0.140625
1 0.3134765625 0.1591796875 0.0078125 0.0263671875
0 0.4521484375 0.3564453125 0.0380859375 0.083984375
1 0.3232421875 0.1640625 0.0068359375 0.0283203125
0 0.3408203125 0.404296875 0.056640625 0.1025390625
1 0.30078125 0.154296875 0.0087890625 0.0263671875
0 0.5615234375 0.37109375 0.04296875 0.0810546875
1 0.482421875 0.56640625 0.0283203125 0.0859375
1 0.3017578125 0.25 0.01171875 0.0341796875
2 0.3330078125 0.14453125 0.02734375 0.0458984375
2 0.8212890625 0.646484375 0.2158203125 0.3955078125
1 0.333984375 0.2109375 0.009765625 0.029296875
1 0.466796875 0.513671875 0.0263671875 0.0732421875
0 0.642578125 0.94921875 0.2333984375 0.0986328125
0 0.5458984375 0.69921875 0.0859375 0.2158203125
2 0.2890625 0.1357421875 0.017578125 0.0712890625
1 0.3017578125 0.322265625 0.015625 0.0546875
1 0.576171875 0.3037109375 0.02734375 0.033203125
2 0.4208984375 0.244140625 0.0478515625 0.1162109375
2 0.5068359375 0.4169921875 0.0869140625 0.2080078125
2 0.375 0.1376953125 0.0341796875 0.0849609375
0 0.39453125 0.25 0.0107421875 0.0537109375
0 0.416015625 0.1708984375 0.01953125 0.0400390625