1 0.8916015625 0.5400390625 0.0341796875 0.0751953125
1 0.72265625 0.6015625 0.0302734375 0.0908203125
1 0.576171875 0.302734375 0.0380859375 0.0361328125
1 0.603515625 0.61328125 0.0302734375 0.107421875
1 0.2646484375 0.322265625 0.0146484375 0.0439453125
1 0.5244140625 0.2998046875 0.0126953125 0.04296875
1 0.978515625 0.6279296875 0.04296875 0.080078125
0 0.3564453125 0.625 0.0888671875 0.18359375
1 0.4052734375 0.3271484375 0.013671875 0.0458984375
1 0.2763671875 0.466796875 0.021484375 0.0625
0 0.48828125 0.2861328125 0.0419921875 0.05859375
1 0.4365234375 0.45703125 0.021484375 0.0634765625
1 0.44921875 0.2333984375 0.0107421875 0.033203125
1 0.3125 0.1611328125 0.0068359375 0.0224609375
1 0.248046875 0.521484375 0.021484375 0.07421875
1 0.4755859375 0.2451171875 0.01171875 0.0380859375
1 0.3955078125 0.2587890625 0.0146484375 0.041015625
1 0.2978515625 0.796875 0.0361328125 0.107421875
2 0.3642578125 0.134765625 0.0146484375 0.0322265625
2 0.3359375 0.1572265625 0.0263671875 0.0869140625
1 0.4306640625 0.3876953125 0.017578125 0.0478515625
1 0.5654296875 0.3642578125 0.013671875 0.0380859375
2 0.38671875 0.15625 0.0263671875 0.0576171875
2 0.5185546875 0.4873046875 0.0947265625 0.271484375
0 0.4296875 0.25390625 0.037109375 0.0556640625
1 0.478515625 0.2119140625 0.01953125 0.0341796875
1 0.5830078125 0.4189453125 0.0205078125 0.0625
1 0.46484375 0.4658203125 0.021484375 0.076171875
1 0.4375 0.2109375 0.0087890625 0.0341796875
1 0.9775390625 0.8974609375 0.0439453125 0.1484375
1 0.306640625 0.1533203125 0.005859375 0.01953125
1 0.462890625 0.19921875 0.0068359375 0.025390625
2 0.4033203125 0.1455078125 0.01171875 0.0263671875
2 0.494140625 0.3544921875 0.0498046875 0.0810546875
2 0.3271484375 0.3349609375 0.0693359375 0.1962890625