1 0.220703125 0.5234375 0.0224609375 0.0712890625
1 0.9169921875 0.5419921875 0.078125 0.095703125
1 0.306640625 0.1865234375 0.009765625 0.02734375
1 0.5771484375 0.3046875 0.03515625 0.03515625
1 0.431640625 0.19921875 0.0087890625 0.0283203125
1 0.9794921875 0.5966796875 0.041015625 0.13671875
1 0.3134765625 0.8125 0.0419921875 0.1201171875
1 0.4892578125 0.263671875 0.01171875 0.0361328125
1 0.3857421875 0.220703125 0.0107421875 0.03125
1 0.615234375 0.4345703125 0.0244140625 0.0673828125
1 0.5205078125 0.3212890625 0.0126953125 0.0458984375
1 0.67578125 0.5078125 0.025390625 0.0771484375
1 0.353515625 0.69921875 0.0322265625 0.0869140625
1 0.41796875 0.189453125 0.0087890625 0.029296875
2 0.51953125 0.4912109375 0.09375 0.2666015625
0 0.453125 0.2451171875 0.03125 0.0498046875
1 0.4326171875 0.3955078125 0.01953125 0.05859375
0 0.40625 0.22265625 0.0263671875 0.05078125
1 0.3974609375 0.291015625 0.01171875 0.0439453125
0 0.337890625 0.208984375 0.0244140625 0.0419921875
2 0.3896484375 0.1728515625 0.0224609375 0.0419921875
0 0.4287109375 0.2744140625 0.0361328125 0.0859375
0 0.4033203125 0.14453125 0.0126953125 0.0263671875
0 0.798828125 0.720703125 0.1455078125 0.2265625
1 0.3046875 0.150390625 0.0068359375 0.01953125
2 0.3603515625 0.1318359375 0.0107421875 0.0234375
2 0.48046875 0.3369140625 0.046875 0.109375
2 0.2890625 0.126953125 0.0166015625 0.0546875
2 0.3369140625 0.4482421875 0.103515625 0.2939453125