0 0.494140625 0.439453125 0.0703125 0.1640625
1 0.576171875 0.3037109375 0.0341796875 0.03515625
2 0.33984375 0.203125 0.029296875 0.0849609375
1 0.861328125 0.7431640625 0.0556640625 0.123046875
0 0.48828125 0.66796875 0.1259765625 0.2626953125
1 0.9140625 0.5458984375 0.07421875 0.087890625
1 0.4169921875 0.2841796875 0.013671875 0.0458984375
1 0.9775390625 0.6220703125 0.044921875 0.095703125
0 0.396484375 0.1484375 0.021484375 0.0361328125
2 0.3740234375 0.1416015625 0.029296875 0.0712890625
1 0.3193359375 0.2392578125 0.01171875 0.029296875
0 0.318359375 0.1455078125 0.017578125 0.0380859375
0 0.30859375 0.1962890625 0.0224609375 0.044921875
2 0.3330078125 0.138671875 0.017578125 0.0498046875
0 0.1904296875 0.8857421875 0.2421875 0.2216796875
0 0.28515625 0.4052734375 0.05859375 0.0966796875