1 0.92578125 0.54296875 0.0546875 0.091796875
0 0.79296875 0.6298828125 0.1376953125 0.2353515625
0 0.3212890625 0.1435546875 0.013671875 0.0244140625
1 0.9775390625 0.6171875 0.044921875 0.10546875
1 0.3994140625 0.1689453125 0.005859375 0.0205078125
1 0.384765625 0.2080078125 0.0107421875 0.0322265625
0 0.3837890625 0.1396484375 0.0126953125 0.0205078125
1 0.4111328125 0.3212890625 0.013671875 0.0458984375
1 0.31640625 0.16015625 0.005859375 0.0234375
2 0.345703125 0.287109375 0.0498046875 0.1337890625
1 0.576171875 0.30078125 0.0419921875 0.04296875
1 0.30859375 0.248046875 0.0107421875 0.0302734375
1 0.287109375 0.2412109375 0.01171875 0.0283203125
0 0.4951171875 0.2177734375 0.0234375 0.046875
2 0.3583984375 0.126953125 0.0166015625 0.0302734375
0 0.2353515625 0.2705078125 0.037109375 0.078125
1 0.4775390625 0.2080078125 0.0166015625 0.033203125
2 0.4345703125 0.2294921875 0.044921875 0.1064453125
2 0.337890625 0.142578125 0.017578125 0.0302734375
1 0.369140625 0.1357421875 0.0068359375 0.0205078125
2 0.3427734375 0.1201171875 0.009765625 0.0234375