1 0.9140625 0.5419921875 0.0732421875 0.0927734375
1 0.5751953125 0.302734375 0.03515625 0.0390625
0 0.41015625 0.7119140625 0.1103515625 0.1826171875
0 0.7080078125 0.6201171875 0.11328125 0.1875
0 0.3486328125 0.42578125 0.0546875 0.1142578125
0 0.3837890625 0.1748046875 0.025390625 0.0478515625
2 0.3369140625 0.12890625 0.0205078125 0.0400390625
2 0.369140625 0.1337890625 0.025390625 0.0419921875
1 0.3095703125 0.1845703125 0.0078125 0.0263671875
2 0.412109375 0.201171875 0.0361328125 0.076171875
2 0.521484375 0.4833984375 0.0947265625 0.263671875
0 0.447265625 0.34375 0.048828125 0.1123046875
1 0.4638671875 0.4423828125 0.021484375 0.0791015625
0 0.3232421875 0.25 0.02734375 0.0595703125
1 0.919921875 0.859375 0.05078125 0.134765625
1 0.587890625 0.7197265625 0.0380859375 0.111328125
2 0.4013671875 0.1484375 0.0166015625 0.0341796875
1 0.4794921875 0.2099609375 0.01953125 0.033203125
2 0.341796875 0.322265625 0.052734375 0.1162109375
0 0.5009765625 0.349609375 0.0478515625 0.0458984375
2 0.2880859375 0.12109375 0.013671875 0.04296875