0 0.3828125 0.177734375 0.0224609375 0.044921875
1 0.3115234375 0.169921875 0.0068359375 0.0185546875
1 0.44140625 0.3974609375 0.017578125 0.0625
0 0.5185546875 0.544921875 0.08203125 0.162109375
0 0.4306640625 0.27734375 0.0380859375 0.0703125
0 0.4111328125 0.1650390625 0.017578125 0.03515625
1 0.5751953125 0.2998046875 0.041015625 0.044921875
0 0.341796875 0.2353515625 0.02734375 0.0478515625
1 0.30078125 0.2509765625 0.009765625 0.0322265625
0 0.3349609375 0.16796875 0.0205078125 0.0380859375
0 0.4892578125 0.3857421875 0.0595703125 0.09765625
1 0.4755859375 0.2080078125 0.015625 0.029296875
1 0.27734375 0.197265625 0.0068359375 0.0302734375
1 0.3037109375 0.1513671875 0.005859375 0.0166015625
1 0.2626953125 0.232421875 0.0087890625 0.0400390625
1 0.466796875 0.4619140625 0.017578125 0.0595703125
1 0.30859375 0.2294921875 0.009765625 0.029296875
0 0.396484375 0.1591796875 0.0146484375 0.0263671875
0 0.447265625 0.787109375 0.140625 0.2529296875
0 0.7158203125 0.62109375 0.1162109375 0.1923828125
0 0.5830078125 0.4111328125 0.06640625 0.0986328125
2 0.3359375 0.1318359375 0.021484375 0.0419921875
2 0.443359375 0.2041015625 0.0439453125 0.1064453125
2 0.2880859375 0.125 0.0146484375 0.046875
2 0.3203125 0.1396484375 0.01171875 0.025390625
2 0.3662109375 0.4609375 0.0888671875 0.1689453125
0 0.91015625 0.869140625 0.1767578125 0.2490234375
0 0.361328125 0.16015625 0.0107421875 0.0361328125