1 0.3876953125 0.2041015625 0.0087890625 0.02734375
1 0.927734375 0.54296875 0.0517578125 0.09375
1 0.978515625 0.6142578125 0.04296875 0.1083984375
1 0.3984375 0.236328125 0.009765625 0.033203125
0 0.3896484375 0.140625 0.015625 0.02734375
1 0.3271484375 0.201171875 0.009765625 0.02734375
1 0.8935546875 0.55078125 0.033203125 0.0576171875
1 0.5712890625 0.3017578125 0.02734375 0.041015625
1 0.4755859375 0.2099609375 0.013671875 0.0302734375
1 0.3095703125 0.203125 0.0087890625 0.0283203125
0 0.3427734375 0.3515625 0.0439453125 0.080078125
1 0.2958984375 0.1689453125 0.0068359375 0.0244140625
0 0.3408203125 0.1103515625 0.0087890625 0.013671875
0 0.3701171875 0.5224609375 0.080078125 0.12890625
0 0.3408203125 0.232421875 0.0302734375 0.056640625
0 0.333984375 0.146484375 0.0185546875 0.0380859375
2 0.3662109375 0.1328125 0.0224609375 0.046875
1 0.423828125 0.314453125 0.01171875 0.037109375
1 0.3203125 0.1484375 0.0087890625 0.0244140625
2 0.41015625 0.1552734375 0.029296875 0.0615234375
2 0.3310546875 0.1083984375 0.0078125 0.015625