1 0.9287109375 0.5439453125 0.0556640625 0.0927734375
1 0.9765625 0.615234375 0.046875 0.10546875
1 0.4765625 0.2080078125 0.015625 0.033203125
1 0.578125 0.30078125 0.037109375 0.044921875
1 0.4140625 0.2060546875 0.009765625 0.0322265625
2 0.30859375 0.2783203125 0.0576171875 0.14453125
1 0.4091796875 0.2939453125 0.015625 0.0439453125
1 0.2578125 0.4140625 0.01953125 0.05859375
0 0.4111328125 0.1591796875 0.0205078125 0.037109375
2 0.36328125 0.1328125 0.017578125 0.0439453125
0 0.236328125 0.2685546875 0.037109375 0.072265625
0 0.392578125 0.1494140625 0.0166015625 0.0341796875
2 0.337890625 0.16015625 0.02734375 0.0625
1 0.3115234375 0.169921875 0.0078125 0.0244140625
1 0.4658203125 0.2666015625 0.01171875 0.03515625
1 0.478515625 0.28125 0.013671875 0.04296875
1 0.455078125 0.2431640625 0.0107421875 0.033203125
0 0.501953125 0.5166015625 0.0693359375 0.177734375
0 0.3388671875 0.384765625 0.0458984375 0.0986328125
1 0.2734375 0.3505859375 0.0185546875 0.044921875
0 0.46875 0.4150390625 0.060546875 0.1162109375
1 0.8935546875 0.55078125 0.0341796875 0.05859375
0 0.494140625 0.21875 0.025390625 0.048828125
1 0.3232421875 0.1416015625 0.0078125 0.0263671875
0 0.435546875 0.1884765625 0.0244140625 0.0478515625
2 0.3525390625 0.1259765625 0.0087890625 0.0263671875
2 0.2890625 0.125 0.0146484375 0.048828125
2 0.345703125 0.23828125 0.029296875 0.0517578125
0 0.3134765625 0.794921875 0.2138671875 0.279296875