0 0.35546875 0.5087890625 0.07421875 0.126953125
2 0.3388671875 0.2724609375 0.0556640625 0.1171875
0 0.3505859375 0.408203125 0.0546875 0.0859375
2 0.4453125 0.3095703125 0.0693359375 0.1455078125
0 0.2431640625 0.2607421875 0.0478515625 0.0703125
0 0.3115234375 0.3486328125 0.0419921875 0.08203125
0 0.2626953125 0.5224609375 0.0615234375 0.1162109375
0 0.5224609375 0.55859375 0.072265625 0.1884765625
0 0.2919921875 0.2763671875 0.0361328125 0.0556640625
0 0.4052734375 0.234375 0.0224609375 0.056640625
0 0.390625 0.2021484375 0.0234375 0.044921875
0 0.3984375 0.1484375 0.0166015625 0.0302734375
2 0.3740234375 0.158203125 0.0224609375 0.044921875
0 0.53515625 0.361328125 0.0537109375 0.0791015625
1 0.412109375 0.6171875 0.05859375 0.0927734375
2 0.3349609375 0.162109375 0.0205078125 0.044921875
0 0.478515625 0.4091796875 0.068359375 0.1279296875
1 0.5771484375 0.2998046875 0.0380859375 0.0419921875
0 0.333984375 0.857421875 0.220703125 0.2763671875
0 0.2646484375 0.333984375 0.0439453125 0.0830078125
1 0.46875 0.5224609375 0.025390625 0.0771484375
0 0.302734375 0.2275390625 0.0244140625 0.046875
2 0.3076171875 0.1630859375 0.0283203125 0.044921875
0 0.2470703125 0.42578125 0.0654296875 0.1083984375
2 0.361328125 0.1279296875 0.01171875 0.0263671875
2 0.380859375 0.126953125 0.01171875 0.025390625
2 0.2890625 0.1240234375 0.0166015625 0.046875
2 0.8583984375 0.7353515625 0.2744140625 0.5146484375