1 0.3916015625 0.2294921875 0.0107421875 0.03125
1 0.4169921875 0.26171875 0.0126953125 0.0361328125
1 0.30078125 0.296875 0.013671875 0.0419921875
0 0.33984375 0.2392578125 0.029296875 0.046875
1 0.2666015625 0.552734375 0.02734375 0.0810546875
1 0.3984375 0.1767578125 0.0087890625 0.025390625
1 0.2919921875 0.3505859375 0.0166015625 0.0478515625
1 0.3076171875 0.2275390625 0.0107421875 0.0322265625
1 0.2587890625 0.400390625 0.0146484375 0.05078125
0 0.3388671875 0.1904296875 0.0205078125 0.0380859375
1 0.2919921875 0.208984375 0.009765625 0.03125
1 0.384765625 0.1796875 0.0078125 0.0283203125
0 0.4208984375 0.21484375 0.03125 0.0517578125
2 0.341796875 0.3251953125 0.0458984375 0.1044921875
1 0.3896484375 0.2021484375 0.009765625 0.0302734375
1 0.2744140625 0.283203125 0.0146484375 0.0419921875
0 0.466796875 0.4228515625 0.068359375 0.146484375
0 0.3828125 0.1357421875 0.01171875 0.0244140625
2 0.359375 0.4423828125 0.072265625 0.1640625
2 0.5400390625 0.787109375 0.25390625 0.4228515625
2 0.7392578125 0.5986328125 0.3173828125 0.53125
0 0.3134765625 0.173828125 0.0244140625 0.037109375
0 0.3193359375 0.1416015625 0.0146484375 0.0234375
0 0.4130859375 0.1787109375 0.0234375 0.044921875