1 0.92578125 0.5439453125 0.0537109375 0.0927734375
1 0.9765625 0.615234375 0.044921875 0.107421875
0 0.33984375 0.2685546875 0.03125 0.0576171875
1 0.28515625 0.1953125 0.0087890625 0.025390625
0 0.4521484375 0.296875 0.044921875 0.0888671875
1 0.4580078125 0.400390625 0.01953125 0.0615234375
0 0.3193359375 0.1435546875 0.017578125 0.033203125
0 0.234375 0.2666015625 0.037109375 0.0693359375
1 0.3046875 0.1767578125 0.0068359375 0.02734375
0 0.4736328125 0.2412109375 0.0341796875 0.076171875
1 0.2333984375 0.3603515625 0.0166015625 0.0498046875
0 0.3623046875 0.123046875 0.0126953125 0.029296875
1 0.2978515625 0.24609375 0.0107421875 0.0322265625
1 0.390625 0.1572265625 0.0078125 0.01953125
1 0.380859375 0.14453125 0.0068359375 0.017578125
0 0.419921875 0.22265625 0.029296875 0.0634765625
1 0.228515625 0.4765625 0.021484375 0.0673828125
1 0.5859375 0.3037109375 0.0244140625 0.0419921875
0 0.353515625 0.12109375 0.0078125 0.017578125
1 0.3125 0.193359375 0.0078125 0.025390625
1 0.3203125 0.1728515625 0.0087890625 0.029296875
2 0.337890625 0.1328125 0.025390625 0.0615234375
0 0.333984375 0.205078125 0.03125 0.041015625
0 0.4931640625 0.216796875 0.0205078125 0.044921875