1 0.9052734375 0.5361328125 0.056640625 0.0849609375
1 0.576171875 0.3017578125 0.0380859375 0.0419921875
2 0.3271484375 0.23046875 0.041015625 0.1005859375
0 0.236328125 0.265625 0.0361328125 0.068359375
1 0.9765625 0.6220703125 0.044921875 0.0908203125
0 0.458984375 0.2109375 0.0302734375 0.05078125
1 0.28125 0.2783203125 0.01171875 0.0361328125
0 0.5390625 0.326171875 0.0517578125 0.0947265625
1 0.48828125 0.3125 0.0146484375 0.0498046875
1 0.544921875 0.255859375 0.01171875 0.029296875
1 0.2978515625 0.2412109375 0.0107421875 0.0302734375
1 0.1806640625 0.5107421875 0.0283203125 0.0810546875
1 0.52734375 0.4794921875 0.029296875 0.083984375
1 0.236328125 0.419921875 0.01953125 0.0576171875
0 0.396484375 0.2080078125 0.0263671875 0.0595703125
2 0.3232421875 0.392578125 0.0810546875 0.1474609375
0 0.392578125 0.146484375 0.013671875 0.037109375
0 0.2724609375 0.50390625 0.1201171875 0.140625
2 0.072265625 0.63671875 0.13671875 0.2041015625
2 0.3349609375 0.1357421875 0.021484375 0.044921875
1 0.494140625 0.2255859375 0.021484375 0.0458984375
1 0.4345703125 0.185546875 0.0087890625 0.0263671875
1 0.314453125 0.1513671875 0.009765625 0.0224609375
2 0.37890625 0.1552734375 0.01953125 0.0498046875
1 0.4775390625 0.20703125 0.0166015625 0.033203125
1 0.5224609375 0.2548828125 0.009765625 0.04296875
2 0.357421875 0.13671875 0.0146484375 0.0361328125
0 0.2587890625 0.84375 0.2255859375 0.302734375
2 0.3486328125 0.21875 0.013671875 0.0517578125
2 0.2890625 0.1240234375 0.015625 0.0458984375
0 0.3203125 0.126953125 0.0126953125 0.02734375
0 0.302734375 0.1943359375 0.013671875 0.03515625
0 0.244140625 0.197265625 0.0205078125 0.0458984375