1 0.9765625 0.625 0.044921875 0.087890625
1 0.9150390625 0.5400390625 0.076171875 0.095703125
1 0.576171875 0.30078125 0.0400390625 0.044921875
1 0.28125 0.376953125 0.0146484375 0.044921875
0 0.3583984375 0.4765625 0.06640625 0.1123046875
1 0.4794921875 0.2080078125 0.0185546875 0.0361328125
0 0.4365234375 0.2099609375 0.02734375 0.0625
1 0.3017578125 0.2412109375 0.01171875 0.033203125
1 0.427734375 0.3486328125 0.01953125 0.0537109375
1 0.2626953125 0.501953125 0.0224609375 0.0595703125
1 0.314453125 0.203125 0.009765625 0.033203125
0 0.40625 0.1875 0.0224609375 0.0478515625
2 0.5087890625 0.447265625 0.095703125 0.2392578125
1 0.3095703125 0.5166015625 0.0263671875 0.072265625
1 0.384765625 0.2265625 0.01171875 0.0400390625
1 0.4189453125 0.1845703125 0.0087890625 0.03125
1 0.4443359375 0.6875 0.0478515625 0.1064453125
1 0.5517578125 0.359375 0.0185546875 0.052734375
1 0.4609375 0.1962890625 0.009765625 0.03515625
2 0.40234375 0.146484375 0.0146484375 0.03125
0 0.3359375 0.142578125 0.017578125 0.041015625
2 0.34375 0.31640625 0.056640625 0.142578125
0 0.37890625 0.1669921875 0.01953125 0.0498046875
2 0.365234375 0.130859375 0.0166015625 0.044921875
0 0.578125 0.4453125 0.0537109375 0.10546875
1 0.68359375 0.4990234375 0.029296875 0.099609375
1 0.35546875 0.1611328125 0.005859375 0.02734375
0 0.501953125 0.31640625 0.0498046875 0.0390625
0 0.412109375 0.228515625 0.02734375 0.0556640625
0 0.3232421875 0.111328125 0.0126953125 0.0224609375
0 0.376953125 0.12890625 0.0087890625 0.0205078125