0 0.46875 0.44921875 0.048828125 0.1142578125
0 0.40625 0.169921875 0.021484375 0.0361328125
0 0.3603515625 0.1328125 0.01171875 0.0283203125
0 0.6279296875 0.4638671875 0.087890625 0.140625
1 0.4462890625 0.26171875 0.013671875 0.03125
1 0.576171875 0.3046875 0.0341796875 0.03515625
2 0.8515625 0.798828125 0.224609375 0.37890625
1 0.275390625 0.26953125 0.009765625 0.0322265625
0 0.4716796875 0.353515625 0.05078125 0.095703125
1 0.5185546875 0.3349609375 0.013671875 0.0439453125
0 0.3818359375 0.1611328125 0.0185546875 0.0419921875
1 0.326171875 0.146484375 0.0087890625 0.0244140625
1 0.294921875 0.275390625 0.0146484375 0.041015625
2 0.337890625 0.1279296875 0.025390625 0.044921875
0 0.3154296875 0.177734375 0.0205078125 0.044921875
0 0.3017578125 0.2119140625 0.025390625 0.0439453125
0 0.3505859375 0.5087890625 0.078125 0.1884765625
2 0.3798828125 0.134765625 0.01171875 0.0244140625
0 0.537109375 0.529296875 0.11328125 0.2666015625
0 0.392578125 0.1455078125 0.0087890625 0.0205078125