1 0.3349609375 0.708984375 0.037109375 0.1142578125
0 0.3623046875 0.5146484375 0.0751953125 0.125
0 0.3466796875 0.3603515625 0.046875 0.083984375
1 0.318359375 0.1474609375 0.005859375 0.0224609375
0 0.5166015625 0.5458984375 0.087890625 0.166015625
0 0.306640625 0.2041015625 0.0263671875 0.0478515625
0 0.3427734375 0.29296875 0.037109375 0.060546875
0 0.4814453125 0.412109375 0.056640625 0.1201171875
0 0.4609375 0.294921875 0.048828125 0.0673828125
0 0.703125 0.7021484375 0.126953125 0.2138671875
1 0.2939453125 0.3125 0.0146484375 0.0390625
1 0.3330078125 0.6044921875 0.0263671875 0.0712890625
0 0.4931640625 0.806640625 0.14453125 0.20703125
2 0.3369140625 0.125 0.0185546875 0.0390625
1 0.3349609375 0.203125 0.009765625 0.033203125
0 0.515625 0.2822265625 0.041015625 0.05859375
0 0.521484375 0.3486328125 0.0458984375 0.0830078125
0 0.376953125 0.1259765625 0.0107421875 0.0263671875
1 0.576171875 0.3017578125 0.0439453125 0.0439453125
2 0.0771484375 0.6103515625 0.15234375 0.251953125
2 0.6494140625 0.4736328125 0.126953125 0.2802734375
0 0.357421875 0.1171875 0.015625 0.0263671875