0 0.2587890625 0.5 0.0908203125 0.1123046875
0 0.26953125 0.3876953125 0.046875 0.080078125
0 0.2421875 0.263671875 0.0458984375 0.0693359375
2 0.3388671875 0.2744140625 0.056640625 0.1220703125
0 0.345703125 0.4365234375 0.0576171875 0.1064453125
0 0.302734375 0.2275390625 0.02734375 0.044921875
1 0.42578125 0.208984375 0.009765625 0.029296875
2 0.533203125 0.4931640625 0.0986328125 0.267578125
2 0.3125 0.1630859375 0.0322265625 0.0625
1 0.5771484375 0.3017578125 0.0361328125 0.0419921875
1 0.232421875 0.3798828125 0.0166015625 0.052734375
1 0.2978515625 0.5556640625 0.0302734375 0.0810546875
1 0.373046875 0.580078125 0.0546875 0.0849609375
1 0.916015625 0.546875 0.07421875 0.0869140625
2 0.375 0.1591796875 0.017578125 0.0419921875
0 0.4033203125 0.25390625 0.0341796875 0.072265625
1 0.2294921875 0.6044921875 0.0400390625 0.091796875
0 0.2763671875 0.3212890625 0.04296875 0.0712890625
0 0.435546875 0.30859375 0.0439453125 0.080078125
0 0.451171875 0.7470703125 0.17578125 0.2666015625
0 0.4501953125 0.388671875 0.0498046875 0.1259765625
1 0.5390625 0.2470703125 0.0146484375 0.0361328125
0 0.4609375 0.2568359375 0.033203125 0.0546875
0 0.416015625 0.1630859375 0.0205078125 0.0380859375
1 0.212890625 0.447265625 0.0234375 0.0595703125
2 0.3388671875 0.15625 0.029296875 0.0625
0 0.388671875 0.1767578125 0.0205078125 0.041015625
1 0.197265625 0.5 0.0244140625 0.0634765625
1 0.9775390625 0.625 0.044921875 0.09375
0 0.3681640625 0.1240234375 0.0126953125 0.0224609375
2 0.3544921875 0.12109375 0.0107421875 0.02734375