1 0.9775390625 0.625 0.044921875 0.08984375
1 0.9013671875 0.5390625 0.048828125 0.0830078125
0 0.236328125 0.2666015625 0.0361328125 0.06640625
0 0.4365234375 0.197265625 0.025390625 0.05078125
1 0.5791015625 0.30078125 0.0400390625 0.04296875
0 0.341796875 0.3388671875 0.0400390625 0.0693359375
2 0.3095703125 0.267578125 0.0546875 0.13671875
0 0.3798828125 0.13671875 0.013671875 0.0283203125
1 0.2451171875 0.51953125 0.037109375 0.0751953125
0 0.314453125 0.15625 0.0185546875 0.0322265625
0 0.44140625 0.2939453125 0.0419921875 0.07421875
1 0.30859375 0.1806640625 0.0087890625 0.0302734375
0 0.4013671875 0.1513671875 0.017578125 0.0302734375
2 0.3603515625 0.1279296875 0.017578125 0.037109375
0 0.220703125 0.4423828125 0.0634765625 0.1044921875
0 0.4169921875 0.1728515625 0.0185546875 0.0380859375
2 0.4013671875 0.208984375 0.037109375 0.0859375
2 0.3017578125 0.431640625 0.115234375 0.16796875
0 0.0751953125 0.677734375 0.1494140625 0.1923828125
0 0.341796875 0.1875 0.021484375 0.041015625
0 0.4658203125 0.384765625 0.060546875 0.1318359375
1 0.4775390625 0.2109375 0.0146484375 0.0380859375
2 0.3486328125 0.2490234375 0.0302734375 0.08203125
2 0.2880859375 0.123046875 0.013671875 0.0439453125
2 0.322265625 0.126953125 0.0126953125 0.0283203125