1 0.5078125 0.3564453125 0.015625 0.05078125
1 0.9248046875 0.54296875 0.052734375 0.0859375
1 0.5751953125 0.3037109375 0.037109375 0.0380859375
0 0.3369140625 0.1708984375 0.0205078125 0.029296875
0 0.4140625 0.19140625 0.021484375 0.0380859375
0 0.431640625 0.2529296875 0.037109375 0.0546875
0 0.3173828125 0.1328125 0.013671875 0.0263671875
0 0.337890625 0.1396484375 0.0126953125 0.0263671875
0 0.302734375 0.251953125 0.0361328125 0.056640625
1 0.2275390625 0.9169921875 0.080078125 0.1435546875
1 0.50390625 0.513671875 0.029296875 0.0859375
1 0.978515625 0.615234375 0.04296875 0.1064453125
0 0.47265625 0.392578125 0.05859375 0.1083984375
1 0.3095703125 0.142578125 0.005859375 0.021484375
0 0.4580078125 0.7265625 0.1396484375 0.2001953125
1 0.5537109375 0.365234375 0.017578125 0.056640625
2 0.3896484375 0.1875 0.033203125 0.0712890625
0 0.3671875 0.1552734375 0.01171875 0.0244140625
1 0.4755859375 0.208984375 0.015625 0.033203125
2 0.359375 0.125 0.0146484375 0.03125
2 0.2890625 0.1220703125 0.0166015625 0.044921875
0 0.400390625 0.1533203125 0.017578125 0.025390625