1 0.8984375 0.5390625 0.0419921875 0.0791015625
2 0.30859375 0.2734375 0.056640625 0.134765625
0 0.236328125 0.2666015625 0.03515625 0.068359375
1 0.818359375 0.7041015625 0.04296875 0.1103515625
1 0.9794921875 0.625 0.041015625 0.0888671875
1 0.53515625 0.3515625 0.015625 0.052734375
1 0.67578125 0.509765625 0.0283203125 0.0791015625
1 0.5439453125 0.255859375 0.009765625 0.0283203125
1 0.9228515625 0.853515625 0.05859375 0.1298828125
0 0.39453125 0.1875 0.0244140625 0.05078125
1 0.580078125 0.30078125 0.0341796875 0.044921875
2 0.369140625 0.142578125 0.017578125 0.0419921875
0 0.41796875 0.1669921875 0.01953125 0.041015625
1 0.4912109375 0.52734375 0.02734375 0.078125
0 0.4375 0.193359375 0.0224609375 0.0458984375
0 0.341796875 0.33984375 0.041015625 0.0673828125
1 0.4775390625 0.2099609375 0.015625 0.0302734375
0 0.37890625 0.1748046875 0.0126953125 0.0361328125
0 0.298828125 0.2041015625 0.0263671875 0.0341796875
2 0.27734375 0.4609375 0.140625 0.1787109375
0 0.4931640625 0.2197265625 0.0263671875 0.0478515625
0 0.4658203125 0.3310546875 0.0517578125 0.0849609375
1 0.3173828125 0.16015625 0.009765625 0.0283203125
2 0.400390625 0.15234375 0.013671875 0.02734375
0 0.2021484375 0.869140625 0.2587890625 0.25390625
2 0.3369140625 0.15625 0.0263671875 0.0595703125
0 0.3544921875 0.12890625 0.0107421875 0.021484375
2 0.3896484375 0.1416015625 0.01171875 0.0283203125
2 0.2900390625 0.123046875 0.017578125 0.0439453125