0 0.2353515625 0.2666015625 0.037109375 0.0712890625
0 0.494140625 0.21875 0.0244140625 0.0478515625
1 0.9267578125 0.54296875 0.052734375 0.08984375
0 0.31640625 0.1513671875 0.0185546875 0.0341796875
0 0.34375 0.3291015625 0.0400390625 0.07421875
1 0.9765625 0.6201171875 0.0439453125 0.09765625
1 0.3779296875 0.1357421875 0.0068359375 0.0185546875
0 0.4580078125 0.2197265625 0.03125 0.05859375
0 0.6328125 0.4794921875 0.0869140625 0.1484375
1 0.2353515625 0.4404296875 0.01953125 0.0625
1 0.35546875 0.2626953125 0.01171875 0.0390625
1 0.2998046875 0.193359375 0.0087890625 0.0341796875
0 0.412109375 0.23046875 0.033203125 0.068359375
1 0.2939453125 0.330078125 0.0166015625 0.0498046875
1 0.283203125 0.1962890625 0.0146484375 0.0263671875
1 0.892578125 0.55078125 0.0322265625 0.0556640625
0 0.357421875 0.1220703125 0.0146484375 0.02734375
1 0.310546875 0.208984375 0.0107421875 0.0263671875
2 0.3359375 0.1201171875 0.0234375 0.0390625
1 0.396484375 0.80078125 0.0576171875 0.125
1 0.4189453125 0.291015625 0.0146484375 0.0498046875
0 0.318359375 0.2578125 0.037109375 0.07421875
0 0.4130859375 0.185546875 0.0234375 0.0419921875
1 0.4775390625 0.216796875 0.0087890625 0.0361328125
0 0.3369140625 0.2021484375 0.0283203125 0.0732421875
0 0.3369140625 0.1630859375 0.0166015625 0.015625