0 0.3408203125 0.271484375 0.03515625 0.064453125
2 0.775390625 0.6494140625 0.1904296875 0.361328125
0 0.392578125 0.2197265625 0.0283203125 0.0478515625
0 0.3662109375 0.1455078125 0.013671875 0.0224609375
1 0.9140625 0.5400390625 0.080078125 0.0966796875
2 0.5625 0.560546875 0.111328125 0.3349609375
0 0.3037109375 0.185546875 0.0224609375 0.0458984375
1 0.27734375 0.3486328125 0.0166015625 0.0478515625
1 0.9736328125 0.634765625 0.0380859375 0.064453125
1 0.197265625 0.9375 0.09765625 0.1220703125
1 0.30078125 0.2529296875 0.009765625 0.0322265625
2 0.357421875 0.1220703125 0.015625 0.0322265625
2 0.388671875 0.17578125 0.0263671875 0.0498046875
2 0.4443359375 0.2509765625 0.0830078125 0.1796875
0 0.2509765625 0.6162109375 0.173828125 0.138671875
0 0.3154296875 0.15234375 0.0107421875 0.0224609375
2 0.3369140625 0.123046875 0.01953125 0.0302734375
0 0.3955078125 0.1396484375 0.017578125 0.0263671875
2 0.2890625 0.123046875 0.0146484375 0.044921875
0 0.4921875 0.21875 0.01953125 0.0478515625