0 0.4306640625 0.2060546875 0.029296875 0.05078125
0 0.3388671875 0.1884765625 0.025390625 0.044921875
0 0.310546875 0.1943359375 0.0224609375 0.037109375
0 0.4951171875 0.2900390625 0.0419921875 0.080078125
0 0.87109375 0.8427734375 0.1865234375 0.2978515625
0 0.2646484375 0.3388671875 0.0498046875 0.0859375
1 0.3828125 0.169921875 0.0087890625 0.0302734375
0 0.236328125 0.44921875 0.078125 0.109375
0 0.4541015625 0.3115234375 0.04296875 0.0966796875
2 0.5517578125 0.861328125 0.240234375 0.275390625
0 0.3486328125 0.4306640625 0.041015625 0.087890625
2 0.3974609375 0.544921875 0.1279296875 0.31640625
0 0.4677734375 0.44140625 0.048828125 0.115234375
0 0.3603515625 0.126953125 0.0146484375 0.029296875
2 0.552734375 0.359375 0.0810546875 0.150390625
2 0.341796875 0.30078125 0.060546875 0.15625
2 0.33984375 0.142578125 0.0302734375 0.0654296875
0 0.5361328125 0.525390625 0.1162109375 0.263671875
0 0.3818359375 0.142578125 0.0205078125 0.0380859375
0 0.2529296875 0.21484375 0.013671875 0.0517578125