0 0.2353515625 0.2646484375 0.037109375 0.0703125
0 0.337890625 0.2353515625 0.0283203125 0.041015625
2 0.3427734375 0.31640625 0.05078125 0.109375
1 0.9150390625 0.5400390625 0.0771484375 0.091796875
0 0.4599609375 0.208984375 0.0322265625 0.0478515625
2 0.4052734375 0.208984375 0.0439453125 0.1015625
1 0.5458984375 0.2529296875 0.0126953125 0.033203125
1 0.291015625 0.2587890625 0.013671875 0.0400390625
2 0.2158203125 0.5185546875 0.162109375 0.1923828125
2 0.3134765625 0.1962890625 0.0380859375 0.08203125
1 0.5751953125 0.298828125 0.0419921875 0.044921875
1 0.439453125 0.193359375 0.009765625 0.03125
1 0.9765625 0.6279296875 0.0458984375 0.080078125
1 0.38671875 0.5146484375 0.029296875 0.1005859375
2 0.5869140625 0.8662109375 0.2880859375 0.2646484375
2 0.3408203125 0.189453125 0.0263671875 0.0625
0 0.83203125 0.66796875 0.140625 0.224609375
0 0.4638671875 0.37109375 0.060546875 0.1279296875
0 0.3662109375 0.150390625 0.013671875 0.0341796875
1 0.5107421875 0.3388671875 0.013671875 0.05078125
2 0.357421875 0.123046875 0.013671875 0.03125
0 0.3818359375 0.1826171875 0.01953125 0.0458984375
0 0.41796875 0.1630859375 0.017578125 0.0380859375
1 0.48046875 0.2099609375 0.0126953125 0.041015625
0 0.56640625 0.3671875 0.064453125 0.123046875
1 0.5546875 0.2841796875 0.0126953125 0.048828125
0 0.3154296875 0.14453125 0.0166015625 0.01953125
2 0.2880859375 0.1240234375 0.013671875 0.046875