0 0.240234375 0.2626953125 0.04296875 0.0693359375
1 0.8916015625 0.548828125 0.0322265625 0.0625
1 0.544921875 0.2548828125 0.01171875 0.0322265625
1 0.5751953125 0.2998046875 0.0361328125 0.044921875
1 0.4501953125 0.2265625 0.01171875 0.033203125
0 0.3359375 0.16015625 0.0185546875 0.0322265625
1 0.4775390625 0.2099609375 0.0146484375 0.0302734375
0 0.376953125 0.13671875 0.0126953125 0.0283203125
2 0.4033203125 0.224609375 0.044921875 0.107421875
0 0.44921875 0.2822265625 0.0400390625 0.06640625
0 0.318359375 0.458984375 0.0615234375 0.1171875
1 0.271484375 0.4072265625 0.017578125 0.0625
2 0.31640625 0.140625 0.0244140625 0.0556640625
0 0.361328125 0.1357421875 0.01171875 0.021484375
0 0.3671875 0.556640625 0.0830078125 0.1376953125
1 0.28515625 0.2451171875 0.013671875 0.0498046875
1 0.193359375 0.5390625 0.0283203125 0.0771484375
1 0.978515625 0.591796875 0.04296875 0.13671875
0 0.2509765625 0.5146484375 0.068359375 0.1103515625
1 0.4267578125 0.3994140625 0.021484375 0.0771484375
0 0.484375 0.330078125 0.05859375 0.0830078125
1 0.9326171875 0.5390625 0.05078125 0.08203125
1 0.4755859375 0.2666015625 0.013671875 0.0390625
0 0.4052734375 0.7001953125 0.115234375 0.1923828125
0 0.5830078125 0.6943359375 0.1025390625 0.2705078125
2 0.3486328125 0.2109375 0.0380859375 0.0625
0 0.5732421875 0.3994140625 0.0615234375 0.1103515625
1 0.4921875 0.21875 0.01953125 0.0458984375
2 0.875 0.8359375 0.2451171875 0.328125
0 0.50390625 0.55859375 0.0654296875 0.169921875
2 0.3046875 0.2099609375 0.0361328125 0.08203125
2 0.2890625 0.1220703125 0.0146484375 0.044921875
2 0.2578125 0.341796875 0.0576171875 0.1259765625
2 0.353515625 0.1220703125 0.009765625 0.029296875
0 0.455078125 0.8837890625 0.19140625 0.2255859375