2 0.7744140625 0.68359375 0.1748046875 0.3486328125
1 0.2607421875 0.3466796875 0.017578125 0.052734375
1 0.3125 0.166015625 0.0068359375 0.0224609375
1 0.2802734375 0.3095703125 0.0126953125 0.041015625
1 0.462890625 0.3701171875 0.0205078125 0.0693359375
1 0.9208984375 0.537109375 0.0400390625 0.0869140625
1 0.267578125 0.291015625 0.01171875 0.03515625
0 0.4189453125 0.1669921875 0.017578125 0.0361328125
1 0.26953125 0.5458984375 0.0341796875 0.0859375
1 0.4052734375 0.1796875 0.0087890625 0.0263671875
0 0.3056640625 0.2578125 0.033203125 0.0625
1 0.3203125 0.138671875 0.0087890625 0.0234375
1 0.43359375 0.2216796875 0.0107421875 0.029296875
0 0.349609375 0.2744140625 0.033203125 0.0595703125
1 0.38671875 0.1943359375 0.0087890625 0.02734375
1 0.9716796875 0.6357421875 0.0302734375 0.0634765625
1 0.287109375 0.267578125 0.013671875 0.0400390625
0 0.306640625 0.201171875 0.0263671875 0.046875
0 0.5185546875 0.5361328125 0.0712890625 0.201171875
0 0.4609375 0.7412109375 0.181640625 0.294921875
0 0.337890625 0.375 0.0478515625 0.0869140625
0 0.333984375 0.140625 0.01953125 0.0498046875
0 0.404296875 0.146484375 0.0146484375 0.0302734375
2 0.357421875 0.125 0.0146484375 0.03125
0 0.3779296875 0.1640625 0.0244140625 0.037109375
0 0.576171875 0.9501953125 0.193359375 0.0927734375