1 0.923828125 0.541015625 0.0546875 0.09375
0 0.2431640625 0.26171875 0.0458984375 0.0693359375
2 0.4423828125 0.3037109375 0.068359375 0.15234375
0 0.4208984375 0.1943359375 0.0224609375 0.037109375
1 0.9755859375 0.625 0.0439453125 0.0869140625
2 0.333984375 0.3046875 0.0625 0.1318359375
0 0.314453125 0.404296875 0.048828125 0.1005859375
0 0.2509765625 0.3994140625 0.0517578125 0.0732421875
0 0.2861328125 0.2890625 0.03515625 0.0556640625
0 0.357421875 0.509765625 0.0732421875 0.1259765625
0 0.3818359375 0.17578125 0.017578125 0.0341796875
1 0.6533203125 0.5087890625 0.025390625 0.068359375
0 0.3994140625 0.205078125 0.025390625 0.052734375
1 0.7783203125 0.6435546875 0.0390625 0.099609375
0 0.3681640625 0.15234375 0.0146484375 0.0263671875
0 0.91015625 0.8056640625 0.177734375 0.2890625
0 0.34765625 0.8115234375 0.1708984375 0.2099609375
0 0.3935546875 0.6484375 0.107421875 0.1689453125
1 0.2080078125 0.4306640625 0.0185546875 0.05859375
0 0.3349609375 0.16015625 0.01953125 0.03515625
0 0.6953125 0.638671875 0.12109375 0.19921875
1 0.4775390625 0.2099609375 0.021484375 0.037109375
0 0.5078125 0.5673828125 0.0712890625 0.1708984375
0 0.5537109375 0.7958984375 0.1171875 0.333984375
2 0.3486328125 0.193359375 0.0322265625 0.0537109375
0 0.3818359375 0.1337890625 0.01171875 0.0205078125
2 0.3037109375 0.2109375 0.033203125 0.076171875
2 0.5400390625 0.3212890625 0.0810546875 0.1875
0 0.3603515625 0.130859375 0.013671875 0.021484375
0 0.0712890625 0.619140625 0.142578125 0.1640625