1 0.2783203125 0.408203125 0.017578125 0.05859375
1 0.3447265625 0.41015625 0.017578125 0.0556640625
1 0.5751953125 0.30078125 0.033203125 0.0400390625
1 0.2919921875 0.3486328125 0.015625 0.044921875
1 0.3994140625 0.162109375 0.0068359375 0.0234375
1 0.3291015625 0.580078125 0.0263671875 0.080078125
1 0.3349609375 0.3359375 0.017578125 0.0478515625
0 0.3193359375 0.1767578125 0.0234375 0.037109375
1 0.34765625 0.1611328125 0.005859375 0.0224609375
0 0.5341796875 0.5712890625 0.080078125 0.162109375
0 0.6494140625 0.5283203125 0.0908203125 0.138671875
1 0.4033203125 0.669921875 0.0341796875 0.099609375
0 0.3349609375 0.1396484375 0.0146484375 0.0205078125
0 0.3369140625 0.248046875 0.033203125 0.0537109375
0 0.4208984375 0.173828125 0.01953125 0.0361328125
0 0.3818359375 0.166015625 0.0185546875 0.03515625
0 0.3173828125 0.1337890625 0.013671875 0.0205078125
1 0.314453125 0.4873046875 0.0244140625 0.068359375
1 0.36328125 0.8740234375 0.0400390625 0.1220703125
0 0.3662109375 0.1591796875 0.0146484375 0.0263671875
0 0.52734375 0.349609375 0.05078125 0.0869140625
2 0.4228515625 0.2548828125 0.0517578125 0.1123046875
1 0.3603515625 0.7236328125 0.0302734375 0.0859375
1 0.5078125 0.6982421875 0.0380859375 0.1240234375
0 0.5166015625 0.4482421875 0.0654296875 0.1416015625
2 0.2880859375 0.1220703125 0.015625 0.046875