1 0.9150390625 0.541015625 0.0771484375 0.0947265625
1 0.5751953125 0.30078125 0.041015625 0.04296875
1 0.9765625 0.630859375 0.044921875 0.0771484375
0 0.4482421875 0.240234375 0.0361328125 0.0576171875
0 0.4248046875 0.27734375 0.0400390625 0.0625
1 0.4775390625 0.2099609375 0.015625 0.03125
1 0.8232421875 0.6865234375 0.041015625 0.111328125
0 0.298828125 0.2236328125 0.02734375 0.0498046875
2 0.3427734375 0.2451171875 0.04296875 0.12109375
0 0.4296875 0.17578125 0.01953125 0.0458984375
1 0.2529296875 0.337890625 0.0166015625 0.0576171875
2 0.4873046875 0.7802734375 0.228515625 0.4365234375
1 0.3095703125 0.185546875 0.0087890625 0.0263671875
0 0.3583984375 0.5458984375 0.078125 0.1494140625
0 0.3359375 0.1611328125 0.0146484375 0.025390625
0 0.4111328125 0.1826171875 0.025390625 0.0517578125
1 0.4912109375 0.3017578125 0.015625 0.0517578125
1 0.3193359375 0.177734375 0.0078125 0.01953125
1 0.3017578125 0.1875 0.009765625 0.025390625
1 0.2919921875 0.73046875 0.033203125 0.1044921875
2 0.3740234375 0.1396484375 0.0283203125 0.076171875
0 0.392578125 0.1494140625 0.01171875 0.02734375
0 0.5302734375 0.3623046875 0.0576171875 0.0908203125
2 0.3388671875 0.125 0.0185546875 0.0400390625
0 0.5478515625 0.5888671875 0.0830078125 0.169921875
2 0.2890625 0.1259765625 0.0146484375 0.0498046875
2 0.3603515625 0.1318359375 0.009765625 0.04296875
2 0.3232421875 0.1318359375 0.013671875 0.0224609375