0 0.236328125 0.2646484375 0.037109375 0.0703125
1 0.9755859375 0.630859375 0.04296875 0.076171875
0 0.3173828125 0.2490234375 0.029296875 0.0595703125
2 0.5439453125 0.658203125 0.109375 0.3525390625
0 0.3291015625 0.3759765625 0.048828125 0.111328125
1 0.9150390625 0.541015625 0.072265625 0.08984375
1 0.5439453125 0.25390625 0.009765625 0.0322265625
0 0.33984375 0.208984375 0.025390625 0.0478515625
0 0.48046875 0.3818359375 0.0537109375 0.0986328125
1 0.4560546875 0.2412109375 0.0107421875 0.03515625
1 0.3037109375 0.2119140625 0.009765625 0.0283203125
1 0.2744140625 0.3427734375 0.0126953125 0.0400390625
1 0.2919921875 0.458984375 0.015625 0.056640625
0 0.3955078125 0.1435546875 0.015625 0.029296875
1 0.2568359375 0.390625 0.0185546875 0.0576171875
1 0.306640625 0.4873046875 0.021484375 0.068359375
1 0.3125 0.208984375 0.009765625 0.0263671875
1 0.294921875 0.884765625 0.0830078125 0.14453125
1 0.5771484375 0.302734375 0.0380859375 0.0419921875
2 0.3310546875 0.16015625 0.0244140625 0.0625
0 0.404296875 0.1904296875 0.0263671875 0.0458984375
1 0.3046875 0.1533203125 0.005859375 0.0185546875
0 0.5048828125 0.4892578125 0.0654296875 0.1455078125
1 0.310546875 0.1767578125 0.0078125 0.0263671875
1 0.294921875 0.609375 0.029296875 0.0732421875
1 0.3544921875 0.2626953125 0.0107421875 0.0302734375
0 0.3740234375 0.1435546875 0.0166015625 0.0302734375
1 0.29296875 0.251953125 0.009765625 0.037109375
1 0.478515625 0.2080078125 0.0146484375 0.033203125
1 0.291015625 0.40625 0.017578125 0.0517578125
0 0.4951171875 0.2177734375 0.0244140625 0.048828125