1 0.578125 0.3037109375 0.037109375 0.037109375
1 0.4873046875 0.2744140625 0.0126953125 0.041015625
1 0.478515625 0.2109375 0.0146484375 0.029296875
1 0.392578125 0.177734375 0.0068359375 0.025390625
1 0.3125 0.189453125 0.0068359375 0.0205078125
1 0.3291015625 0.1611328125 0.0068359375 0.01953125
1 0.3974609375 0.158203125 0.0107421875 0.0244140625
0 0.5107421875 0.56640625 0.0576171875 0.1494140625
1 0.5703125 0.37109375 0.0185546875 0.048828125
2 0.3818359375 0.1357421875 0.0234375 0.056640625
2 0.33984375 0.13671875 0.015625 0.0380859375
0 0.615234375 0.4560546875 0.0830078125 0.1162109375
0 0.4482421875 0.3291015625 0.0439453125 0.0849609375
2 0.482421875 0.408203125 0.083984375 0.1513671875
0 0.322265625 0.1455078125 0.013671875 0.0263671875
0 0.3681640625 0.1435546875 0.0078125 0.0234375