2 0.6513671875 0.5166015625 0.1162109375 0.2431640625
1 0.9150390625 0.5419921875 0.072265625 0.091796875
1 0.2666015625 0.353515625 0.013671875 0.0419921875
1 0.361328125 0.587890625 0.0673828125 0.0810546875
1 0.318359375 0.14453125 0.0068359375 0.0185546875
1 0.412109375 0.1962890625 0.009765625 0.0283203125
1 0.2919921875 0.27734375 0.0126953125 0.0380859375
1 0.2431640625 0.40625 0.01953125 0.0576171875
1 0.97265625 0.63671875 0.037109375 0.064453125
0 0.3505859375 0.3134765625 0.0380859375 0.0654296875
0 0.5263671875 0.6455078125 0.107421875 0.248046875
1 0.388671875 0.171875 0.0068359375 0.0205078125
0 0.4189453125 0.1669921875 0.0205078125 0.0380859375
1 0.57421875 0.30078125 0.0361328125 0.044921875
0 0.3720703125 0.15234375 0.0205078125 0.03515625
1 0.302734375 0.1513671875 0.0068359375 0.0185546875
1 0.306640625 0.1357421875 0.0068359375 0.021484375
1 0.310546875 0.1787109375 0.0078125 0.0263671875
1 0.4345703125 0.322265625 0.015625 0.0498046875
0 0.3466796875 0.4345703125 0.05859375 0.1025390625
0 0.3125 0.2822265625 0.0302734375 0.0634765625
1 0.3583984375 0.15234375 0.0107421875 0.02734375
1 0.48046875 0.208984375 0.0205078125 0.0341796875
1 0.4287109375 0.2841796875 0.0146484375 0.0439453125
0 0.3359375 0.1591796875 0.0224609375 0.0380859375
0 0.294921875 0.23046875 0.0302734375 0.056640625
1 0.302734375 0.3193359375 0.017578125 0.041015625
0 0.4052734375 0.150390625 0.017578125 0.037109375
2 0.3359375 0.1220703125 0.0126953125 0.0283203125