1 0.916015625 0.54296875 0.07421875 0.0927734375
1 0.095703125 0.59375 0.0517578125 0.0888671875
0 0.513671875 0.533203125 0.0771484375 0.1552734375
1 0.3017578125 0.5439453125 0.0263671875 0.0771484375
1 0.3212890625 0.16015625 0.0087890625 0.0234375
0 0.384765625 0.578125 0.08203125 0.142578125
0 0.3359375 0.173828125 0.0224609375 0.03515625
0 0.40625 0.248046875 0.0322265625 0.0537109375
1 0.5771484375 0.3046875 0.0341796875 0.037109375
1 0.9794921875 0.587890625 0.041015625 0.1416015625
0 0.470703125 0.2734375 0.0361328125 0.0634765625
0 0.3623046875 0.1357421875 0.0107421875 0.033203125
0 0.330078125 0.2119140625 0.0263671875 0.0390625
0 0.39453125 0.1962890625 0.0244140625 0.044921875
1 0.298828125 0.2470703125 0.0146484375 0.03125
1 0.5517578125 0.455078125 0.0166015625 0.0595703125
0 0.4541015625 0.2373046875 0.0322265625 0.0498046875
1 0.287109375 0.185546875 0.0068359375 0.0263671875
2 0.3759765625 0.138671875 0.0244140625 0.0654296875
1 0.3173828125 0.650390625 0.0283203125 0.095703125
0 0.396484375 0.14453125 0.0126953125 0.02734375
0 0.5087890625 0.3271484375 0.060546875 0.1298828125
2 0.6298828125 0.9423828125 0.2001953125 0.1064453125
0 0.6748046875 0.498046875 0.091796875 0.1640625
2 0.2890625 0.125 0.0146484375 0.0498046875
0 0.388671875 0.2373046875 0.013671875 0.04296875
0 0.1904296875 0.1640625 0.0322265625 0.029296875