1 0.3291015625 0.2041015625 0.009765625 0.0322265625
1 0.482421875 0.44140625 0.021484375 0.0625
1 0.298828125 0.2783203125 0.0107421875 0.0361328125
0 0.494140625 0.603515625 0.10546875 0.236328125
1 0.4111328125 0.228515625 0.0107421875 0.0263671875
0 0.34765625 0.24609375 0.0283203125 0.0478515625
1 0.4248046875 0.19921875 0.0078125 0.0263671875
1 0.2548828125 0.4677734375 0.0205078125 0.0654296875
0 0.333984375 0.138671875 0.017578125 0.037109375
0 0.41796875 0.1689453125 0.0185546875 0.0390625
0 0.341796875 0.8359375 0.2333984375 0.3125
0 0.3134765625 0.181640625 0.0224609375 0.04296875
1 0.2841796875 0.244140625 0.0107421875 0.0400390625
0 0.3369140625 0.330078125 0.04296875 0.0771484375
0 0.5517578125 0.9189453125 0.19140625 0.1533203125
2 0.3828125 0.1708984375 0.0341796875 0.06640625
2 0.3564453125 0.1259765625 0.0107421875 0.0263671875
0 0.3076171875 0.2451171875 0.0263671875 0.0498046875
2 0.3779296875 0.125 0.013671875 0.0283203125
0 0.404296875 0.1484375 0.013671875 0.033203125
0 0.2900390625 0.1396484375 0.0166015625 0.0380859375
0 0.3681640625 0.12109375 0.0107421875 0.0234375