1 0.9267578125 0.5419921875 0.0556640625 0.091796875
1 0.9755859375 0.6240234375 0.0439453125 0.087890625
0 0.234375 0.2666015625 0.0361328125 0.0693359375
1 0.5380859375 0.654296875 0.0322265625 0.09375
0 0.34765625 0.3916015625 0.0478515625 0.0849609375
1 0.4755859375 0.208984375 0.0146484375 0.0322265625
0 0.3837890625 0.5576171875 0.0869140625 0.13671875
1 0.4267578125 0.7470703125 0.044921875 0.1201171875
1 0.576171875 0.2998046875 0.0419921875 0.0439453125
1 0.380859375 0.205078125 0.0087890625 0.0283203125
1 0.337890625 0.71484375 0.03515625 0.12109375
2 0.5146484375 0.337890625 0.0732421875 0.1591796875
0 0.365234375 0.142578125 0.013671875 0.029296875
1 0.3994140625 0.20703125 0.01171875 0.0322265625
1 0.54296875 0.251953125 0.01171875 0.03125
1 0.46484375 0.58984375 0.037109375 0.0830078125
0 0.4208984375 0.279296875 0.0380859375 0.0771484375
2 0.283203125 0.3681640625 0.0732421875 0.1884765625
0 0.458984375 0.3740234375 0.0556640625 0.1220703125
1 0.294921875 0.2529296875 0.01171875 0.037109375
0 0.3427734375 0.3056640625 0.0419921875 0.0732421875
1 0.306640625 0.267578125 0.0126953125 0.03515625
1 0.287109375 0.2763671875 0.01171875 0.0380859375
1 0.486328125 0.64453125 0.0341796875 0.0888671875
1 0.3896484375 0.1513671875 0.005859375 0.0224609375
2 0.3310546875 0.2236328125 0.0439453125 0.0986328125
1 0.4619140625 0.193359375 0.0087890625 0.03515625
1 0.4033203125 0.140625 0.0078125 0.01953125
2 0.3388671875 0.1572265625 0.021484375 0.0341796875
0 0.376953125 0.1328125 0.009765625 0.0205078125
1 0.5009765625 0.23046875 0.01171875 0.0341796875
2 0.337890625 0.123046875 0.015625 0.0263671875
1 0.3828125 0.1484375 0.005859375 0.0205078125
2 0.2880859375 0.1220703125 0.0146484375 0.04296875
0 0.146484375 0.580078125 0.1328125 0.1318359375