1 0.9169921875 0.5400390625 0.076171875 0.0986328125
1 0.7001953125 0.54296875 0.0322265625 0.087890625
1 0.57421875 0.3017578125 0.0341796875 0.041015625
0 0.341796875 0.24609375 0.029296875 0.0537109375
0 0.2861328125 0.251953125 0.0517578125 0.0625
1 0.4736328125 0.5751953125 0.0341796875 0.09375
1 0.2607421875 0.3125 0.01171875 0.0380859375
0 0.3896484375 0.15234375 0.013671875 0.033203125
1 0.5908203125 0.419921875 0.021484375 0.0703125
0 0.345703125 0.2080078125 0.021484375 0.0341796875
0 0.3134765625 0.212890625 0.02734375 0.046875
1 0.3740234375 0.7890625 0.0419921875 0.12109375
1 0.3818359375 0.21484375 0.0107421875 0.0361328125
0 0.3134765625 0.1708984375 0.0205078125 0.0302734375
1 0.3427734375 0.876953125 0.0380859375 0.1103515625
0 0.3154296875 0.1494140625 0.017578125 0.0244140625
1 0.478515625 0.7685546875 0.05078125 0.11328125
0 0.46484375 0.3310546875 0.0517578125 0.08984375
1 0.9775390625 0.6220703125 0.044921875 0.0966796875
1 0.4130859375 0.6279296875 0.0390625 0.1005859375
0 0.55859375 0.4765625 0.0791015625 0.1376953125
0 0.416015625 0.1640625 0.01953125 0.0322265625
2 0.337890625 0.1318359375 0.0205078125 0.046875
2 0.3720703125 0.1318359375 0.0283203125 0.0625
1 0.474609375 0.2109375 0.0087890625 0.033203125
0 0.0859375 0.9384765625 0.1689453125 0.1162109375
0 0.404296875 0.15234375 0.009765625 0.0244140625
0 0.556640625 0.984375 0.1201171875 0.0302734375