1 0.3125 0.1767578125 0.0078125 0.025390625
1 0.916015625 0.5390625 0.076171875 0.0986328125
1 0.228515625 0.5048828125 0.0302734375 0.078125
1 0.423828125 0.220703125 0.0107421875 0.0263671875
0 0.3359375 0.140625 0.015625 0.0263671875
0 0.515625 0.5419921875 0.0830078125 0.162109375
0 0.4091796875 0.1923828125 0.0224609375 0.04296875
0 0.380859375 0.1796875 0.017578125 0.0361328125
1 0.2841796875 0.2802734375 0.0126953125 0.046875
0 0.421875 0.2763671875 0.0390625 0.083984375
1 0.3876953125 0.2021484375 0.0087890625 0.0283203125
0 0.3349609375 0.1748046875 0.0205078125 0.0341796875
0 0.47265625 0.3876953125 0.0556640625 0.11328125
0 0.4345703125 0.1962890625 0.025390625 0.0478515625
1 0.3193359375 0.15625 0.0068359375 0.0244140625
0 0.3095703125 0.384765625 0.0517578125 0.103515625
2 0.4716796875 0.25390625 0.0498046875 0.103515625
1 0.275390625 0.20703125 0.0087890625 0.0341796875
1 0.9794921875 0.59375 0.041015625 0.1416015625
1 0.4208984375 0.1787109375 0.0068359375 0.0283203125
0 0.6171875 0.5478515625 0.0947265625 0.1533203125
2 0.5615234375 0.34765625 0.0830078125 0.205078125
2 0.33984375 0.263671875 0.0419921875 0.080078125
0 0.7978515625 0.7412109375 0.1376953125 0.212890625
2 0.2880859375 0.1240234375 0.013671875 0.046875
0 0.9423828125 0.9375 0.115234375 0.1201171875
0 0.36328125 0.1142578125 0.0087890625 0.0126953125
0 0.568359375 0.9697265625 0.154296875 0.0576171875
0 0.373046875 0.1240234375 0.0166015625 0.0234375