0 0.333984375 0.361328125 0.0458984375 0.09375
2 0.3388671875 0.123046875 0.0126953125 0.0380859375
0 0.365234375 0.1455078125 0.0146484375 0.0302734375
1 0.388671875 0.1923828125 0.009765625 0.0263671875
1 0.322265625 0.1708984375 0.0078125 0.0244140625
0 0.4697265625 0.7822265625 0.130859375 0.1962890625
1 0.296875 0.337890625 0.0146484375 0.044921875
1 0.439453125 0.3671875 0.0185546875 0.056640625
1 0.5029296875 0.291015625 0.01171875 0.0380859375
1 0.578125 0.3017578125 0.0390625 0.0400390625
1 0.4287109375 0.201171875 0.0087890625 0.03125
0 0.4404296875 0.283203125 0.041015625 0.0625
0 0.4541015625 0.2109375 0.033203125 0.0478515625
1 0.2587890625 0.3330078125 0.013671875 0.041015625
1 0.3125 0.30859375 0.0126953125 0.0400390625
1 0.3095703125 0.1728515625 0.0068359375 0.0234375
1 0.33203125 0.1630859375 0.0078125 0.021484375
1 0.388671875 0.1484375 0.0068359375 0.0185546875
0 0.419921875 0.1669921875 0.0185546875 0.037109375
1 0.3740234375 0.17578125 0.0078125 0.02734375
1 0.9169921875 0.544921875 0.07421875 0.08984375
1 0.478515625 0.2119140625 0.013671875 0.0322265625
2 0.626953125 0.55078125 0.1357421875 0.26171875
1 0.9794921875 0.5888671875 0.041015625 0.1474609375
0 0.4033203125 0.1591796875 0.0185546875 0.037109375
0 0.322265625 0.13671875 0.013671875 0.021484375
2 0.2890625 0.123046875 0.0146484375 0.0458984375