0 0.4541015625 0.240234375 0.0341796875 0.0615234375
2 0.171875 0.494140625 0.1494140625 0.205078125
0 0.5615234375 0.3955078125 0.0537109375 0.09765625
1 0.328125 0.236328125 0.01171875 0.0361328125
1 0.3935546875 0.8310546875 0.0400390625 0.119140625
0 0.4462890625 0.3369140625 0.0341796875 0.080078125
0 0.3955078125 0.22265625 0.0283203125 0.0595703125
1 0.345703125 0.2333984375 0.009765625 0.0283203125
1 0.2939453125 0.1708984375 0.0078125 0.029296875
2 0.3779296875 0.1611328125 0.0283203125 0.0625
1 0.3134765625 0.61328125 0.025390625 0.08984375
1 0.3046875 0.224609375 0.009765625 0.0361328125
1 0.5654296875 0.294921875 0.0224609375 0.0419921875
1 0.294921875 0.5517578125 0.0263671875 0.0908203125
1 0.302734375 0.4951171875 0.025390625 0.0595703125
1 0.978515625 0.619140625 0.0400390625 0.0927734375
0 0.5419921875 0.62109375 0.083984375 0.1875
1 0.4267578125 0.259765625 0.013671875 0.037109375
1 0.4140625 0.3330078125 0.0234375 0.0654296875
1 0.3037109375 0.146484375 0.01171875 0.0234375
2 0.4951171875 0.3916015625 0.080078125 0.18359375
2 0.318359375 0.1318359375 0.0146484375 0.0263671875
0 0.4150390625 0.2060546875 0.0205078125 0.0419921875
2 0.41796875 0.61328125 0.1201171875 0.248046875
2 0.9228515625 0.8388671875 0.1533203125 0.298828125
2 0.3583984375 0.1298828125 0.0126953125 0.025390625
2 0.2880859375 0.1201171875 0.0166015625 0.044921875
0 0.1875 0.1611328125 0.0263671875 0.03125
0 0.482421875 0.20703125 0.0244140625 0.03515625
0 0.4052734375 0.162109375 0.033203125 0.046875