1 0.9150390625 0.544921875 0.0751953125 0.0888671875
0 0.4013671875 0.228515625 0.033203125 0.0458984375
1 0.3173828125 0.17578125 0.0078125 0.0244140625
1 0.576171875 0.30078125 0.041015625 0.04296875
1 0.4775390625 0.208984375 0.015625 0.0322265625
1 0.3046875 0.1513671875 0.0068359375 0.0224609375
0 0.4423828125 0.2138671875 0.03125 0.05078125
1 0.3330078125 0.177734375 0.0087890625 0.0234375
1 0.359375 0.404296875 0.017578125 0.0625
1 0.337890625 0.158203125 0.0068359375 0.0224609375
2 0.4755859375 0.3759765625 0.0654296875 0.158203125
0 0.3916015625 0.17578125 0.025390625 0.0400390625
1 0.42578125 0.3544921875 0.0185546875 0.060546875
0 0.6484375 0.4755859375 0.087890625 0.1572265625
1 0.3046875 0.244140625 0.0107421875 0.033203125
2 0.3369140625 0.248046875 0.052734375 0.126953125
1 0.4033203125 0.869140625 0.05078125 0.1494140625
0 0.533203125 0.5615234375 0.0888671875 0.1796875
0 0.3837890625 0.1435546875 0.017578125 0.0283203125
0 0.40234375 0.1474609375 0.01953125 0.0361328125
1 0.322265625 0.150390625 0.005859375 0.0185546875
2 0.27734375 0.396484375 0.0791015625 0.1513671875
2 0.36328125 0.126953125 0.0166015625 0.03125
0 0.4375 0.6943359375 0.1201171875 0.2021484375
1 0.310546875 0.1328125 0.0126953125 0.0302734375
1 0.9775390625 0.6044921875 0.044921875 0.1337890625
1 0.4619140625 0.2001953125 0.0068359375 0.0224609375
0 0.3359375 0.1162109375 0.009765625 0.0205078125
2 0.1064453125 0.58984375 0.208984375 0.2451171875