1 0.892578125 0.546875 0.0302734375 0.064453125
1 0.267578125 0.306640625 0.013671875 0.04296875
1 0.9326171875 0.5400390625 0.0458984375 0.08984375
1 0.30078125 0.2958984375 0.0126953125 0.0390625
0 0.439453125 0.6943359375 0.125 0.189453125
1 0.4833984375 0.560546875 0.029296875 0.0771484375
1 0.5751953125 0.302734375 0.0400390625 0.0380859375
1 0.3154296875 0.4990234375 0.0244140625 0.072265625
1 0.2880859375 0.3125 0.0126953125 0.0390625
1 0.3681640625 0.4990234375 0.0244140625 0.076171875
1 0.287109375 0.4541015625 0.021484375 0.0625
1 0.318359375 0.2587890625 0.01171875 0.03125
0 0.3427734375 0.1962890625 0.0205078125 0.0361328125
0 0.3955078125 0.2255859375 0.0283203125 0.0634765625
1 0.5185546875 0.603515625 0.0283203125 0.0869140625
1 0.2763671875 0.3505859375 0.017578125 0.044921875
1 0.29296875 0.2333984375 0.009765625 0.0341796875
1 0.3427734375 0.4267578125 0.0185546875 0.052734375
1 0.333984375 0.2578125 0.015625 0.0341796875
1 0.326171875 0.703125 0.03515625 0.1005859375
1 0.3115234375 0.2353515625 0.0107421875 0.033203125
1 0.255859375 0.4765625 0.0224609375 0.0771484375
0 0.3095703125 0.1845703125 0.021484375 0.04296875
1 0.974609375 0.6328125 0.0361328125 0.0693359375
1 0.2841796875 0.2412109375 0.0087890625 0.0400390625
1 0.318359375 0.447265625 0.021484375 0.0546875
1 0.3212890625 0.2197265625 0.01171875 0.0283203125
1 0.46484375 0.2900390625 0.017578125 0.04296875
2 0.37890625 0.150390625 0.0322265625 0.080078125
1 0.2998046875 0.255859375 0.0107421875 0.0341796875
1 0.5126953125 0.24609375 0.013671875 0.0341796875
1 0.2578125 0.41015625 0.0185546875 0.048828125
2 0.4306640625 0.1962890625 0.05859375 0.12109375
2 0.2880859375 0.1201171875 0.013671875 0.0400390625
2 0.3369140625 0.142578125 0.02734375 0.060546875
2 0.3173828125 0.1484375 0.0185546875 0.02734375
0 0.34375 0.2265625 0.0224609375 0.037109375