1 0.9765625 0.6279296875 0.044921875 0.0810546875
1 0.92578125 0.5400390625 0.0537109375 0.0908203125
1 0.576171875 0.302734375 0.0400390625 0.0400390625
1 0.3486328125 0.3759765625 0.017578125 0.05078125
1 0.3125 0.1787109375 0.0068359375 0.0263671875
0 0.39453125 0.193359375 0.0234375 0.0419921875
1 0.4599609375 0.1982421875 0.009765625 0.029296875
1 0.4775390625 0.2080078125 0.0166015625 0.03125
1 0.892578125 0.5498046875 0.0322265625 0.0546875
0 0.3935546875 0.1591796875 0.013671875 0.0302734375
2 0.375 0.1611328125 0.0283203125 0.06640625
1 0.3544921875 0.1572265625 0.0078125 0.03125
1 0.302734375 0.1513671875 0.0048828125 0.0185546875
1 0.306640625 0.603515625 0.0302734375 0.0947265625
2 0.357421875 0.1240234375 0.0146484375 0.03125
1 0.404296875 0.216796875 0.009765625 0.0263671875
0 0.421875 0.1728515625 0.0263671875 0.0673828125
2 0.3330078125 0.1376953125 0.0224609375 0.0556640625