1 0.9765625 0.623046875 0.044921875 0.091796875
1 0.927734375 0.5419921875 0.0556640625 0.0927734375
0 0.2353515625 0.2666015625 0.03515625 0.0703125
1 0.5390625 0.650390625 0.029296875 0.0927734375
1 0.5771484375 0.3017578125 0.0380859375 0.0439453125
0 0.34765625 0.291015625 0.0341796875 0.0634765625
1 0.4140625 0.3125 0.013671875 0.04296875
1 0.412109375 0.2265625 0.0107421875 0.0341796875
1 0.892578125 0.55078125 0.03125 0.056640625
0 0.3466796875 0.2353515625 0.0244140625 0.05078125
1 0.478515625 0.208984375 0.0166015625 0.03515625
1 0.3154296875 0.1728515625 0.009765625 0.0224609375
0 0.4951171875 0.45703125 0.0712890625 0.1572265625
1 0.4892578125 0.63671875 0.0283203125 0.0908203125
0 0.3505859375 0.34765625 0.04296875 0.068359375
1 0.296875 0.32421875 0.013671875 0.0439453125
1 0.30859375 0.3466796875 0.015625 0.0458984375
2 0.376953125 0.50390625 0.0908203125 0.228515625
0 0.25 0.4306640625 0.064453125 0.0927734375
0 0.3837890625 0.138671875 0.01953125 0.0302734375
0 0.3857421875 0.1845703125 0.021484375 0.046875
1 0.2431640625 0.3681640625 0.0166015625 0.0400390625
0 0.33984375 0.1376953125 0.01953125 0.0224609375
1 0.28515625 0.19921875 0.0126953125 0.02734375
2 0.314453125 0.240234375 0.0537109375 0.1181640625
1 0.4619140625 0.1982421875 0.0068359375 0.0263671875
2 0.3603515625 0.126953125 0.01953125 0.041015625
2 0.2880859375 0.1201171875 0.013671875 0.0380859375
2 0.3388671875 0.1826171875 0.0302734375 0.0703125
2 0.1142578125 0.5849609375 0.2255859375 0.330078125
2 0.4794921875 0.794921875 0.2060546875 0.3837890625
0 0.3251953125 0.1376953125 0.0107421875 0.0244140625
0 0.2451171875 0.1943359375 0.0244140625 0.046875