1 0.904296875 0.5380859375 0.0556640625 0.0830078125
0 0.4921875 0.2177734375 0.0244140625 0.048828125
0 0.4287109375 0.2734375 0.0400390625 0.0693359375
1 0.2744140625 0.4296875 0.0185546875 0.0576171875
1 0.5771484375 0.3017578125 0.0390625 0.041015625
1 0.9775390625 0.6162109375 0.044921875 0.10546875
0 0.2353515625 0.265625 0.03515625 0.072265625
1 0.544921875 0.4052734375 0.01953125 0.064453125
1 0.3125 0.1611328125 0.0068359375 0.0205078125
1 0.4033203125 0.1767578125 0.0068359375 0.0244140625
1 0.3427734375 0.6962890625 0.0390625 0.125
2 0.341796875 0.2109375 0.037109375 0.107421875
1 0.333984375 0.595703125 0.0302734375 0.072265625
1 0.3720703125 0.94140625 0.0380859375 0.1083984375
0 0.0751953125 0.6064453125 0.146484375 0.17578125
0 0.6181640625 0.583984375 0.1103515625 0.1630859375
2 0.2900390625 0.1328125 0.0185546875 0.0625
0 0.3671875 0.1357421875 0.009765625 0.0185546875
0 0.3583984375 0.1279296875 0.0107421875 0.021484375
2 0.394270833984375 0.67962962890625 0.392708333984375 0.717592591796875 0.389583333984375 0.734259259765625 0.395833333984375 0.7768518515625 0.394791666015625 0.813888888671875 0.396354166015625 0.82777777734375 0.400520833984375 0.841666666015625 0.404166666015625 0.846296296875 0.405729166015625 0.8555555546875 0.411458333984375 0.859259259765625 0.426041666015625 0.889814814453125 0.430729166015625 0.903703703125 0.431770833984375 0.914814814453125 0.439583333984375 0.931481482421875 0.455729166015625 0.987037037109375 0.466145833984375 0.99907407421875 0.8421875 0.99907407421875 0.8515625 0.990740740234375 0.858333333984375 0.912037037109375 0.858333333984375 0.9055555546875 0.853645833984375 0.89722222265625 0.841145833984375 0.888888888671875 0.839583333984375 0.882407408203125 0.824479166015625 0.866666666015625 0.809895833984375 0.841666666015625 0.688020833984375 0.693518517578125 0.633333333984375 0.632407408203125 0.594791666015625 0.584259259765625 0.569791666015625 0.562037037109375 0.558333333984375 0.540740740234375 0.54375 0.52222222265625 0.536458333984375 0.517592591796875 0.5140625 0.518518517578125 0.503645833984375 0.52222222265625 0.490625 0.521296296875 0.485416666015625 0.525 0.421354166015625 0.5305555546875 0.4078125 0.536111111328125 0.4046875 0.542592591796875 0.406770833984375 0.616666666015625 0.400520833984375 0.643518517578125 0.388020833984375 0.64907407421875 0.3875 0.653703703125 0.390104166015625 0.656481482421875 0.3890625 0.668518517578125 0.394270833984375 0.67962962890625
0 0.624479166015625 0.510185185546875 0.638541666015625 0.5268518515625 0.646354166015625 0.540740740234375 0.669791666015625 0.542592591796875 0.675 0.532407408203125 0.676041666015625 0.517592591796875 0.671875 0.461111111328125 0.663020833984375 0.432407408203125 0.638020833984375 0.40092592578125 0.615625 0.396296296875 0.5984375 0.40277777734375 0.593229166015625 0.425 0.590104166015625 0.45277777734375 0.588541666015625 0.4805555546875 0.594791666015625 0.49907407421875 0.609375 0.5018518515625 0.624479166015625 0.510185185546875