1 0.896484375 0.541015625 0.0390625 0.07421875
2 0.326171875 0.2255859375 0.0419921875 0.09765625
0 0.2353515625 0.265625 0.0361328125 0.06640625
1 0.255859375 0.3583984375 0.0166015625 0.05078125
2 0.076171875 0.642578125 0.1474609375 0.22265625
1 0.576171875 0.302734375 0.0419921875 0.04296875
1 0.9775390625 0.619140625 0.044921875 0.0986328125
1 0.544921875 0.255859375 0.009765625 0.029296875
1 0.2861328125 0.25 0.0107421875 0.0380859375
0 0.4619140625 0.2421875 0.0380859375 0.0712890625
1 0.3017578125 0.21484375 0.0107421875 0.0390625
2 0.3798828125 0.158203125 0.0263671875 0.06640625
1 0.7041015625 0.7607421875 0.0546875 0.142578125
0 0.404296875 0.2265625 0.029296875 0.0673828125
2 0.3291015625 0.373046875 0.0712890625 0.1416015625
0 0.5693359375 0.3603515625 0.05859375 0.1064453125
0 0.2998046875 0.4736328125 0.1044921875 0.1279296875
0 0.3974609375 0.150390625 0.0146484375 0.041015625
1 0.4375 0.193359375 0.009765625 0.0341796875
1 0.2216796875 0.451171875 0.015625 0.0498046875
0 0.455078125 0.201171875 0.02734375 0.0341796875
1 0.513671875 0.35546875 0.0166015625 0.056640625
2 0.3349609375 0.1337890625 0.021484375 0.0439453125
2 0.3583984375 0.1318359375 0.017578125 0.033203125
2 0.3486328125 0.2177734375 0.0146484375 0.0439453125