1 0.9169921875 0.5400390625 0.080078125 0.0986328125
1 0.4189453125 0.314453125 0.0126953125 0.044921875
1 0.978515625 0.6259765625 0.04296875 0.087890625
1 0.439453125 0.3427734375 0.015625 0.0517578125
1 0.26171875 0.38671875 0.015625 0.046875
1 0.5791015625 0.302734375 0.0390625 0.041015625
0 0.3369140625 0.166015625 0.0185546875 0.037109375
1 0.4765625 0.5322265625 0.0205078125 0.0732421875
0 0.38671875 0.173828125 0.0205078125 0.041015625
0 0.341796875 0.3115234375 0.0400390625 0.068359375
2 0.333984375 0.130859375 0.0126953125 0.02734375
0 0.35546875 0.42578125 0.0595703125 0.1142578125
1 0.478515625 0.2099609375 0.0185546875 0.033203125
0 0.33984375 0.2333984375 0.02734375 0.04296875
1 0.318359375 0.158203125 0.0068359375 0.025390625
2 0.427734375 0.1787109375 0.03515625 0.0751953125
1 0.44140625 0.8994140625 0.044921875 0.1396484375
2 0.3544921875 0.126953125 0.009765625 0.0263671875
2 0.4169921875 0.595703125 0.119140625 0.2607421875
2 0.3720703125 0.1396484375 0.029296875 0.05859375
2 0.2890625 0.1259765625 0.0166015625 0.052734375