0 0.296875 0.279296875 0.0400390625 0.064453125
0 0.408203125 0.2265625 0.02734375 0.0478515625
1 0.9794921875 0.623046875 0.041015625 0.0947265625
1 0.478515625 0.44921875 0.0224609375 0.0751953125
0 0.2470703125 0.921875 0.2373046875 0.150390625
1 0.357421875 0.7880859375 0.05078125 0.1201171875
1 0.93359375 0.8837890625 0.05859375 0.138671875
0 0.337890625 0.1865234375 0.0224609375 0.0341796875
0 0.4189453125 0.166015625 0.0185546875 0.0380859375
1 0.462890625 0.2802734375 0.0126953125 0.0439453125
0 0.318359375 0.1318359375 0.013671875 0.025390625
0 0.4521484375 0.3369140625 0.046875 0.08203125
2 0.3603515625 0.123046875 0.0166015625 0.03125
0 0.6005859375 0.9365234375 0.1982421875 0.1201171875
2 0.3857421875 0.1787109375 0.025390625 0.052734375
0 0.3369140625 0.1357421875 0.015625 0.0400390625
0 0.4033203125 0.171875 0.0166015625 0.0380859375
1 0.501953125 0.283203125 0.013671875 0.0546875
2 0.2890625 0.12109375 0.0166015625 0.044921875
0 0.427734375 0.259765625 0.0341796875 0.0771484375
0 0.3662109375 0.15234375 0.009765625 0.0234375