0 0.2373046875 0.52734375 0.1083984375 0.119140625
1 0.9140625 0.5400390625 0.0732421875 0.091796875
0 0.345703125 0.4453125 0.0576171875 0.111328125
0 0.2412109375 0.2626953125 0.044921875 0.0703125
1 0.578125 0.30078125 0.037109375 0.044921875
2 0.37109375 0.1474609375 0.017578125 0.0361328125
0 0.298828125 0.2158203125 0.029296875 0.0458984375
0 0.2666015625 0.408203125 0.0478515625 0.083984375
2 0.3388671875 0.275390625 0.0576171875 0.123046875
0 0.2841796875 0.302734375 0.0390625 0.0654296875
2 0.5048828125 0.4228515625 0.103515625 0.2626953125
0 0.3984375 0.23828125 0.033203125 0.068359375
1 0.9775390625 0.5927734375 0.0439453125 0.1376953125
1 0.4755859375 0.2099609375 0.0126953125 0.0302734375
0 0.51953125 0.646484375 0.1064453125 0.216796875
1 0.2900390625 0.630859375 0.0712890625 0.0869140625
1 0.404296875 0.1796875 0.009765625 0.0322265625
1 0.1474609375 0.568359375 0.0341796875 0.072265625
0 0.38671875 0.16015625 0.017578125 0.041015625
1 0.2177734375 0.427734375 0.0185546875 0.052734375
1 0.427734375 0.5927734375 0.0615234375 0.0869140625
0 0.4287109375 0.2880859375 0.0419921875 0.0771484375
0 0.4873046875 0.28125 0.04296875 0.041015625
0 0.4384765625 0.224609375 0.029296875 0.044921875
1 0.181640625 0.513671875 0.0205078125 0.0556640625
1 0.54296875 0.2529296875 0.01171875 0.044921875
0 0.3564453125 0.126953125 0.0107421875 0.0244140625
0 0.416015625 0.1630859375 0.01953125 0.03515625
2 0.3095703125 0.1640625 0.03125 0.0576171875
2 0.3349609375 0.1455078125 0.0185546875 0.037109375
0 0.4951171875 0.21875 0.0263671875 0.048828125
2 0.3427734375 0.181640625 0.0341796875 0.0556640625
2 0.3671875 0.123046875 0.009765625 0.01953125
2 0.2890625 0.123046875 0.0146484375 0.04296875