0 0.236328125 0.2646484375 0.0380859375 0.0693359375
1 0.9140625 0.5439453125 0.0732421875 0.0888671875
0 0.6083984375 0.4072265625 0.0703125 0.1259765625
0 0.35546875 0.4013671875 0.05078125 0.0849609375
0 0.333984375 0.1494140625 0.015625 0.025390625
0 0.513671875 0.3447265625 0.0458984375 0.0849609375
0 0.4443359375 0.251953125 0.0361328125 0.0625
1 0.3056640625 0.423828125 0.01953125 0.0546875
2 0.3388671875 0.3095703125 0.056640625 0.1259765625
0 0.412109375 0.849609375 0.232421875 0.2841796875
1 0.978515625 0.625 0.04296875 0.0908203125
1 0.3154296875 0.1513671875 0.0068359375 0.0263671875
1 0.3017578125 0.2763671875 0.0107421875 0.03515625
0 0.4619140625 0.3740234375 0.0712890625 0.1171875
1 0.15625 0.5546875 0.0439453125 0.0712890625
0 0.537109375 0.5849609375 0.08203125 0.1484375
1 0.25 0.49609375 0.0361328125 0.0625
1 0.576171875 0.3017578125 0.0380859375 0.0419921875
2 0.2353515625 0.38671875 0.0810546875 0.1513671875
0 0.359375 0.126953125 0.013671875 0.0234375