1 0.826171875 0.8251953125 0.060546875 0.1337890625
1 0.22265625 0.5908203125 0.029296875 0.0830078125
1 0.4384765625 0.228515625 0.009765625 0.02734375
1 0.2724609375 0.5615234375 0.0224609375 0.076171875
1 0.3330078125 0.6962890625 0.0341796875 0.09375
2 0.3564453125 0.1220703125 0.0166015625 0.0390625
1 0.3076171875 0.62109375 0.0322265625 0.0859375
1 0.2998046875 0.380859375 0.0166015625 0.0498046875
1 0.4072265625 0.1875 0.0087890625 0.033203125
0 0.3701171875 0.1494140625 0.015625 0.029296875
1 0.916015625 0.544921875 0.0751953125 0.08203125
2 0.3876953125 0.1298828125 0.021484375 0.044921875
1 0.26953125 0.4189453125 0.01953125 0.0576171875
1 0.322265625 0.8466796875 0.044921875 0.1103515625
0 0.3388671875 0.1171875 0.009765625 0.01953125
1 0.5009765625 0.2314453125 0.0107421875 0.0263671875
0 0.595703125 0.95703125 0.1845703125 0.0791015625
2 0.2890625 0.1201171875 0.0166015625 0.04296875
0 0.427734375 0.16015625 0.013671875 0.0224609375