1 0.4228515625 0.41796875 0.017578125 0.0654296875
0 0.384765625 0.177734375 0.021484375 0.04296875
0 0.361328125 0.130859375 0.0146484375 0.033203125
0 0.416015625 0.1796875 0.0205078125 0.0361328125
0 0.708984375 0.5703125 0.1162109375 0.201171875
1 0.7138671875 0.6806640625 0.0517578125 0.123046875
1 0.3046875 0.234375 0.017578125 0.044921875
0 0.4716796875 0.4599609375 0.0478515625 0.12109375
1 0.2841796875 0.2353515625 0.0107421875 0.0341796875
0 0.37890625 0.142578125 0.0146484375 0.0283203125
0 0.4736328125 0.3583984375 0.0537109375 0.11328125
1 0.599609375 0.5322265625 0.025390625 0.08203125
1 0.5595703125 0.392578125 0.017578125 0.052734375
1 0.326171875 0.142578125 0.0068359375 0.0234375
2 0.31640625 0.1630859375 0.0185546875 0.0419921875
0 0.306640625 0.1962890625 0.02734375 0.0439453125
0 0.341796875 0.173828125 0.0341796875 0.0546875
2 0.3369140625 0.123046875 0.025390625 0.04296875
0 0.3408203125 0.4453125 0.060546875 0.1640625