1 0.916015625 0.541015625 0.0751953125 0.09375
0 0.365234375 0.140625 0.013671875 0.0244140625
1 0.5771484375 0.302734375 0.037109375 0.0380859375
1 0.287109375 0.2939453125 0.0126953125 0.0390625
0 0.2353515625 0.263671875 0.037109375 0.0712890625
1 0.404296875 0.2919921875 0.015625 0.044921875
1 0.2724609375 0.5224609375 0.021484375 0.064453125
1 0.2880859375 0.5986328125 0.0244140625 0.07421875
0 0.4091796875 0.205078125 0.02734375 0.048828125
1 0.9775390625 0.625 0.044921875 0.08984375
1 0.3125 0.162109375 0.005859375 0.0205078125
0 0.318359375 0.146484375 0.0146484375 0.02734375
1 0.251953125 0.4375 0.0205078125 0.048828125
1 0.3203125 0.73046875 0.0302734375 0.08203125
1 0.2958984375 0.826171875 0.037109375 0.0986328125
0 0.494140625 0.21875 0.0263671875 0.0478515625
2 0.4013671875 0.154296875 0.021484375 0.0498046875
2 0.4541015625 0.3125 0.060546875 0.13671875
1 0.4736328125 0.2392578125 0.01171875 0.0263671875
1 0.3095703125 0.4296875 0.0107421875 0.044921875
1 0.5458984375 0.251953125 0.0087890625 0.0341796875
1 0.3046875 0.3310546875 0.0166015625 0.0439453125
2 0.337890625 0.1513671875 0.0224609375 0.0498046875
0 0.486328125 0.2861328125 0.0322265625 0.0673828125
0 0.35546875 0.130859375 0.0087890625 0.021484375
2 0.4033203125 0.5361328125 0.1826171875 0.3720703125