1 0.927734375 0.5439453125 0.0537109375 0.091796875
1 0.974609375 0.6298828125 0.0419921875 0.078125
1 0.4775390625 0.208984375 0.015625 0.0302734375
1 0.5380859375 0.650390625 0.0302734375 0.0908203125
0 0.388671875 0.6181640625 0.0869140625 0.1513671875
0 0.236328125 0.265625 0.037109375 0.0703125
1 0.578125 0.30078125 0.037109375 0.044921875
1 0.4912109375 0.2978515625 0.015625 0.046875
0 0.34375 0.212890625 0.0244140625 0.0439453125
1 0.2509765625 0.421875 0.0185546875 0.0537109375
1 0.3828125 0.4521484375 0.0185546875 0.0556640625
0 0.3291015625 0.193359375 0.0185546875 0.0419921875
1 0.2646484375 0.3818359375 0.015625 0.056640625
0 0.4140625 0.2421875 0.0322265625 0.0673828125
1 0.3095703125 0.2060546875 0.01171875 0.03125
1 0.3154296875 0.376953125 0.015625 0.05078125
1 0.2861328125 0.4462890625 0.021484375 0.06640625
0 0.3427734375 0.4248046875 0.0556640625 0.103515625
1 0.544921875 0.2509765625 0.0126953125 0.03515625
1 0.4306640625 0.203125 0.01171875 0.03125
1 0.30078125 0.205078125 0.0087890625 0.0302734375
2 0.2900390625 0.2939453125 0.0712890625 0.1396484375
0 0.3779296875 0.1748046875 0.021484375 0.041015625
0 0.337890625 0.2607421875 0.0322265625 0.0517578125
0 0.3642578125 0.1337890625 0.013671875 0.021484375
1 0.4658203125 0.58984375 0.0390625 0.08203125
0 0.3330078125 0.1630859375 0.0185546875 0.0283203125
2 0.333984375 0.1279296875 0.017578125 0.0302734375
1 0.3759765625 0.25 0.0087890625 0.041015625
0 0.322265625 0.1484375 0.0166015625 0.0263671875
2 0.55078125 0.8173828125 0.26953125 0.3544921875
2 0.4033203125 0.185546875 0.0361328125 0.0732421875
1 0.8935546875 0.548828125 0.033203125 0.0576171875
1 0.486328125 0.6337890625 0.03125 0.0751953125
0 0.3857421875 0.1357421875 0.0126953125 0.021484375