0 0.236328125 0.2666015625 0.037109375 0.0712890625
0 0.3408203125 0.2255859375 0.0283203125 0.05078125
1 0.916015625 0.5439453125 0.0751953125 0.0888671875
0 0.3125 0.275390625 0.033203125 0.0693359375
2 0.556640625 0.60546875 0.1025390625 0.314453125
2 0.328125 0.169921875 0.01953125 0.0625
0 0.33203125 0.4208984375 0.0556640625 0.1259765625
0 0.462890625 0.3447265625 0.0498046875 0.087890625
1 0.5771484375 0.3037109375 0.0361328125 0.0400390625
0 0.486328125 0.4404296875 0.05859375 0.1259765625
1 0.271484375 0.4501953125 0.0146484375 0.04296875
1 0.544921875 0.251953125 0.0107421875 0.0341796875
1 0.3310546875 0.7861328125 0.0419921875 0.123046875
1 0.2431640625 0.466796875 0.0205078125 0.05859375
1 0.2236328125 0.4375 0.017578125 0.0576171875
1 0.3349609375 0.5966796875 0.02734375 0.078125
1 0.259765625 0.4111328125 0.0146484375 0.044921875
1 0.3466796875 0.3115234375 0.013671875 0.0390625
1 0.283203125 0.2880859375 0.01171875 0.037109375
1 0.3017578125 0.5498046875 0.0224609375 0.0810546875
0 0.390625 0.171875 0.0205078125 0.0400390625
1 0.2880859375 0.490234375 0.0205078125 0.0615234375
1 0.4775390625 0.208984375 0.015625 0.03125
1 0.4326171875 0.20703125 0.0087890625 0.0341796875
1 0.306640625 0.193359375 0.0078125 0.0263671875
0 0.392578125 0.142578125 0.013671875 0.025390625
1 0.30078125 0.234375 0.0126953125 0.0380859375
1 0.9775390625 0.6171875 0.044921875 0.1015625
1 0.419921875 0.7548828125 0.0537109375 0.125
0 0.3720703125 0.1396484375 0.0166015625 0.02734375
1 0.3125 0.1572265625 0.0068359375 0.0244140625