1 0.5771484375 0.302734375 0.0361328125 0.0419921875
0 0.38671875 0.16796875 0.0224609375 0.0341796875
0 0.3662109375 0.1181640625 0.0107421875 0.0283203125
0 0.185546875 0.8896484375 0.2255859375 0.2138671875
2 0.3544921875 0.119140625 0.0126953125 0.0302734375
1 0.8203125 0.7255859375 0.0478515625 0.130859375
1 0.677734375 0.380859375 0.048828125 0.0625
0 0.3359375 0.125 0.0126953125 0.0283203125
1 0.3251953125 0.142578125 0.0078125 0.0244140625
2 0.42578125 0.1904296875 0.04296875 0.091796875
2 0.2890625 0.12109375 0.0166015625 0.044921875
0 0.515625 0.4931640625 0.0673828125 0.1259765625
2 0.46875 0.6630859375 0.16015625 0.26171875