2 0.3623046875 0.1318359375 0.0185546875 0.0380859375
2 0.333984375 0.126953125 0.021484375 0.037109375
0 0.357421875 0.41015625 0.0517578125 0.09375
1 0.3017578125 0.2666015625 0.01171875 0.037109375
0 0.4189453125 0.6845703125 0.11328125 0.1708984375
1 0.5380859375 0.650390625 0.0322265625 0.0927734375
0 0.33203125 0.2578125 0.03125 0.0546875
1 0.501953125 0.26953125 0.0107421875 0.033203125
1 0.4873046875 0.6337890625 0.0322265625 0.109375
2 0.1083984375 0.54296875 0.212890625 0.283203125
1 0.978515625 0.6201171875 0.04296875 0.091796875
1 0.921875 0.541015625 0.0400390625 0.0869140625
1 0.60546875 0.4443359375 0.0224609375 0.068359375
0 0.236328125 0.263671875 0.037109375 0.072265625
1 0.892578125 0.546875 0.0322265625 0.0625
1 0.3974609375 0.1474609375 0.0078125 0.0205078125
1 0.578125 0.30078125 0.0341796875 0.041015625
1 0.2802734375 0.4384765625 0.017578125 0.0654296875
0 0.333984375 0.1962890625 0.021484375 0.0380859375
1 0.3134765625 0.580078125 0.0283203125 0.0830078125
1 0.544921875 0.251953125 0.0107421875 0.033203125
1 0.302734375 0.3720703125 0.0166015625 0.05078125
1 0.2998046875 0.3154296875 0.015625 0.0390625
0 0.3193359375 0.1669921875 0.01953125 0.03515625
1 0.3046875 0.2255859375 0.0107421875 0.03125
1 0.4794921875 0.2109375 0.01953125 0.037109375
1 0.2861328125 0.2158203125 0.009765625 0.0390625
1 0.3115234375 0.189453125 0.01171875 0.02734375
1 0.46484375 0.2041015625 0.0107421875 0.021484375
0 0.3759765625 0.1533203125 0.0185546875 0.0390625
1 0.275390625 0.3369140625 0.0126953125 0.0380859375
1 0.318359375 0.220703125 0.01171875 0.0341796875
0 0.9404296875 0.90625 0.1181640625 0.177734375
0 0.38671875 0.134765625 0.0126953125 0.0205078125