1 0.9140625 0.544921875 0.0703125 0.0908203125
1 0.9775390625 0.6201171875 0.0439453125 0.091796875
0 0.419921875 0.1640625 0.0224609375 0.044921875
1 0.57421875 0.30078125 0.033203125 0.0390625
0 0.39453125 0.1640625 0.02734375 0.044921875
0 0.3388671875 0.2060546875 0.02734375 0.0751953125
1 0.287109375 0.3037109375 0.0126953125 0.044921875
2 0.369140625 0.1455078125 0.025390625 0.0498046875
0 0.283203125 0.8515625 0.244140625 0.2841796875
0 0.4375 0.685546875 0.1357421875 0.2529296875
2 0.79296875 0.65234375 0.12890625 0.1728515625
0 0.546875 0.4736328125 0.0771484375 0.1220703125