1 0.9755859375 0.6357421875 0.0439453125 0.0673828125
0 0.3427734375 0.345703125 0.0439453125 0.068359375
0 0.4560546875 0.3857421875 0.0615234375 0.1318359375
1 0.916015625 0.5439453125 0.0751953125 0.087890625
0 0.2392578125 0.2646484375 0.041015625 0.0693359375
1 0.58984375 0.4931640625 0.025390625 0.080078125
0 0.27734375 0.3369140625 0.04296875 0.068359375
0 0.39453125 0.1689453125 0.021484375 0.0380859375
0 0.2861328125 0.2802734375 0.041015625 0.0751953125
1 0.6796875 0.5234375 0.0263671875 0.0810546875
0 0.490234375 0.5966796875 0.08203125 0.21875
0 0.455078125 0.2431640625 0.03515625 0.06640625
0 0.416015625 0.162109375 0.01953125 0.0361328125
0 0.341796875 0.4140625 0.0498046875 0.1025390625
2 0.314453125 0.1474609375 0.0263671875 0.0439453125
1 0.578125 0.3017578125 0.0361328125 0.04296875
0 0.3681640625 0.1552734375 0.017578125 0.0361328125
1 0.25390625 0.4296875 0.0234375 0.060546875
0 0.34375 0.1875 0.0263671875 0.0263671875
1 0.287109375 0.453125 0.017578125 0.0576171875
1 0.2158203125 0.4169921875 0.0185546875 0.0615234375
0 0.4228515625 0.267578125 0.0390625 0.083984375
0 0.3369140625 0.1435546875 0.0205078125 0.0283203125
0 0.3134765625 0.2060546875 0.025390625 0.041015625
1 0.244140625 0.3193359375 0.0126953125 0.056640625
1 0.4755859375 0.2109375 0.01171875 0.0302734375
2 0.357421875 0.125 0.015625 0.029296875
0 0.8857421875 0.8388671875 0.1611328125 0.2548828125
2 0.251953125 0.771484375 0.421875 0.4404296875
2 0.2890625 0.1240234375 0.0166015625 0.0478515625
0 0.388671875 0.14453125 0.01171875 0.0185546875
0 0.345703125 0.23046875 0.037109375 0.0830078125
0 0.37890625 0.1484375 0.0068359375 0.021484375
0 0.4912109375 0.2177734375 0.0224609375 0.048828125