0 0.3896484375 0.2119140625 0.02734375 0.0439453125
1 0.3232421875 0.208984375 0.0087890625 0.02734375
0 0.4130859375 0.2421875 0.0322265625 0.0625
0 0.3955078125 0.150390625 0.013671875 0.0302734375
1 0.3076171875 0.466796875 0.0234375 0.060546875
0 0.54296875 0.6171875 0.0830078125 0.18359375
1 0.435546875 0.2314453125 0.01171875 0.0341796875
1 0.3974609375 0.18359375 0.0078125 0.02734375
1 0.3173828125 0.1767578125 0.0087890625 0.02734375
0 0.373046875 0.173828125 0.021484375 0.03125
1 0.978515625 0.6162109375 0.0419921875 0.099609375
2 0.4931640625 0.380859375 0.0810546875 0.1865234375
1 0.328125 0.1845703125 0.0087890625 0.0263671875
1 0.2939453125 0.234375 0.01171875 0.0341796875
1 0.2802734375 0.4169921875 0.0185546875 0.0517578125
1 0.576171875 0.30078125 0.0322265625 0.0380859375
0 0.3359375 0.138671875 0.01171875 0.0234375
1 0.3466796875 0.771484375 0.046875 0.130859375
1 0.3486328125 0.16015625 0.005859375 0.0205078125
1 0.298828125 0.625 0.02734375 0.0927734375
1 0.26171875 0.21875 0.0107421875 0.0419921875
1 0.4248046875 0.1572265625 0.01171875 0.0224609375
0 0.494140625 0.267578125 0.033203125 0.056640625