1 0.9140625 0.541015625 0.0751953125 0.0947265625
1 0.5771484375 0.3017578125 0.037109375 0.0400390625
0 0.2353515625 0.2666015625 0.0361328125 0.0732421875
1 0.978515625 0.62109375 0.04296875 0.09765625
1 0.3896484375 0.138671875 0.0078125 0.01953125
1 0.3076171875 0.2841796875 0.01171875 0.0341796875
1 0.2763671875 0.5830078125 0.0244140625 0.078125
1 0.2724609375 0.4716796875 0.0205078125 0.0693359375
0 0.4296875 0.236328125 0.03515625 0.0546875
1 0.3818359375 0.1376953125 0.0078125 0.01953125
1 0.2998046875 0.802734375 0.037109375 0.1171875
0 0.529296875 0.34375 0.0546875 0.0869140625
1 0.29296875 0.2587890625 0.01171875 0.0322265625
1 0.5048828125 0.28125 0.0146484375 0.0439453125
1 0.244140625 0.64453125 0.03125 0.0869140625
0 0.4951171875 0.8564453125 0.1513671875 0.2138671875
1 0.2646484375 0.361328125 0.0146484375 0.04296875
2 0.4677734375 0.3505859375 0.064453125 0.158203125
0 0.3671875 0.14453125 0.017578125 0.033203125
0 0.318359375 0.1455078125 0.0146484375 0.0263671875
1 0.2783203125 0.42578125 0.017578125 0.0517578125
2 0.3369140625 0.1455078125 0.0244140625 0.0517578125
1 0.4775390625 0.2080078125 0.0166015625 0.0322265625
1 0.2529296875 0.2392578125 0.009765625 0.033203125
2 0.412109375 0.1728515625 0.0263671875 0.0546875
1 0.416015625 0.3359375 0.015625 0.0478515625
2 0.3759765625 0.45703125 0.1376953125 0.2919921875