1 0.9267578125 0.5419921875 0.052734375 0.0908203125
0 0.236328125 0.2646484375 0.0361328125 0.0703125
1 0.5771484375 0.3017578125 0.0400390625 0.0419921875
1 0.3115234375 0.244140625 0.01171875 0.03125
1 0.9775390625 0.6171875 0.044921875 0.1015625
1 0.2763671875 0.6005859375 0.0263671875 0.0849609375
0 0.4130859375 0.671875 0.10546875 0.15234375
1 0.2646484375 0.4638671875 0.0185546875 0.0517578125
1 0.3017578125 0.333984375 0.0126953125 0.0419921875
1 0.427734375 0.3876953125 0.01953125 0.0625
0 0.6025390625 0.44921875 0.0751953125 0.1181640625
0 0.361328125 0.1337890625 0.015625 0.02734375
1 0.298828125 0.2236328125 0.0107421875 0.0302734375
1 0.2294921875 0.525390625 0.0224609375 0.0732421875
1 0.28515625 0.37890625 0.013671875 0.044921875
1 0.28515625 0.283203125 0.0107421875 0.033203125
1 0.3251953125 0.771484375 0.0341796875 0.109375
0 0.3193359375 0.14453125 0.0146484375 0.025390625
1 0.2568359375 0.2470703125 0.0126953125 0.0322265625
1 0.4755859375 0.2060546875 0.0126953125 0.0283203125
2 0.4921875 0.38671875 0.0703125 0.181640625
2 0.337890625 0.14453125 0.021484375 0.048828125
1 0.392578125 0.140625 0.0078125 0.0185546875
1 0.5458984375 0.2509765625 0.009765625 0.02734375
2 0.4267578125 0.193359375 0.033203125 0.064453125
0 0.4619140625 0.27734375 0.04296875 0.0673828125
0 0.375 0.1533203125 0.017578125 0.0390625
2 0.353515625 0.3896484375 0.0966796875 0.2373046875
1 0.5517578125 0.3408203125 0.0166015625 0.046875
1 0.302734375 0.1513671875 0.005859375 0.017578125
2 0.2890625 0.12109375 0.013671875 0.041015625
0 0.306640625 0.1376953125 0.0087890625 0.017578125