1 0.4091796875 0.16796875 0.0068359375 0.025390625
0 0.44140625 0.3623046875 0.0439453125 0.0849609375
2 0.4169921875 0.2607421875 0.044921875 0.099609375
0 0.4453125 0.2216796875 0.029296875 0.052734375
2 0.6494140625 0.46484375 0.166015625 0.341796875
1 0.4306640625 0.1884765625 0.0087890625 0.03125
0 0.3173828125 0.169921875 0.021484375 0.0390625
2 0.3408203125 0.1220703125 0.017578125 0.037109375
1 0.4775390625 0.2080078125 0.0146484375 0.0302734375
0 0.3369140625 0.1796875 0.0244140625 0.0498046875
1 0.3037109375 0.353515625 0.0126953125 0.04296875
1 0.5478515625 0.3427734375 0.013671875 0.0390625
0 0.4697265625 0.6083984375 0.111328125 0.2255859375
1 0.30859375 0.265625 0.01171875 0.0283203125
2 0.50390625 0.4169921875 0.09375 0.2412109375
0 0.892578125 0.763671875 0.16796875 0.2509765625
0 0.2626953125 0.876953125 0.21484375 0.2333984375
0 0.365234375 0.1279296875 0.017578125 0.025390625