1 0.92578125 0.54296875 0.052734375 0.091796875
1 0.9765625 0.6298828125 0.044921875 0.080078125
0 0.2353515625 0.265625 0.0361328125 0.0703125
1 0.40625 0.1787109375 0.0087890625 0.0283203125
1 0.4560546875 0.4189453125 0.01953125 0.072265625
1 0.5771484375 0.2998046875 0.0380859375 0.0439453125
1 0.5439453125 0.2509765625 0.0107421875 0.03515625
2 0.3349609375 0.1298828125 0.0224609375 0.04296875
1 0.34765625 0.783203125 0.0361328125 0.109375
1 0.40234375 0.2509765625 0.0126953125 0.0380859375
1 0.2763671875 0.330078125 0.0146484375 0.044921875
1 0.4775390625 0.2080078125 0.017578125 0.03515625
0 0.345703125 0.380859375 0.046875 0.0947265625
1 0.26171875 0.517578125 0.02734375 0.080078125
0 0.30859375 0.173828125 0.0205078125 0.0390625
2 0.3564453125 0.1240234375 0.0146484375 0.03125
1 0.892578125 0.5498046875 0.0322265625 0.0576171875
0 0.3212890625 0.2587890625 0.0341796875 0.0615234375
1 0.4814453125 0.33984375 0.017578125 0.052734375
0 0.4951171875 0.2197265625 0.0263671875 0.0498046875
0 0.076171875 0.611328125 0.1494140625 0.14453125
2 0.3798828125 0.15234375 0.0244140625 0.05078125
1 0.4287109375 0.169921875 0.005859375 0.025390625
1 0.28515625 0.392578125 0.01953125 0.0576171875
0 0.30859375 0.455078125 0.06640625 0.130859375
2 0.2880859375 0.12109375 0.0146484375 0.04296875
0 0.619140625 0.9521484375 0.1904296875 0.0888671875