0 0.515625 0.546875 0.0859375 0.162109375
0 0.38671875 0.13671875 0.0166015625 0.0283203125
1 0.2958984375 0.2392578125 0.009765625 0.02734375
0 0.365234375 0.4541015625 0.0595703125 0.1171875
1 0.32421875 0.162109375 0.005859375 0.025390625
0 0.33984375 0.1689453125 0.0166015625 0.021484375
0 0.515625 0.36328125 0.0615234375 0.095703125
1 0.408203125 0.59765625 0.0263671875 0.09765625
0 0.341796875 0.1943359375 0.0244140625 0.04296875
1 0.318359375 0.2275390625 0.009765625 0.0263671875
0 0.580078125 0.419921875 0.0625 0.10546875
2 0.3388671875 0.12890625 0.0205078125 0.0478515625
0 0.341796875 0.232421875 0.025390625 0.0361328125
0 0.4599609375 0.3642578125 0.052734375 0.1181640625
0 0.5654296875 0.3447265625 0.0517578125 0.080078125
0 0.2744140625 0.189453125 0.021484375 0.0390625
0 0.3515625 0.314453125 0.03515625 0.0732421875
1 0.3486328125 0.5703125 0.0224609375 0.080078125
2 0.2685546875 0.326171875 0.064453125 0.1279296875
2 0.6767578125 0.556640625 0.1416015625 0.2734375
1 0.322265625 0.3662109375 0.017578125 0.0537109375
0 0.2578125 0.193359375 0.017578125 0.0419921875
2 0.876953125 0.7607421875 0.2431640625 0.478515625
0 0.2158203125 0.5166015625 0.0947265625 0.140625
0 0.357421875 0.1318359375 0.0107421875 0.0166015625
2 0.2890625 0.1220703125 0.0166015625 0.044921875
0 0.3701171875 0.130859375 0.015625 0.0244140625