0 0.3349609375 0.3828125 0.05078125 0.08984375
2 0.48828125 0.3974609375 0.0908203125 0.2216796875
0 0.6337890625 0.4208984375 0.076171875 0.146484375
1 0.576171875 0.3037109375 0.0361328125 0.037109375
2 0.3427734375 0.2724609375 0.052734375 0.125
0 0.37890625 0.1875 0.015625 0.037109375
2 0.369140625 0.140625 0.0205078125 0.0400390625
1 0.9775390625 0.6171875 0.044921875 0.1044921875
0 0.48828125 0.6044921875 0.119140625 0.1630859375
2 0.41015625 0.1962890625 0.046875 0.119140625
2 0.4560546875 0.25 0.08203125 0.107421875
2 0.3369140625 0.130859375 0.0234375 0.044921875
0 0.306640625 0.1865234375 0.0126953125 0.0322265625
0 0.544921875 0.380859375 0.0380859375 0.0888671875