1 0.2880859375 0.296875 0.0166015625 0.0478515625
0 0.259765625 0.3662109375 0.0498046875 0.0771484375
0 0.3447265625 0.2958984375 0.0400390625 0.078125
0 0.3583984375 0.1240234375 0.01171875 0.03125
1 0.578125 0.30078125 0.0390625 0.0390625
1 0.310546875 0.341796875 0.017578125 0.046875
0 0.5634765625 0.4052734375 0.0595703125 0.1015625
0 0.7158203125 0.607421875 0.1162109375 0.1875
2 0.3837890625 0.1591796875 0.0224609375 0.0556640625
0 0.416015625 0.20703125 0.0263671875 0.05859375
1 0.28515625 0.1796875 0.0078125 0.03125
1 0.306640625 0.2744140625 0.0126953125 0.0390625
0 0.4677734375 0.4365234375 0.0498046875 0.1123046875
0 0.8369140625 0.86328125 0.216796875 0.2607421875
0 0.4501953125 0.263671875 0.041015625 0.0732421875
2 0.337890625 0.123046875 0.017578125 0.0390625
0 0.4140625 0.158203125 0.029296875 0.0341796875
2 0.3173828125 0.142578125 0.0263671875 0.0576171875
2 0.2900390625 0.1220703125 0.0166015625 0.044921875
0 0.375 0.1279296875 0.01171875 0.0234375
0 0.1181640625 0.580078125 0.15234375 0.1650390625