0 0.337890625 0.205078125 0.0263671875 0.0458984375
1 0.30859375 0.1953125 0.0087890625 0.0283203125
1 0.400390625 0.201171875 0.009765625 0.0341796875
0 0.365234375 0.140625 0.013671875 0.02734375
0 0.384765625 0.181640625 0.0224609375 0.0341796875
0 0.443359375 0.3427734375 0.048828125 0.0908203125
1 0.2333984375 0.4384765625 0.025390625 0.0517578125
0 0.30078125 0.33984375 0.0478515625 0.0712890625
0 0.3984375 0.162109375 0.0185546875 0.02734375
1 0.2880859375 0.1748046875 0.0078125 0.0263671875
2 0.3134765625 0.1640625 0.0185546875 0.037109375
0 0.4150390625 0.1904296875 0.013671875 0.0361328125
2 0.689453125 0.591796875 0.2861328125 0.521484375
2 0.3349609375 0.125 0.025390625 0.0380859375
2 0.43359375 0.2470703125 0.04296875 0.0908203125
0 0.498046875 0.27734375 0.0419921875 0.0771484375
0 0.5205078125 0.3876953125 0.0546875 0.1025390625