1 0.5771484375 0.302734375 0.0380859375 0.0400390625
0 0.517578125 0.5458984375 0.0869140625 0.16015625
1 0.3330078125 0.5791015625 0.025390625 0.083984375
1 0.3154296875 0.2548828125 0.0126953125 0.0400390625
0 0.484375 0.412109375 0.0556640625 0.1162109375
1 0.9775390625 0.6259765625 0.0439453125 0.0888671875
0 0.7958984375 0.7509765625 0.15234375 0.25
2 0.455078125 0.74609375 0.18359375 0.3388671875
1 0.4775390625 0.208984375 0.0146484375 0.03125
2 0.3388671875 0.1328125 0.01953125 0.0458984375
0 0.212890625 0.478515625 0.080078125 0.1162109375
0 0.4033203125 0.1494140625 0.017578125 0.0361328125
1 0.212890625 0.5458984375 0.029296875 0.0791015625
1 0.5048828125 0.3017578125 0.013671875 0.044921875
1 0.9140625 0.544921875 0.0712890625 0.0888671875
0 0.373046875 0.1591796875 0.0185546875 0.0263671875
2 0.3310546875 0.2197265625 0.041015625 0.0849609375
0 0.69921875 0.5126953125 0.0849609375 0.1494140625
1 0.4267578125 0.162109375 0.01171875 0.0224609375
2 0.3154296875 0.1689453125 0.0283203125 0.0546875
0 0.2724609375 0.3125 0.0439453125 0.0810546875
0 0.4951171875 0.21875 0.025390625 0.0517578125
2 0.3388671875 0.353515625 0.060546875 0.1455078125
0 0.341796875 0.1708984375 0.0185546875 0.02734375
0 0.3642578125 0.134765625 0.013671875 0.021484375