1 0.9150390625 0.5390625 0.0771484375 0.0986328125
1 0.478515625 0.208984375 0.015625 0.033203125
1 0.44921875 0.2353515625 0.0107421875 0.0390625
1 0.9765625 0.619140625 0.0439453125 0.0986328125
2 0.3623046875 0.1298828125 0.017578125 0.0341796875
1 0.45703125 0.3603515625 0.0205078125 0.0703125
1 0.123046875 0.5791015625 0.052734375 0.0888671875
0 0.3408203125 0.365234375 0.048828125 0.0927734375
0 0.3359375 0.1552734375 0.0146484375 0.025390625
0 0.4609375 0.2978515625 0.0380859375 0.064453125
1 0.4775390625 0.60546875 0.0546875 0.1083984375
0 0.3828125 0.2041015625 0.0146484375 0.0439453125
1 0.37890625 0.16015625 0.0048828125 0.0185546875
1 0.458984375 0.2509765625 0.0107421875 0.0302734375
1 0.314453125 0.201171875 0.0078125 0.0244140625
2 0.34375 0.228515625 0.0341796875 0.0869140625
0 0.384765625 0.138671875 0.01953125 0.0322265625
1 0.4619140625 0.2001953125 0.0068359375 0.021484375
1 0.341796875 0.8046875 0.044921875 0.130859375
0 0.4970703125 0.2177734375 0.0263671875 0.05078125
2 0.33984375 0.1220703125 0.0087890625 0.021484375
2 0.412109375 0.2177734375 0.046875 0.103515625
2 0.2880859375 0.12109375 0.013671875 0.0400390625
0 0.3974609375 0.1513671875 0.013671875 0.0244140625
2 0.79296875 0.8037109375 0.1865234375 0.224609375
0 0.5537109375 0.3349609375 0.0908203125 0.171875