0 0.4384765625 0.2158203125 0.029296875 0.05078125
0 0.392578125 0.212890625 0.0283203125 0.056640625
1 0.302734375 0.259765625 0.009765625 0.0361328125
0 0.54296875 0.6220703125 0.0810546875 0.1767578125
0 0.443359375 0.3291015625 0.0380859375 0.080078125
1 0.3203125 0.2099609375 0.009765625 0.02734375
1 0.3447265625 0.7880859375 0.0380859375 0.1162109375
1 0.404296875 0.306640625 0.013671875 0.044921875
1 0.2744140625 0.7216796875 0.03515625 0.1015625
1 0.52734375 0.2880859375 0.0185546875 0.0361328125
2 0.359375 0.1240234375 0.013671875 0.03125
1 0.4228515625 0.2861328125 0.0146484375 0.0546875
1 0.3466796875 0.275390625 0.0146484375 0.037109375
1 0.3115234375 0.6240234375 0.0302734375 0.078125
0 0.3193359375 0.13671875 0.0166015625 0.0263671875
2 0.5 0.3916015625 0.0830078125 0.1845703125
1 0.306640625 0.171875 0.0068359375 0.01953125
1 0.3271484375 0.2568359375 0.013671875 0.0302734375
1 0.3212890625 0.2841796875 0.0126953125 0.04296875
1 0.9150390625 0.544921875 0.07421875 0.0888671875
2 0.373046875 0.1630859375 0.01953125 0.0439453125
1 0.3037109375 0.2275390625 0.0087890625 0.0322265625
1 0.3271484375 0.1494140625 0.005859375 0.0185546875
2 0.09375 0.580078125 0.185546875 0.248046875
2 0.3740234375 0.130859375 0.0224609375 0.0341796875
2 0.34375 0.4306640625 0.0947265625 0.2294921875
2 0.2890625 0.123046875 0.013671875 0.044921875
2 0.771484375 0.62890625 0.125 0.205078125
0 0.3994140625 0.1689453125 0.0244140625 0.0341796875