1 0.2939453125 0.3017578125 0.0126953125 0.0390625
1 0.3935546875 0.216796875 0.0107421875 0.029296875
1 0.306640625 0.26171875 0.0126953125 0.0400390625
0 0.4111328125 0.1875 0.021484375 0.046875
2 0.4365234375 0.63671875 0.1650390625 0.3681640625
1 0.279296875 0.259765625 0.013671875 0.0400390625
1 0.2919921875 0.20703125 0.009765625 0.0302734375
1 0.4345703125 0.2919921875 0.013671875 0.04296875
0 0.4501953125 0.2412109375 0.03515625 0.0634765625
1 0.30859375 0.2216796875 0.0107421875 0.0302734375
1 0.4814453125 0.2236328125 0.013671875 0.033203125
1 0.2744140625 0.34375 0.0126953125 0.0380859375
0 0.4775390625 0.4462890625 0.07421875 0.154296875
1 0.3896484375 0.158203125 0.005859375 0.0205078125
0 0.3193359375 0.1435546875 0.0146484375 0.0244140625
0 0.337890625 0.2080078125 0.0224609375 0.03515625
1 0.3173828125 0.720703125 0.0302734375 0.0810546875
2 0.3681640625 0.1455078125 0.0205078125 0.04296875
0 0.4365234375 0.1923828125 0.02734375 0.0498046875
1 0.2548828125 0.44140625 0.01953125 0.0625
0 0.3056640625 0.185546875 0.021484375 0.033203125
0 0.3857421875 0.1376953125 0.015625 0.0205078125
0 0.33984375 0.1669921875 0.017578125 0.0361328125