1 0.9150390625 0.5439453125 0.07421875 0.087890625
1 0.5771484375 0.302734375 0.0341796875 0.041015625
0 0.251953125 0.259765625 0.0537109375 0.064453125
1 0.697265625 0.5751953125 0.033203125 0.1083984375
1 0.2431640625 0.40234375 0.0166015625 0.05078125
0 0.4287109375 0.259765625 0.0361328125 0.0673828125
1 0.3740234375 0.1845703125 0.0087890625 0.0341796875
1 0.4443359375 0.4130859375 0.0185546875 0.068359375
1 0.4599609375 0.375 0.0185546875 0.0673828125
1 0.4755859375 0.55859375 0.0263671875 0.076171875
0 0.3798828125 0.146484375 0.017578125 0.044921875
1 0.28515625 0.244140625 0.0146484375 0.0322265625
0 0.3359375 0.2607421875 0.0400390625 0.0556640625
0 0.3125 0.1630859375 0.0185546875 0.029296875
0 0.3125 0.2333984375 0.02734375 0.044921875
1 0.4521484375 0.2412109375 0.01171875 0.041015625
0 0.3466796875 0.2109375 0.02734375 0.0419921875
0 0.4150390625 0.1611328125 0.01953125 0.0380859375
2 0.3662109375 0.1240234375 0.0224609375 0.0478515625
0 0.3955078125 0.20703125 0.0283203125 0.0458984375
1 0.974609375 0.630859375 0.0439453125 0.076171875
1 0.505859375 0.296875 0.017578125 0.052734375
0 0.34765625 0.3349609375 0.041015625 0.0693359375
2 0.318359375 0.134765625 0.0185546875 0.0390625
0 0.337890625 0.1474609375 0.0224609375 0.025390625
0 0.2451171875 0.1923828125 0.01953125 0.0400390625
0 0.1875 0.1650390625 0.02734375 0.0302734375