1 0.9775390625 0.6142578125 0.044921875 0.1103515625
1 0.9013671875 0.5341796875 0.05078125 0.08984375
1 0.5771484375 0.3017578125 0.0380859375 0.0419921875
1 0.509765625 0.5546875 0.029296875 0.083984375
1 0.4140625 0.25390625 0.0126953125 0.0390625
1 0.4619140625 0.1982421875 0.0078125 0.0244140625
1 0.421875 0.193359375 0.0078125 0.0322265625
0 0.376953125 0.5703125 0.0908203125 0.1484375
1 0.48046875 0.57421875 0.0283203125 0.0888671875
1 0.2978515625 0.2939453125 0.0126953125 0.0390625
2 0.3916015625 0.181640625 0.04296875 0.0947265625
0 0.3349609375 0.1396484375 0.013671875 0.0263671875
0 0.4765625 0.3603515625 0.060546875 0.0927734375
0 0.3369140625 0.1962890625 0.021484375 0.0380859375
1 0.3642578125 0.15234375 0.0068359375 0.0185546875
1 0.310546875 0.1953125 0.0068359375 0.0234375
0 0.3369140625 0.1630859375 0.0166015625 0.0283203125
1 0.4130859375 0.2138671875 0.0087890625 0.02734375
2 0.3544921875 0.123046875 0.009765625 0.0263671875
2 0.36328125 0.1318359375 0.013671875 0.025390625
2 0.341796875 0.2958984375 0.0439453125 0.1103515625
2 0.2880859375 0.119140625 0.013671875 0.037109375
0 0.435546875 0.212890625 0.0263671875 0.0400390625
0 0.37109375 0.1796875 0.0068359375 0.03515625