1 0.34765625 0.6162109375 0.0712890625 0.0908203125
0 0.3876953125 0.1533203125 0.01953125 0.03125
0 0.333984375 0.166015625 0.0185546875 0.0380859375
1 0.232421875 0.8564453125 0.0830078125 0.1240234375
1 0.12109375 0.931640625 0.103515625 0.1318359375
0 0.4248046875 0.3056640625 0.0439453125 0.095703125
0 0.3310546875 0.2060546875 0.025390625 0.037109375
0 0.46875 0.267578125 0.041015625 0.0712890625
2 0.3671875 0.1328125 0.0224609375 0.0458984375
0 0.4853515625 0.4365234375 0.068359375 0.1591796875
0 0.3330078125 0.2548828125 0.03515625 0.060546875
1 0.3056640625 0.462890625 0.0234375 0.0654296875
0 0.5419921875 0.564453125 0.07421875 0.2119140625
2 0.4033203125 0.232421875 0.041015625 0.1044921875
1 0.2568359375 0.22265625 0.0146484375 0.0419921875
1 0.751953125 0.5712890625 0.0322265625 0.0947265625
0 0.4404296875 0.2109375 0.0166015625 0.044921875
0 0.42578125 0.1845703125 0.0205078125 0.052734375
1 0.4619140625 0.58203125 0.0302734375 0.0966796875
2 0.2900390625 0.1220703125 0.0166015625 0.0439453125
0 0.978515625 0.595703125 0.041015625 0.12890625
0 0.322265625 0.1484375 0.0087890625 0.0244140625