1 0.916015625 0.541015625 0.0751953125 0.0927734375
0 0.2431640625 0.2626953125 0.048828125 0.0703125
0 0.40625 0.7314453125 0.1650390625 0.2978515625
0 0.4755859375 0.44140625 0.072265625 0.1552734375
0 0.291015625 0.267578125 0.037109375 0.0693359375
1 0.1435546875 0.5615234375 0.041015625 0.080078125
1 0.5751953125 0.302734375 0.03515625 0.0390625
0 0.4208984375 0.2021484375 0.0322265625 0.046875
0 0.4462890625 0.326171875 0.046875 0.11328125
2 0.33984375 0.25 0.052734375 0.115234375
1 0.9775390625 0.6376953125 0.0400390625 0.0654296875
0 0.416015625 0.162109375 0.017578125 0.03125
0 0.3427734375 0.390625 0.0517578125 0.1142578125
0 0.2783203125 0.3759765625 0.0498046875 0.09375
0 0.31640625 0.19921875 0.021484375 0.0380859375
1 0.3955078125 0.1796875 0.0078125 0.025390625
1 0.4287109375 0.16015625 0.0107421875 0.029296875
1 0.251953125 0.4111328125 0.021484375 0.0625
2 0.341796875 0.1708984375 0.029296875 0.0576171875
2 0.359375 0.12890625 0.017578125 0.0322265625
2 0.3134765625 0.16015625 0.0263671875 0.05859375
0 0.380859375 0.18359375 0.0244140625 0.052734375
0 0.52734375 0.576171875 0.0751953125 0.1796875
0 0.52734375 0.3349609375 0.0537109375 0.0947265625
0 0.2802734375 0.3203125 0.0400390625 0.046875
2 0.333984375 0.1376953125 0.0185546875 0.0263671875